{
  "1783608557.9079041": "[0.7670786491666068, -0.6390175776080268, 0.05698141364254891, 0.0, -0.6395149459037118, -0.7686938640906109, -0.011418286877581573, 0.0, 0.05109774905518205, -0.027681741589279624, -0.9983099424648034, 0.0, 0.45644042775670124, 0.08212649501270503, 0.47020642430934023, 1.0]",
  "1783608557.938323": "[0.7731119592259178, -0.6316256278572666, 0.057852957882691326, 0.0, -0.6322847017984737, -0.7746903130799876, -0.008424647864761992, 0.0, 0.05013934955180218, -0.030066344206502567, -0.9982895674966146, 0.0, 0.4559181594259927, 0.08609412380079984, 0.46950855367979094, 1.0]",
  "1783608557.973883": "[0.7800872415587126, -0.6230004952213494, 0.05774321181985187, 0.0, -0.6237692461453545, -0.7815870591344272, -0.005796253691309908, 0.0, 0.048742416031368946, -0.03149685615345207, -0.9983146422505653, 0.0, 0.45513654902406314, 0.09122716650672236, 0.4685480059253615, 1.0]",
  "1783608558.0061932": "[0.7800872415587126, -0.6230004952213494, 0.05774321181985187, 0.0, -0.6237692461453545, -0.7815870591344272, -0.005796253691309908, 0.0, 0.048742416031368946, -0.03149685615345207, -0.9983146422505653, 0.0, 0.45513654902406314, 0.09122716650672236, 0.4685480059253615, 1.0]",
  "1783608558.03977": "[0.7756918375682242, -0.6283920297154257, 0.05852888278584306, 0.0, -0.6290908901433925, -0.7772914808384128, -0.007912379832972995, 0.0, 0.05046607839554715, -0.030682418518667716, -0.9982543584303649, 0.0, 0.45551996979867543, 0.08803259903464927, 0.4695047491110703, 1.0]",
  "1783608558.0716956": "[0.7756918375682242, -0.6283920297154257, 0.05852888278584306, 0.0, -0.6290908901433925, -0.7772914808384128, -0.007912379832972995, 0.0, 0.05046607839554715, -0.030682418518667716, -0.9982543584303649, 0.0, 0.45551996979867543, 0.08803259903464927, 0.4695047491110703, 1.0]",
  "1783608558.1051033": "[0.7691533145079578, -0.6363922359106835, 0.058378941871393815, 0.0, -0.636992629955071, -0.7708039418658863, -0.010083282547544113, 0.0, 0.05141564124218056, -0.029431365524089557, -0.9982435707576798, 0.0, 0.4563519409448164, 0.08317748271966705, 0.47020985482662603, 1.0]",
  "1783608558.1383672": "[0.7691533145079578, -0.6363922359106835, 0.058378941871393815, 0.0, -0.636992629955071, -0.7708039418658863, -0.010083282547544113, 0.0, 0.05141564124218056, -0.029431365524089557, -0.9982435707576798, 0.0, 0.4563519409448164, 0.08317748271966705, 0.47020985482662603, 1.0]",
  "1783608558.1715524": "[0.7668635040993025, -0.6391989955633214, 0.0578360627237043, 0.0, -0.6397715581304645, -0.7684943253910259, -0.01043193410207671, 0.0, 0.051114767805956376, -0.02900199842482401, -0.9982715885967657, 0.0, 0.4566575257564459, 0.08145061256432204, 0.4701701984802543, 1.0]",
  "1783608558.206592": "[0.7668635040993025, -0.6391989955633214, 0.0578360627237043, 0.0, -0.6397715581304645, -0.7684943253910259, -0.01043193410207671, 0.0, 0.051114767805956376, -0.02900199842482401, -0.9982715885967657, 0.0, 0.4566575257564459, 0.08145061256432204, 0.4701701984802543, 1.0]",
  "1783608558.2382283": "[0.7673929189465858, -0.6385510895948342, 0.05797080237402999, 0.0, -0.6391305924485026, -0.7690286343960935, -0.010346268665836744, 0.0, 0.05118782811435704, -0.029111259954346783, -0.9982646647041082, 0.0, 0.4565909958719508, 0.08185326972358742, 0.47017920273687974, 1.0]",
  "1783608558.2745922": "[0.7673929189465858, -0.6385510895948342, 0.05797080237402999, 0.0, -0.6391305924485026, -0.7690286343960935, -0.010346268665836744, 0.0, 0.05118782811435704, -0.029111259954346783, -0.9982646647041082, 0.0, 0.4565909958719508, 0.08185326972358742, 0.47017920273687974, 1.0]",
  "1783608558.3053212": "[0.7679150030423084, -0.6379120253907631, 0.05809299410760181, 0.0, -0.6385005041331571, -0.7695536176371474, -0.010214489869009465, 0.0, 0.051221619695551696, -0.029248546005472238, -0.998258918433655, 0.0, 0.4565234674136285, 0.08225261076934931, 0.47016901636489505, 1.0]",
  "1783608558.3386009": "[0.7679150030423084, -0.6379120253907631, 0.05809299410760181, 0.0, -0.6385005041331571, -0.7695536176371474, -0.010214489869009465, 0.0, 0.051221619695551696, -0.029248546005472238, -0.998258918433655, 0.0, 0.4565234674136285, 0.08225261076934931, 0.47016901636489505, 1.0]",
  "1783608558.3715668": "[0.7679833252957688, -0.6378318647784474, 0.058069995185997036, 0.0, -0.6384217830049367, -0.7696195161721548, -0.010169921913980553, 0.0, 0.051178501858211795, -0.02926281941623522, -0.9982607116116322, 0.0, 0.4565165456489029, 0.08230108258631695, 0.4701466844057701, 1.0]",
  "1783608558.40656": "[0.7679833252957688, -0.6378318647784474, 0.058069995185997036, 0.0, -0.6384217830049367, -0.7696195161721548, -0.010169921913980553, 0.0, 0.051178501858211795, -0.02926281941623522, -0.9982607116116322, 0.0, 0.4565165456489029, 0.08230108258631695, 0.4701466844057701, 1.0]",
  "1783608558.4382153": "[0.7679896559937984, -0.6378226387744605, 0.05808760412782677, 0.0, -0.6384125725763217, -0.7696270321104524, -0.010179323225985913, 0.0, 0.051198393168242685, -0.029266241843466247, -0.9982595913014558, 0.0, 0.4565147438112068, 0.082307445474982, 0.47015406587314246, 1.0]",
  "1783608558.4728105": "[0.7679896559937984, -0.6378226387744605, 0.05808760412782677, 0.0, -0.6384125725763217, -0.7696270321104524, -0.010179323225985913, 0.0, 0.051198393168242685, -0.029266241843466247, -0.9982595913014558, 0.0, 0.4565147438112068, 0.082307445474982, 0.47015406587314246, 1.0]",
  "1783608558.5048892": "[0.7679916463107657, -0.6378208665383538, 0.058080749006389466, 0.0, -0.6384105803184328, -0.7696286808700687, -0.0101796129434891, 0.0, 0.05119337979037435, -0.029261506975221768, -0.9982599872153433, 0.0, 0.4565157827208272, 0.08230669985848249, 0.47015164567168133, 1.0]",
  "1783608558.5382605": "[0.7679916463107657, -0.6378208665383538, 0.058080749006389466, 0.0, -0.6384105803184328, -0.7696286808700687, -0.0101796129434891, 0.0, 0.05119337979037435, -0.029261506975221768, -0.9982599872153433, 0.0, 0.4565157827208272, 0.08230669985848249, 0.47015164567168133, 1.0]",
  "1783608558.572074": "[0.7679950544490954, -0.6378158019643252, 0.05809129974734384, 0.0, -0.6384054639896708, -0.7696328343405021, -0.010186454394894386, 0.0, 0.05120605325412449, -0.029262656571315937, -0.9982593035081246, 0.0, 0.45651529295639365, 0.08231101696205598, 0.4701569381131514, 1.0]",
  "1783608558.6054833": "[0.7679950544490954, -0.6378158019643252, 0.05809129974734384, 0.0, -0.6384054639896708, -0.7696328343405021, -0.010186454394894386, 0.0, 0.05120605325412449, -0.029262656571315937, -0.9982593035081246, 0.0, 0.45651529295639365, 0.08231101696205598, 0.4701569381131514, 1.0]",
  "1783608558.6382275": "[0.7679912677230204, -0.6378216385907253, 0.05807727650837524, 0.0, -0.6384111921341357, -0.7696281579196316, -0.010180780672729237, 0.0, 0.051191429546942877, -0.029258432676356323, -0.9982601773376836, 0.0, 0.4565170049635073, 0.08230723976173573, 0.47015098303395386, 1.0]",
  "1783608558.6732903": "[0.7679912677230204, -0.6378216385907253, 0.05807727650837524, 0.0, -0.6384111921341357, -0.7696281579196316, -0.010180780672729237, 0.0, 0.051191429546942877, -0.029258432676356323, -0.9982601773376836, 0.0, 0.4565170049635073, 0.08230723976173573, 0.47015098303395386, 1.0]",
  "1783608558.7065904": "[0.7679952162268298, -0.6378155069902218, 0.0580923996363681, 0.0, -0.6384054098512741, -0.7696329332044949, -0.01018237691663356, 0.0, 0.05120430182447387, -0.029266485437306512, -0.998259281101266, 0.0, 0.45651313529042664, 0.0823131665954407, 0.4701571578814363, 1.0]",
  "1783608558.73847": "[0.7679952162268298, -0.6378155069902218, 0.0580923996363681, 0.0, -0.6384054098512741, -0.7696329332044949, -0.01018237691663356, 0.0, 0.05120430182447387, -0.029266485437306512, -0.998259281101266, 0.0, 0.45651313529042664, 0.0823131665954407, 0.4701571578814363, 1.0]",
  "1783608558.771537": "[0.7679865958867843, -0.6378270935820429, 0.05807914626535809, 0.0, -0.638416721194984, -0.769623573437306, -0.010180633980113148, 0.0, 0.05119256427329103, -0.0292601076941774, -0.9982600700523134, 0.0, 0.4565162092771482, 0.0823060814443041, 0.47015107895069713, 1.0]",
  "1783608558.8052208": "[0.7679865958867843, -0.6378270935820429, 0.05807914626535809, 0.0, -0.638416721194984, -0.769623573437306, -0.010180633980113148, 0.0, 0.05119256427329103, -0.0292601076941774, -0.9982600700523134, 0.0, 0.4565162092771482, 0.0823060814443041, 0.47015107895069713, 1.0]",
  "1783608558.8382525": "[0.7679928370793401, -0.6378192025225047, 0.05808327718356118, 0.0, -0.6384087107690855, -0.7696301604021729, -0.010184999434480578, 0.0, 0.051198830152460614, -0.02925886349266251, -0.9982597851752508, 0.0, 0.45651384508996945, 0.08231000321481599, 0.47015402261298334, 1.0]",
  "1783608558.8746834": "[0.7679928370793401, -0.6378192025225047, 0.05808327718356118, 0.0, -0.6384087107690855, -0.7696301604021729, -0.010184999434480578, 0.0, 0.051198830152460614, -0.02925886349266251, -0.9982597851752508, 0.0, 0.45651384508996945, 0.08231000321481599, 0.47015402261298334, 1.0]",
  "1783608558.9049253": "[0.7679905943686006, -0.6378226578550226, 0.058074986768128646, 0.0, -0.6384121567991674, -0.7696273604268113, -0.010180576284967331, 0.0, 0.05118950099775053, -0.02925719072661718, -0.9982603126331264, 0.0, 0.4565154137543463, 0.08230852590332971, 0.4701499448957336, 1.0]",
  "1783608558.938736": "[0.7679905943686006, -0.6378226578550226, 0.058074986768128646, 0.0, -0.6384121567991674, -0.7696273604268113, -0.010180576284967331, 0.0, 0.05118950099775053, -0.02925719072661718, -0.9982603126331264, 0.0, 0.4565154137543463, 0.08230852590332971, 0.4701499448957336, 1.0]",
  "1783608558.9716265": "[0.7679907582353759, -0.6378219049293515, 0.05808108863774543, 0.0, -0.6384111812094712, -0.7696280664018829, -0.010188381285857764, 0.0, 0.05119920870267676, -0.029255033734238038, -0.9982598780024305, 0.0, 0.4565147554743171, 0.08230924309943735, 0.47015422276246777, 1.0]",
  "1783608559.004945": "[0.7679907582353759, -0.6378219049293515, 0.05808108863774543, 0.0, -0.6384111812094712, -0.7696280664018829, -0.010188381285857764, 0.0, 0.05119920870267676, -0.029255033734238038, -0.9982598780024305, 0.0, 0.4565147554743171, 0.08230924309943735, 0.47015422276246777, 1.0]",
  "1783608559.0383632": "[0.7679944697704799, -0.6378178230701056, 0.058076836829073615, 0.0, -0.6384070724840486, -0.7696315021352036, -0.01018630077393151, 0.0, 0.051194767352787364, -0.029253640717384503, -0.9982601466053187, 0.0, 0.45651483806055027, 0.08231181624522749, 0.47015216343706123, 1.0]",
  "1783608559.0716434": "[0.7679944697704799, -0.6378178230701056, 0.058076836829073615, 0.0, -0.6384070724840486, -0.7696315021352036, -0.01018630077393151, 0.0, 0.051194767352787364, -0.029253640717384503, -0.9982601466053187, 0.0, 0.45651483806055027, 0.08231181624522749, 0.47015216343706123, 1.0]",
  "1783608559.1049662": "[0.7679908060380491, -0.6378220658293687, 0.058078689570134776, 0.0, -0.638411509678382, -0.7696278552727007, -0.010183746781641214, 0.0, 0.051194395701061365, -0.02925707998929181, -0.9982600648725279, 0.0, 0.456514682429317, 0.08230846208309645, 0.470152169967462, 1.0]",
  "1783608559.1384215": "[0.7679908060380491, -0.6378220658293687, 0.058078689570134776, 0.0, -0.638411509678382, -0.7696278552727007, -0.010183746781641214, 0.0, 0.051194395701061365, -0.02925707998929181, -0.9982600648725279, 0.0, 0.456514682429317, 0.08230846208309645, 0.470152169967462, 1.0]",
  "1783608559.174634": "[0.7679884063215741, -0.6378253814867015, 0.05807400870434682, 0.0, -0.6384147464894147, -0.7696251836082582, -0.010182741321048917, 0.0, 0.051190030479628924, -0.029255076265472434, -0.9982603474506015, 0.0, 0.4565151934907672, 0.08230705147795675, 0.47015007187386126, 1.0]",
  "1783608559.204933": "[0.7679884063215741, -0.6378253814867015, 0.05807400870434682, 0.0, -0.6384147464894147, -0.7696251836082582, -0.010182741321048917, 0.0, 0.051190030479628924, -0.029255076265472434, -0.9982603474506015, 0.0, 0.4565151934907672, 0.08230705147795675, 0.47015007187386126, 1.0]",
  "1783608559.2382388": "[0.767990815006452, -0.637821633558307, 0.05808331800730911, 0.0, -0.6384109117333602, -0.7696282736723108, -0.010189609607753843, 0.0, 0.05120171721246412, -0.029255497418288465, -0.9982597357528267, 0.0, 0.4565152481724447, 0.08230918641334103, 0.4701550633116658, 1.0]",
  "1783608559.2715564": "[0.767990815006452, -0.637821633558307, 0.05808331800730911, 0.0, -0.6384109117333602, -0.7696282736723108, -0.010189609607753843, 0.0, 0.05120171721246412, -0.029255497418288465, -0.9982597357528267, 0.0, 0.4565152481724447, 0.08230918641334103, 0.4701550633116658, 1.0]",
  "1783608559.3049173": "[0.7679855469900544, -0.6378285957843446, 0.058076518612586, 0.0, -0.6384178191311858, -0.7696225774539367, -0.010187074601660842, 0.0, 0.051194607432497666, -0.029253558295193875, -0.9982601572220049, 0.0, 0.45651580319800267, 0.08230828063155064, 0.47015183039435293, 1.0]",
  "1783608559.3383002": "[0.7679855469900544, -0.6378285957843446, 0.058076518612586, 0.0, -0.6384178191311858, -0.7696225774539367, -0.010187074601660842, 0.0, 0.051194607432497666, -0.029253558295193875, -0.9982601572220049, 0.0, 0.45651580319800267, 0.08230828063155064, 0.47015183039435293, 1.0]",
  "1783608559.3715324": "[0.7679909442951689, -0.6378216632872905, 0.05808128202828428, 0.0, -0.6384108350863799, -0.7696283252098968, -0.010190519070215622, 0.0, 0.05120073363659789, -0.0292534933989717, -0.9982598449296809, 0.0, 0.45651559446956674, 0.08230909057714009, 0.4701545307385847, 1.0]",
  "1783608559.4049234": "[0.7679909442951689, -0.6378216632872905, 0.05808128202828428, 0.0, -0.6384108350863799, -0.7696283252098968, -0.010190519070215622, 0.0, 0.05120073363659789, -0.0292534933989717, -0.9982598449296809, 0.0, 0.45651559446956674, 0.08230909057714009, 0.4701545307385847, 1.0]",
  "1783608559.438216": "[0.767992943471588, -0.6378197639206808, 0.058075705161567306, 0.0, -0.6384089738224747, -0.7696299222884495, -0.010186503875703284, 0.0, 0.05119395394752213, -0.02925288824102668, -0.9982602103704108, 0.0, 0.45651541565559967, 0.08231138209017541, 0.4701524624588258, 1.0]",
  "1783608559.4716594": "[0.767992943471588, -0.6378197639206808, 0.058075705161567306, 0.0, -0.6384089738224747, -0.7696299222884495, -0.010186503875703284, 0.0, 0.05119395394752213, -0.02925288824102668, -0.9982602103704108, 0.0, 0.45651541565559967, 0.08231138209017541, 0.4701524624588258, 1.0]",
  "1783608559.5048788": "[0.7679903709193373, -0.6378224894016968, 0.05807979156816085, 0.0, -0.6384115921475311, -0.7696276902408359, -0.010191046374647602, 0.0, 0.051199894402558684, -0.029252186721304543, -0.9982599262642915, 0.0, 0.4565156629898156, 0.08230871497864424, 0.47015504587146306, 1.0]",
  "1783608559.5384037": "[0.7679903709193373, -0.6378224894016968, 0.05807979156816085, 0.0, -0.6384115921475311, -0.7696276902408359, -0.010191046374647602, 0.0, 0.051199894402558684, -0.029252186721304543, -0.9982599262642915, 0.0, 0.4565156629898156, 0.08230871497864424, 0.47015504587146306, 1.0]",
  "1783608559.5715501": "[0.7679907903692821, -0.6378223586063104, 0.05807568139805681, 0.0, -0.6384116192810428, -0.7696277397258511, -0.010185608054254256, 0.0, 0.05119326396042898, -0.029253736622204925, -0.9982602208936893, 0.0, 0.4565148723207383, 0.08230951278711218, 0.470151409216372, 1.0]",
  "1783608559.604976": "[0.7679907903692821, -0.6378223586063104, 0.05807568139805681, 0.0, -0.6384116192810428, -0.7696277397258511, -0.010185608054254256, 0.0, 0.05119326396042898, -0.029253736622204925, -0.9982602208936893, 0.0, 0.4565148723207383, 0.08230951278711218, 0.470151409216372, 1.0]",
  "1783608559.6392105": "[0.7679900603514099, -0.6378224187532994, 0.05808467385746868, 0.0, -0.6384115590996285, -0.769627690383448, -0.01019310566119251, 0.0, 0.05120496469502925, -0.029253723365232492, -0.9982596211706904, 0.0, 0.45651561397851986, 0.08231132444698208, 0.47015539360545133, 1.0]",
  "1783608559.6716204": "[0.7679900603514099, -0.6378224187532994, 0.05808467385746868, 0.0, -0.6384115590996285, -0.769627690383448, -0.01019310566119251, 0.0, 0.05120496469502925, -0.029253723365232492, -0.9982596211706904, 0.0, 0.45651561397851986, 0.08231132444698208, 0.47015539360545133, 1.0]",
  "1783608559.704894": "[0.7679919363541793, -0.6378206074462845, 0.0580797590543456, 0.0, -0.6384097749408703, -0.7696292156206519, -0.010189687094659453, 0.0, 0.05119907181683573, -0.029253088383834048, -0.9982599420316842, 0.0, 0.4565160200608979, 0.08231096286261108, 0.47015257691237483, 1.0]",
  "1783608559.7388773": "[0.7679919363541793, -0.6378206074462845, 0.0580797590543456, 0.0, -0.6384097749408703, -0.7696292156206519, -0.010189687094659453, 0.0, 0.05119907181683573, -0.029253088383834048, -0.9982599420316842, 0.0, 0.4565160200608979, 0.08231096286261108, 0.47015257691237483, 1.0]",
  "1783608559.7715914": "[0.7679931544736996, -0.6378188643347371, 0.05808279418452875, 0.0, -0.6384079849817723, -0.7696306662481389, -0.010192265791220786, 0.0, 0.051203118977746626, -0.029252929241221973, -0.9982597391149053, 0.0, 0.456515692132876, 0.08231217696830108, 0.4701557801018462, 1.0]",
  "1783608559.8049037": "[0.7679931544736996, -0.6378188643347371, 0.05808279418452875, 0.0, -0.6384079849817723, -0.7696306662481389, -0.010192265791220786, 0.0, 0.051203118977746626, -0.029252929241221973, -0.9982597391149053, 0.0, 0.456515692132876, 0.08231217696830108, 0.4701557801018462, 1.0]",
  "1783608559.8390825": "[0.7679953521096848, -0.6378164985310519, 0.05807971538764533, 0.0, -0.6384057537720587, -0.7696325764158976, -0.010187780433317997, 0.0, 0.05119797543507756, -0.02925425645981414, -0.9982599640325827, 0.0, 0.4565151900026296, 0.08231186195222845, 0.4701523963439965, 1.0]",
  "1783608559.871546": "[0.7679953521096848, -0.6378164985310519, 0.05807971538764533, 0.0, -0.6384057537720587, -0.7696325764158976, -0.010187780433317997, 0.0, 0.05119797543507756, -0.02925425645981414, -0.9982599640325827, 0.0, 0.4565151900026296, 0.08231186195222845, 0.4701523963439965, 1.0]",
  "1783608559.905025": "[0.7679917088363812, -0.6378034113771518, 0.05827129305449432, 0.0, -0.6383841734941149, -0.7696468047032821, -0.01046150286833911, 0.0, 0.05152069672287863, -0.02916512379017425, -0.9982459683682643, 0.0, 0.4564520357311609, 0.08226747784648475, 0.4701925937873714, 1.0]",
  "1783608559.939208": "[0.7679917088363812, -0.6378034113771518, 0.05827129305449432, 0.0, -0.6383841734941149, -0.7696468047032821, -0.01046150286833911, 0.0, 0.05152069672287863, -0.02916512379017425, -0.9982459683682643, 0.0, 0.4564520357311609, 0.08226747784648475, 0.4701925937873714, 1.0]",
  "1783608559.9721093": "[0.7680500825642714, -0.6376004553829677, 0.05970535962916604, 0.0, -0.6381724591318234, -0.7698087059996357, -0.011422284045111027, 0.0, 0.0532445591460476, -0.0293294299739747, -0.9981506907570341, 0.0, 0.45560648333851916, 0.08158707496706366, 0.4701539914437988, 1.0]",
  "1783608560.0049262": "[0.7680500825642714, -0.6376004553829677, 0.05970535962916604, 0.0, -0.6381724591318234, -0.7698087059996357, -0.011422284045111027, 0.0, 0.0532445591460476, -0.0293294299739747, -0.9981506907570341, 0.0, 0.45560648333851916, 0.08158707496706366, 0.4701539914437988, 1.0]",
  "1783608560.0386043": "[0.7676328634994839, -0.6379759974415129, 0.06104435734848418, 0.0, -0.6385544911010714, -0.7694822186340882, -0.012053095063632, 0.0, 0.05466213287308172, -0.029727796663525936, -0.9980622772829848, 0.0, 0.45453566489688924, 0.08060516340125559, 0.46979510151200987, 1.0]",
  "1783608560.071552": "[0.7676328634994839, -0.6379759974415129, 0.06104435734848418, 0.0, -0.6385544911010714, -0.7694822186340882, -0.012053095063632, 0.0, 0.05466213287308172, -0.029727796663525936, -0.9980622772829848, 0.0, 0.45453566489688924, 0.08060516340125559, 0.46979510151200987, 1.0]",
  "1783608560.105602": "[0.7672128642162236, -0.6384780124551016, 0.06107576108835292, 0.0, -0.6390723974804332, -0.7690560368060455, -0.011801823197694886, 0.0, 0.05450588738613233, -0.02997732248819889, -0.9980633588989674, 0.0, 0.45356913208209826, 0.07954410967178047, 0.468765416759403, 1.0]",
  "1783608560.138313": "[0.7672128642162236, -0.6384780124551016, 0.06107576108835292, 0.0, -0.6390723974804332, -0.7690560368060455, -0.011801823197694886, 0.0, 0.05450588738613233, -0.02997732248819889, -0.9980633588989674, 0.0, 0.45356913208209826, 0.07954410967178047, 0.468765416759403, 1.0]",
  "1783608560.1742508": "[0.7668559083192699, -0.6389133025632665, 0.06100661999756592, 0.0, -0.6395246733737077, -0.7686849901884518, -0.011470745626700276, 0.0, 0.054223685065477784, -0.030218829670914712, -0.9980714474982442, 0.0, 0.45257679097267606, 0.07835706648986801, 0.46751589971044893, 1.0]",
  "1783608560.2048926": "[0.7668559083192699, -0.6389133025632665, 0.06100661999756592, 0.0, -0.6395246733737077, -0.7686849901884518, -0.011470745626700276, 0.0, 0.054223685065477784, -0.030218829670914712, -0.9980714474982442, 0.0, 0.45257679097267606, 0.07835706648986801, 0.46751589971044893, 1.0]",
  "1783608560.2397301": "[0.7667049023345194, -0.639126573016009, 0.06066973216544974, 0.0, -0.639766949141098, -0.7684937509266689, -0.01075200322497934, 0.0, 0.053496201013781, -0.03057087587018911, -0.9980999839823774, 0.0, 0.4514800296758724, 0.07714427621943543, 0.46615656580137066, 1.0]",
  "1783608560.2716246": "[0.7667049023345194, -0.639126573016009, 0.06066973216544974, 0.0, -0.639766949141098, -0.7684937509266689, -0.01075200322497934, 0.0, 0.053496201013781, -0.03057087587018911, -0.9980999839823774, 0.0, 0.4514800296758724, 0.07714427621943543, 0.46615656580137066, 1.0]",
  "1783608560.3049304": "[0.7667302726119584, -0.6391000008644312, 0.06062901908719889, 0.0, -0.6397543060160933, -0.7685082105189296, -0.010467010024761258, 0.0, 0.05328336508009421, -0.030762302580850113, -0.9981054872836161, 0.0, 0.4505464605146465, 0.07605435081241001, 0.4650257939121868, 1.0]",
  "1783608560.3383217": "[0.7667302726119584, -0.6391000008644312, 0.06062901908719889, 0.0, -0.6397543060160933, -0.7685082105189296, -0.010467010024761258, 0.0, 0.05328336508009421, -0.030762302580850113, -0.9981054872836161, 0.0, 0.4505464605146465, 0.07605435081241001, 0.4650257939121868, 1.0]",
  "1783608560.3716128": "[0.7666350627786801, -0.639202465537159, 0.060752683640695554, 0.0, -0.6398696917308534, -0.7684143821044462, -0.010301212516275395, 0.0, 0.05326779629937742, -0.030976530248882604, -0.9980996926415462, 0.0, 0.44950949547082664, 0.0748821282596312, 0.46385693619166335, 1.0]",
  "1783608560.4054043": "[0.7666350627786801, -0.639202465537159, 0.060752683640695554, 0.0, -0.6398696917308534, -0.7684143821044462, -0.010301212516275395, 0.0, 0.05326779629937742, -0.030976530248882604, -0.9980996926415462, 0.0, 0.44950949547082664, 0.0748821282596312, 0.46385693619166335, 1.0]",
  "1783608560.4382262": "[0.7661204208887714, -0.6397874026095483, 0.061086661059020074, 0.0, -0.6404621929669805, -0.7679195479091618, -0.010380140601887636, 0.0, 0.053550724338126486, -0.031171259216087866, -0.9980784901608419, 0.0, 0.4484919593644686, 0.07377742610413185, 0.4628856723973099, 1.0]",
  "1783608560.472557": "[0.7661204208887714, -0.6397874026095483, 0.061086661059020074, 0.0, -0.6404621929669805, -0.7679195479091618, -0.010380140601887636, 0.0, 0.053550724338126486, -0.031171259216087866, -0.9980784901608419, 0.0, 0.4484919593644686, 0.07377742610413185, 0.4628856723973099, 1.0]",
  "1783608560.5048807": "[0.7657467088135941, -0.640191073483877, 0.06154159059294771, 0.0, -0.6408736706892996, -0.7675742989826155, -0.010518258343012492, 0.0, 0.05397143835745086, -0.031386063354747515, -0.998049096421975, 0.0, 0.4474597978767986, 0.07275021949230528, 0.46189074081711573, 1.0]",
  "1783608560.53894": "[0.7657467088135941, -0.640191073483877, 0.06154159059294771, 0.0, -0.6408736706892996, -0.7675742989826155, -0.010518258343012492, 0.0, 0.05397143835745086, -0.031386063354747515, -0.998049096421975, 0.0, 0.4474597978767986, 0.07275021949230528, 0.46189074081711573, 1.0]",
  "1783608560.5715501": "[0.7656048053291589, -0.6403648816265778, 0.06149878402277333, 0.0, -0.641063665419734, -0.767419911262968, -0.010200817406152944, 0.0, 0.0537276366083226, -0.03161484108005962, -0.998055029989813, 0.0, 0.44635896584063184, 0.07165835878595658, 0.4608018877678016, 1.0]",
  "1783608560.6061478": "[0.7656048053291589, -0.6403648816265778, 0.06149878402277333, 0.0, -0.641063665419734, -0.767419911262968, -0.010200817406152944, 0.0, 0.0537276366083226, -0.03161484108005962, -0.998055029989813, 0.0, 0.44635896584063184, 0.07165835878595658, 0.4608018877678016, 1.0]",
  "1783608560.6384947": "[0.7656693571854034, -0.6402810703957265, 0.06156773798178781, 0.0, -0.6409818685330904, -0.7674882383829891, -0.010200399776688273, 0.0, 0.053783637652350065, -0.03165367019287102, -0.9980507830186807, 0.0, 0.4453369174426683, 0.07048261301716932, 0.4597595577652281, 1.0]",
  "1783608560.671649": "[0.7656693571854034, -0.6402810703957265, 0.06156773798178781, 0.0, -0.6409818685330904, -0.7674882383829891, -0.010200399776688273, 0.0, 0.053783637652350065, -0.03165367019287102, -0.9980507830186807, 0.0, 0.4453369174426683, 0.07048261301716932, 0.4597595577652281, 1.0]",
  "1783608560.7050886": "[0.7657075456850662, -0.6402493396878652, 0.061422613996840805, 0.0, -0.6409645267029946, -0.7675073621639423, -0.009845025777157996, 0.0, 0.053445579698964754, -0.03183130618431193, -0.998063293562709, 0.0, 0.4442345541880372, 0.06935315999500903, 0.4585757250553364, 1.0]",
  "1783608560.7383432": "[0.7657075456850662, -0.6402493396878652, 0.061422613996840805, 0.0, -0.6409645267029946, -0.7675073621639423, -0.009845025777157996, 0.0, 0.053445579698964754, -0.03183130618431193, -0.998063293562709, 0.0, 0.4442345541880372, 0.06935315999500903, 0.4585757250553364, 1.0]",
  "1783608560.7720892": "[0.7655318923130534, -0.6404347721081948, 0.06167839594477496, 0.0, -0.6411561335132673, -0.7673467167026169, -0.00989084546598341, 0.0, 0.05366315598167149, -0.03197372421910202, -0.9980470663499033, 0.0, 0.44320476645546103, 0.0682294910316276, 0.45762913666309013, 1.0]",
  "1783608560.8053737": "[0.7655318923130534, -0.6404347721081948, 0.06167839594477496, 0.0, -0.6411561335132673, -0.7673467167026169, -0.00989084546598341, 0.0, 0.05366315598167149, -0.03197372421910202, -0.9980470663499033, 0.0, 0.44320476645546103, 0.0682294910316276, 0.45762913666309013, 1.0]",
  "1783608560.8387642": "[0.7652031439456645, -0.6408156443939005, 0.061801766930247325, 0.0, -0.6415380779215235, -0.7670265086974957, -0.009961402114536251, 0.0, 0.05378701583493727, -0.032025690552434725, -0.9980387327514957, 0.0, 0.44210459738169294, 0.06705239391355522, 0.4565052171615455, 1.0]",
  "1783608560.8716307": "[0.7652031439456645, -0.6408156443939005, 0.061801766930247325, 0.0, -0.6415380779215235, -0.7670265086974957, -0.009961402114536251, 0.0, 0.05378701583493727, -0.032025690552434725, -0.9980387327514957, 0.0, 0.44210459738169294, 0.06705239391355522, 0.4565052171615455, 1.0]",
  "1783608560.905556": "[0.7650406780639437, -0.6410500394982523, 0.06138084201728034, 0.0, -0.6417669587257728, -0.7668368031491117, -0.009822831766984001, 0.0, 0.05336601535934172, -0.031877330429935645, -0.9980660820854133, 0.0, 0.4410962550241307, 0.06589627973100924, 0.4553080293720723, 1.0]",
  "1783608560.938571": "[0.7650406780639437, -0.6410500394982523, 0.06138084201728034, 0.0, -0.6417669587257728, -0.7668368031491117, -0.009822831766984001, 0.0, 0.05336601535934172, -0.031877330429935645, -0.9980660820854133, 0.0, 0.4410962550241307, 0.06589627973100924, 0.4553080293720723, 1.0]",
  "1783608560.9735823": "[0.7647879566131318, -0.6413650364649384, 0.06123945966318359, 0.0, -0.6420724118796086, -0.7665796750718012, -0.009930743673771645, 0.0, 0.05331415686862845, -0.03172525440623168, -0.9980736991376173, 0.0, 0.4400489652563209, 0.06469908571377977, 0.4540999818937635, 1.0]",
  "1783608561.0066094": "[0.7647879566131318, -0.6413650364649384, 0.06123945966318359, 0.0, -0.6420724118796086, -0.7665796750718012, -0.009930743673771645, 0.0, 0.05331415686862845, -0.03172525440623168, -0.9980736991376173, 0.0, 0.4400489652563209, 0.06469908571377977, 0.4540999818937635, 1.0]",
  "1783608561.0382736": "[0.764444426578795, -0.6417785507506326, 0.06119649065947458, 0.0, -0.6424845909813195, -0.7662340260392306, -0.009948250664257481, 0.0, 0.053275407311292544, -0.03171291749634423, -0.9980761603403252, 0.0, 0.4389637965037119, 0.06353837397407891, 0.4530002470010096, 1.0]",
  "1783608561.071743": "[0.764444426578795, -0.6417785507506326, 0.06119649065947458, 0.0, -0.6424845909813195, -0.7662340260392306, -0.009948250664257481, 0.0, 0.053275407311292544, -0.03171291749634423, -0.9980761603403252, 0.0, 0.4389637965037119, 0.06353837397407891, 0.4530002470010096, 1.0]",
  "1783608561.1049044": "[0.764236994721911, -0.6419936317905558, 0.061530420434076034, 0.0, -0.6427035019257695, -0.7660486259510031, -0.010085201581163016, 0.0, 0.053609929218142165, -0.03183833254039291, -0.9980542550734772, 0.0, 0.43789584885297433, 0.06244424494701639, 0.4520076313844065, 1.0]",
  "1783608561.1390963": "[0.764236994721911, -0.6419936317905558, 0.061530420434076034, 0.0, -0.6427035019257695, -0.7660486259510031, -0.010085201581163016, 0.0, 0.053609929218142165, -0.03183833254039291, -0.9980542550734772, 0.0, 0.43789584885297433, 0.06244424494701639, 0.4520076313844065, 1.0]",
  "1783608561.171568": "[0.7641484844206705, -0.6420997523025288, 0.06152236870133864, 0.0, -0.6428167830629056, -0.7659553173050433, -0.009951648345256203, 0.0, 0.05351333637748259, -0.031943074134489505, -0.9980560920332029, 0.0, 0.43680660112116504, 0.061350694918618214, 0.45094635708466285, 1.0]",
  "1783608561.2049713": "[0.7641484844206705, -0.6420997523025288, 0.06152236870133864, 0.0, -0.6428167830629056, -0.7659553173050433, -0.009951648345256203, 0.0, 0.05351333637748259, -0.031943074134489505, -0.9980560920332029, 0.0, 0.43680660112116504, 0.061350694918618214, 0.45094635708466285, 1.0]",
  "1783608561.2382307": "[0.7645105508337469, -0.6416509332845016, 0.06170654324307242, 0.0, -0.6423687120683615, -0.7663301365618811, -0.010027938605884187, 0.0, 0.05372201987561057, -0.03197188784193157, -0.9980439584348515, 0.0, 0.43569304128571634, 0.0601647744007891, 0.44986110488018327, 1.0]",
  "1783608561.2715566": "[0.7645105508337469, -0.6416509332845016, 0.06170654324307242, 0.0, -0.6423687120683615, -0.7663301365618811, -0.010027938605884187, 0.0, 0.05372201987561057, -0.03197188784193157, -0.9980439584348515, 0.0, 0.43569304128571634, 0.0601647744007891, 0.44986110488018327, 1.0]",
  "1783608561.304879": "[0.7648504719802871, -0.6412450739637058, 0.06171313173720315, 0.0, -0.6419623258331989, -0.7666706577106766, -0.010023712700806632, 0.0, 0.05374130369056686, -0.03195086419425879, -0.9980435935142704, 0.0, 0.4346305818795587, 0.05904875630234238, 0.4487063186911556, 1.0]",
  "1783608561.3394804": "[0.7648504719802871, -0.6412450739637058, 0.06171313173720315, 0.0, -0.6419623258331989, -0.7666706577106766, -0.010023712700806632, 0.0, 0.05374130369056686, -0.03195086419425879, -0.9980435935142704, 0.0, 0.4346305818795587, 0.05904875630234238, 0.4487063186911556, 1.0]",
  "1783608561.3715577": "[0.7650451253025726, -0.6409958914682796, 0.06188879843361486, 0.0, -0.6417109315374927, -0.766879320953042, -0.010158121867991764, 0.0, 0.053972554099787046, -0.031943296877234545, -0.9980313568162871, 0.0, 0.4335606774542684, 0.05785001904321694, 0.44770430453118926, 1.0]",
  "1783608561.4057322": "[0.7650451253025726, -0.6409958914682796, 0.06188879843361486, 0.0, -0.6417109315374927, -0.766879320953042, -0.010158121867991764, 0.0, 0.053972554099787046, -0.031943296877234545, -0.9980313568162871, 0.0, 0.4335606774542684, 0.05785001904321694, 0.44770430453118926, 1.0]",
  "1783608561.4384634": "[0.7654086022280161, -0.6405605793332402, 0.06190166265633175, 0.0, -0.6412750418515542, -0.7672438682597169, -0.010157131295495957, 0.0, 0.053999929015158696, -0.03192163564308792, -0.9980305690930655, 0.0, 0.4323957732688025, 0.05674137533043149, 0.4465550139393858, 1.0]",
  "1783608561.4729135": "[0.7654086022280161, -0.6405605793332402, 0.06190166265633175, 0.0, -0.6412750418515542, -0.7672438682597169, -0.010157131295495957, 0.0, 0.053999929015158696, -0.03192163564308792, -0.9980305690930655, 0.0, 0.4323957732688025, 0.05674137533043149, 0.4465550139393858, 1.0]",
  "1783608561.5049596": "[0.7653494767058274, -0.6406638949776717, 0.061562587487489794, 0.0, -0.6413806047749939, -0.7671587484955464, -0.009918388236496973, 0.0, 0.05358263081054513, -0.03189401634767148, -0.9980539431296462, 0.0, 0.4312807513862101, 0.055676301970171566, 0.4453124348336115, 1.0]",
  "1783608561.5382552": "[0.7653494767058274, -0.6406638949776717, 0.061562587487489794, 0.0, -0.6413806047749939, -0.7671587484955464, -0.009918388236496973, 0.0, 0.05358263081054513, -0.03189401634767148, -0.9980539431296462, 0.0, 0.4312807513862101, 0.055676301970171566, 0.4453124348336115, 1.0]",
  "1783608561.571621": "[0.7650413407645925, -0.6410535384782483, 0.06133602306664113, 0.0, -0.6417666701921982, -0.7668364773870096, -0.009867014700526328, 0.0, 0.05335998455334075, -0.03181474113047554, -0.9980684016114667, 0.0, 0.4302055671373037, 0.05452175254896721, 0.44412883506153555, 1.0]",
  "1783608561.6049478": "[0.7650413407645925, -0.6410535384782483, 0.06133602306664113, 0.0, -0.6417666701921982, -0.7668364773870096, -0.009867014700526328, 0.0, 0.05335998455334075, -0.03181474113047554, -0.9980684016114667, 0.0, 0.4302055671373037, 0.05452175254896721, 0.44412883506153555, 1.0]",
  "1783608561.638312": "[0.7646039277758881, -0.6415895543417808, 0.06118559789034905, 0.0, -0.6422994102426848, -0.7663903769019629, -0.009861936623515167, 0.0, 0.053219368951384544, -0.03175899796250069, -0.9980776847604769, 0.0, 0.42905693656837574, 0.05333228952391538, 0.4429697067835676, 1.0]",
  "1783608561.6716301": "[0.7646039277758881, -0.6415895543417808, 0.06118559789034905, 0.0, -0.6422994102426848, -0.7663903769019629, -0.009861936623515167, 0.0, 0.053219368951384544, -0.03175899796250069, -0.9980776847604769, 0.0, 0.42905693656837574, 0.05333228952391538, 0.4429697067835676, 1.0]",
  "1783608561.7049866": "[0.7645515360253685, -0.6416646513605603, 0.06105263266707013, 0.0, -0.6423696371334396, -0.7663313194386425, -0.009877152245561033, 0.0, 0.05312436399904173, -0.03166676557148693, -0.9980856766369997, 0.0, 0.42791233924159056, 0.05225399835657513, 0.4419446587290702, 1.0]",
  "1783608561.7383115": "[0.7645515360253685, -0.6416646513605603, 0.06105263266707013, 0.0, -0.6423696371334396, -0.7663313194386425, -0.009877152245561033, 0.0, 0.05312436399904173, -0.03166676557148693, -0.9980856766369997, 0.0, 0.42791233924159056, 0.05225399835657513, 0.4419446587290702, 1.0]",
  "1783608561.771997": "[0.7645349841935307, -0.6416850588546645, 0.06104541904912763, 0.0, -0.6423832961998341, -0.7663182706027571, -0.010000445181892512, 0.0, 0.05319735620906362, -0.03156886730761228, -0.9980848901317365, 0.0, 0.4267037328996362, 0.05114569701146257, 0.44081091590705085, 1.0]",
  "1783608561.8048837": "[0.7645349841935307, -0.6416850588546645, 0.06104541904912763, 0.0, -0.6423832961998341, -0.7663182706027571, -0.010000445181892512, 0.0, 0.05319735620906362, -0.03156886730761228, -0.9980848901317365, 0.0, 0.4267037328996362, 0.05114569701146257, 0.44081091590705085, 1.0]",
  "1783608561.843358": "[0.7647118438886644, -0.6414566500982422, 0.06123039981202462, 0.0, -0.6421524834801262, -0.766509793114994, -0.010145196849526179, 0.0, 0.05344140507794766, -0.031561101114358024, -0.9980720981571143, 0.0, 0.425642142265434, 0.050138017554219615, 0.43980391893165366, 1.0]",
  "1783608561.8719027": "[0.7647118438886644, -0.6414566500982422, 0.06123039981202462, 0.0, -0.6421524834801262, -0.766509793114994, -0.010145196849526179, 0.0, 0.05344140507794766, -0.031561101114358024, -0.9980720981571143, 0.0, 0.425642142265434, 0.050138017554219615, 0.43980391893165366, 1.0]",
  "1783608561.905506": "[0.7650950680454498, -0.6409883163681966, 0.061347494912124774, 0.0, -0.6416851227992186, -0.7669006831811749, -0.010175721812182318, 0.0, 0.05356995455178402, -0.03158038023380802, -0.9980645968841935, 0.0, 0.42448394552680674, 0.04911234005585263, 0.4386256040953744, 1.0]",
  "1783608561.9475036": "[0.7650950680454498, -0.6409883163681966, 0.061347494912124774, 0.0, -0.6416851227992186, -0.7669006831811749, -0.010175721812182318, 0.0, 0.05356995455178402, -0.03158038023380802, -0.9980645968841935, 0.0, 0.42448394552680674, 0.04911234005585263, 0.4386256040953744, 1.0]",
  "1783608561.9718506": "[0.765099293884494, -0.6409851558735743, 0.06132781136791286, 0.0, -0.6416768893872521, -0.7669064700670356, -0.010258449961829275, 0.0, 0.05360820948090747, -0.031503906409345486, -0.998064959688097, 0.0, 0.42331168872149083, 0.04804512258918587, 0.4375903542055237, 1.0]",
  "1783608562.0062315": "[0.765099293884494, -0.6409851558735743, 0.06132781136791286, 0.0, -0.6416768893872521, -0.7669064700670356, -0.010258449961829275, 0.0, 0.05360820948090747, -0.031503906409345486, -0.998064959688097, 0.0, 0.42331168872149083, 0.04804512258918587, 0.4375903542055237, 1.0]",
  "1783608562.0386167": "[0.7648269464523528, -0.6412987669279213, 0.061446183909966444, 0.0, -0.6419859512451718, -0.7666455040434086, -0.0104263864238901, 0.0, 0.05379386939235494, -0.03147320553670944, -0.9980559387875223, 0.0, 0.42212797348455156, 0.04701994623449133, 0.43651304908200156, 1.0]",
  "1783608562.072049": "[0.7648269464523528, -0.6412987669279213, 0.061446183909966444, 0.0, -0.6419859512451718, -0.7666455040434086, -0.0104263864238901, 0.0, 0.05379386939235494, -0.03147320553670944, -0.9980559387875223, 0.0, 0.42212797348455156, 0.04701994623449133, 0.43651304908200156, 1.0]",
  "1783608562.1049657": "[0.7646996898285437, -0.6414732128415013, 0.06120867244869102, 0.0, -0.6421598325131614, -0.7665015040405632, -0.010305038099091432, 0.0, 0.05352694539012608, -0.03142549140995783, -0.9980717933129089, 0.0, 0.42095903569658044, 0.045991641106388384, 0.43526765706310416, 1.0]",
  "1783608562.1394594": "[0.7646996898285437, -0.6414732128415013, 0.06120867244869102, 0.0, -0.6421598325131614, -0.7665015040405632, -0.010305038099091432, 0.0, 0.05352694539012608, -0.03142549140995783, -0.9980717933129089, 0.0, 0.42095903569658044, 0.045991641106388384, 0.43526765706310416, 1.0]",
  "1783608562.1715517": "[0.764316028057278, -0.6419528445654735, 0.06097175255020313, 0.0, -0.6426292066033382, -0.7661070367682044, -0.010378392679298817, 0.0, 0.053373327375293676, -0.03124985709629169, -0.9980855345892714, 0.0, 0.41985960567092523, 0.04489053317274181, 0.43409908068956077, 1.0]",
  "1783608562.2049189": "[0.764316028057278, -0.6419528445654735, 0.06097175255020313, 0.0, -0.6426292066033382, -0.7661070367682044, -0.010378392679298817, 0.0, 0.053373327375293676, -0.03124985709629169, -0.9980855345892714, 0.0, 0.41985960567092523, 0.04489053317274181, 0.43409908068956077, 1.0]",
  "1783608562.2382324": "[0.7644975313839086, -0.6417548388646127, 0.06078035292563533, 0.0, -0.6424295532426815, -0.7662756829275135, -0.010288191016017552, 0.0, 0.05317700281435918, -0.031181798341796886, -0.9980981423807249, 0.0, 0.41865173330090044, 0.04375818505304603, 0.43288527894941176, 1.0]",
  "1783608562.2718794": "[0.7644975313839086, -0.6417548388646127, 0.06078035292563533, 0.0, -0.6424295532426815, -0.7662756829275135, -0.010288191016017552, 0.0, 0.05317700281435918, -0.031181798341796886, -0.9980981423807249, 0.0, 0.41865173330090044, 0.04375818505304603, 0.43288527894941176, 1.0]",
