{
  "1783608713.893827": "[0.7754769800782703, -0.6287229588983003, 0.05781776822787525, 0.0, -0.6291161576463984, -0.777195545914807, -0.013414305737409236, 0.0, 0.053369593936229684, -0.025971606888118167, -0.9982370270024703, 0.0, 0.4564002096270924, 0.08200280480937278, 0.471730251813249, 1.0]",
  "1783608713.9280467": "[0.7754956085138501, -0.6287001240676027, 0.05781621894515676, 0.0, -0.6290934240448522, -0.7772140095732252, -0.01341071014652202, 0.0, 0.05336689047768181, -0.025971856315855576, -0.9982371650465891, 0.0, 0.4563982631603829, 0.08201675944590021, 0.471728437477137, 1.0]",
  "1783608713.9626966": "[0.7754956085138501, -0.6287001240676027, 0.05781621894515676, 0.0, -0.6290934240448522, -0.7772140095732252, -0.01341071014652202, 0.0, 0.05336689047768181, -0.025971856315855576, -0.9982371650465891, 0.0, 0.4563982631603829, 0.08201675944590021, 0.471728437477137, 1.0]",
  "1783608713.9935956": "[0.7754901753237015, -0.628706850997707, 0.05781594490244054, 0.0, -0.6291003261950223, -0.7772084768204961, -0.013407577696268954, 0.0, 0.05336447842649187, -0.02597458501905301, -0.9982372229962961, 0.0, 0.45639880015382567, 0.08201461556247383, 0.47172751341268493, 1.0]",
  "1783608714.0272582": "[0.7754901753237015, -0.628706850997707, 0.05781594490244054, 0.0, -0.6291003261950223, -0.7772084768204961, -0.013407577696268954, 0.0, 0.05336447842649187, -0.02597458501905301, -0.9982372229962961, 0.0, 0.45639880015382567, 0.08201461556247383, 0.47172751341268493, 1.0]",
  "1783608714.0602744": "[0.7754918048931114, -0.6287050209861368, 0.05781398732526463, 0.0, -0.629098324549033, -0.777210059412341, -0.013409757561757357, 0.0, 0.053364394433216916, -0.025971525467076748, -0.998237307092702, 0.0, 0.4563991498463589, 0.08201249352152898, 0.471727732999229, 1.0]",
  "1783608714.093486": "[0.7754918048931114, -0.6287050209861368, 0.05781398732526463, 0.0, -0.629098324549033, -0.777210059412341, -0.013409757561757357, 0.0, 0.053364394433216916, -0.025971525467076748, -0.998237307092702, 0.0, 0.4563991498463589, 0.08201249352152898, 0.471727732999229, 1.0]",
  "1783608714.1270576": "[0.7755000594127526, -0.628694719728262, 0.05781528549284612, 0.0, -0.6290882382154741, -0.7772182892984099, -0.013405943420878304, 0.0, 0.05336334312773107, -0.0259746061732441, -0.9982372831368183, 0.0, 0.45639747622106047, 0.08201978039375171, 0.4717259017981006, 1.0]",
  "1783608714.1605964": "[0.7755000594127526, -0.628694719728262, 0.05781528549284612, 0.0, -0.6290882382154741, -0.7772182892984099, -0.013405943420878304, 0.0, 0.05336334312773107, -0.0259746061732441, -0.9982372831368183, 0.0, 0.45639747622106047, 0.08201978039375171, 0.4717259017981006, 1.0]",
  "1783608714.193532": "[0.7754851455791392, -0.6287133831909739, 0.0578123756877448, 0.0, -0.6291066725204768, -0.7772033052162786, -0.01340958430026962, 0.0, 0.053362754579527556, -0.02597121786617051, -0.998237402758599, 0.0, 0.4563992933625403, 0.08201129714906562, 0.4717264741420276, 1.0]",
  "1783608714.2269032": "[0.7754851455791392, -0.6287133831909739, 0.0578123756877448, 0.0, -0.6291066725204768, -0.7772033052162786, -0.01340958430026962, 0.0, 0.053362754579527556, -0.02597121786617051, -0.998237402758599, 0.0, 0.4563992933625403, 0.08201129714906562, 0.4717264741420276, 1.0]",
  "1783608714.260214": "[0.7754917695004688, -0.6287048494981347, 0.057816326885747206, 0.0, -0.6290983600262785, -0.7772100779211326, -0.013407020178738526, 0.0, 0.05336449052767755, -0.025975122624428377, -0.9982372083605011, 0.0, 0.45639848697347773, 0.08201627633703781, 0.4717271449454943, 1.0]",
  "1783608714.2934458": "[0.7754868714171335, -0.628711946653442, 0.057804847503525034, 0.0, -0.6291052272599399, -0.7772045366404556, -0.013406015803159421, 0.0, 0.05335471201202052, -0.025969142472070536, -0.9982378866509627, 0.0, 0.45639929992360484, 0.08201086933089624, 0.4717237627376063, 1.0]",
  "1783608714.326839": "[0.7754868714171335, -0.628711946653442, 0.057804847503525034, 0.0, -0.6291052272599399, -0.7772045366404556, -0.013406015803159421, 0.0, 0.05335471201202052, -0.025969142472070536, -0.9982378866509627, 0.0, 0.45639929992360484, 0.08201086933089624, 0.4717237627376063, 1.0]",
  "1783608714.3602648": "[0.7754941482772554, -0.6287021014808702, 0.05781430256668181, 0.0, -0.6290955525735691, -0.7772123501739123, -0.013407030592154631, 0.0, 0.05336301827942237, -0.02597364684985215, -0.9982373254639543, 0.0, 0.45639812242973776, 0.08201721769887708, 0.4717264806724942, 1.0]",
  "1783608714.3936565": "[0.7754941482772554, -0.6287021014808702, 0.05781430256668181, 0.0, -0.6290955525735691, -0.7772123501739123, -0.013407030592154631, 0.0, 0.05336301827942237, -0.02597364684985215, -0.9982373254639543, 0.0, 0.45639812242973776, 0.08201721769887708, 0.4717264806724942, 1.0]",
  "1783608714.4274971": "[0.7754892145871519, -0.6287086490990951, 0.05780927786258369, 0.0, -0.6291019162227175, -0.7772071774616349, -0.01340829247235981, 0.0, 0.053359695125696924, -0.02596994128045779, -0.998237599515257, 0.0, 0.45639864857136486, 0.08201427852679855, 0.47172585103164344, 1.0]",
  "1783608714.4604018": "[0.7754892145871519, -0.6287086490990951, 0.05780927786258369, 0.0, -0.6291019162227175, -0.7772071774616349, -0.01340829247235981, 0.0, 0.053359695125696924, -0.02596994128045779, -0.998237599515257, 0.0, 0.45639864857136486, 0.08201427852679855, 0.47172585103164344, 1.0]",
  "1783608714.49334": "[0.7754913934266741, -0.6287051739607169, 0.05781784288764356, 0.0, -0.6290984803127814, -0.7772099016742349, -0.013411592287112136, 0.0, 0.05336853744768084, -0.025972542704776693, -0.9982370591378307, 0.0, 0.4563984694688404, 0.08201424163150917, 0.471729240786211, 1.0]",
  "1783608714.5301762": "[0.7754913934266741, -0.6287051739607169, 0.05781784288764356, 0.0, -0.6290984803127814, -0.7772099016742349, -0.013411592287112136, 0.0, 0.05336853744768084, -0.025972542704776693, -0.9982370591378307, 0.0, 0.4563984694688404, 0.08201424163150917, 0.471729240786211, 1.0]",
  "1783608714.5618455": "[0.7754941562757349, -0.6287021957086104, 0.057813170587317525, 0.0, -0.6290956348895239, -0.7772122891594251, -0.01340670513263376, 0.0, 0.053361931609838126, -0.02597319177033548, -0.9982373953945669, 0.0, 0.45639916358463944, 0.08201520213547064, 0.4717252538743635, 1.0]",
  "1783608714.5939455": "[0.7754941562757349, -0.6287021957086104, 0.057813170587317525, 0.0, -0.6290956348895239, -0.7772122891594251, -0.01340670513263376, 0.0, 0.053361931609838126, -0.02597319177033548, -0.9982373953945669, 0.0, 0.45639916358463944, 0.08201520213547064, 0.4717252538743635, 1.0]",
  "1783608714.6269636": "[0.7754891044309291, -0.6287082539538604, 0.05781505270432321, 0.0, -0.6291016285587645, -0.7772073966814081, -0.013409082310844724, 0.0, 0.053364687328100215, -0.025972946579022934, -0.99823725446027, 0.0, 0.45639893709486407, 0.0820136503250646, 0.4717277388916048, 1.0]",
  "1783608714.6601655": "[0.7754891044309291, -0.6287082539538604, 0.05781505270432321, 0.0, -0.6291016285587645, -0.7772073966814081, -0.013409082310844724, 0.0, 0.053364687328100215, -0.025972946579022934, -0.99823725446027, 0.0, 0.45639893709486407, 0.0820136503250646, 0.4717277388916048, 1.0]",
  "1783608714.7006748": "[0.7754891044309291, -0.6287082539538604, 0.05781505270432321, 0.0, -0.6291016285587645, -0.7772073966814081, -0.013409082310844724, 0.0, 0.053364687328100215, -0.025972946579022934, -0.99823725446027, 0.0, 0.45639893709486407, 0.0820136503250646, 0.4717277388916048, 1.0]",
  "1783608714.7269108": "[0.775492221484508, -0.6287043280439887, 0.0578159347911929, 0.0, -0.6290975585862918, -0.7772106399430396, -0.013412044590539223, 0.0, 0.05336737015995904, -0.025970927170357153, -0.9982371635759324, 0.0, 0.45639890298424424, 0.08201371245653294, 0.4717285032149868, 1.0]",
  "1783608714.7606063": "[0.775492221484508, -0.6287043280439887, 0.0578159347911929, 0.0, -0.6290975585862918, -0.7772106399430396, -0.013412044590539223, 0.0, 0.05336737015995904, -0.025970927170357153, -0.9982371635759324, 0.0, 0.45639890298424424, 0.08201371245653294, 0.4717285032149868, 1.0]",
  "1783608714.7941227": "[0.7754903370260253, -0.6287066691974093, 0.057815752922202854, 0.0, -0.6291000869434689, -0.777208653684881, -0.013408551191488517, 0.0, 0.053364949048806704, -0.025973693307541783, -0.9982372210396606, 0.0, 0.4563991295753962, 0.08201289111457843, 0.47172757966041734, 1.0]",
  "1783608714.8268719": "[0.7754903370260253, -0.6287066691974093, 0.057815752922202854, 0.0, -0.6291000869434689, -0.777208653684881, -0.013408551191488517, 0.0, 0.053364949048806704, -0.025973693307541783, -0.9982372210396606, 0.0, 0.4563991295753962, 0.08201289111457843, 0.47172757966041734, 1.0]",
  "1783608714.8604093": "[0.7754934738840061, -0.6287026386019996, 0.05781750754053388, 0.0, -0.6290960559966778, -0.7772119044606614, -0.013409246587957436, 0.0, 0.05336688385826068, -0.02597398274264567, -0.9982371100734253, 0.0, 0.4563988545962604, 0.0820167214817874, 0.4717283363288185, 1.0]",
  "1783608714.894744": "[0.7754949607676167, -0.628701082963156, 0.05781448006328285, 0.0, -0.6290944306809848, -0.7772132241356453, -0.013409008719634491, 0.0, 0.05336443675520665, -0.025972148729562487, -0.9982372886143702, 0.0, 0.4563991793993997, 0.08201451178067035, 0.4717270958663183, 1.0]",
  "1783608714.9268956": "[0.7754949607676167, -0.628701082963156, 0.05781448006328285, 0.0, -0.6290944306809848, -0.7772132241356453, -0.013409008719634491, 0.0, 0.05336443675520665, -0.025972148729562487, -0.9982372886143702, 0.0, 0.4563991793993997, 0.08201451178067035, 0.4717270958663183, 1.0]",
  "1783608714.963528": "[0.7754926190590833, -0.6287042140947986, 0.05781184103905603, 0.0, -0.6290975639663031, -0.7772107086353519, -0.013407810939791313, 0.0, 0.053361529181112206, -0.025971629944529506, -0.9982374575427821, 0.0, 0.4563991726463951, 0.08201575916445657, 0.4717260376448353, 1.0]",
  "1783608714.993594": "[0.7754926190590833, -0.6287042140947986, 0.05781184103905603, 0.0, -0.6290975639663031, -0.7772107086353519, -0.013407810939791313, 0.0, 0.053361529181112206, -0.025971629944529506, -0.9982374575427821, 0.0, 0.4563991726463951, 0.08201575916445657, 0.4717260376448353, 1.0]",
  "1783608715.0269244": "[0.7754926190590833, -0.6287042140947986, 0.05781184103905603, 0.0, -0.6290975639663031, -0.7772107086353519, -0.013407810939791313, 0.0, 0.053361529181112206, -0.025971629944529506, -0.9982374575427821, 0.0, 0.4563991726463951, 0.08201575916445657, 0.4717260376448353, 1.0]",
  "1783608715.060199": "[0.7754931420633575, -0.6287030832215436, 0.05781712341880986, 0.0, -0.6290964016801442, -0.7772115956393841, -0.013410928259311148, 0.0, 0.05336763069310428, -0.025972461404470615, -0.9982371097303471, 0.0, 0.4563988486093761, 0.0820150129100449, 0.4717290776145653, 1.0]",
  "1783608715.0950441": "[0.77549126250299, -0.6287053094302187, 0.057818125841049325, 0.0, -0.6290986427887658, -0.7772097763993069, -0.013411230766485191, 0.0, 0.05336852464563209, -0.02597301221637366, -0.9982370476062068, 0.0, 0.45639879092786195, 0.08201566143884606, 0.4717291829099172, 1.0]",
  "1783608715.1269279": "[0.77549126250299, -0.6287053094302187, 0.057818125841049325, 0.0, -0.6290986427887658, -0.7772097763993069, -0.013411230766485191, 0.0, 0.05336852464563209, -0.02597301221637366, -0.9982370476062068, 0.0, 0.45639879092786195, 0.08201566143884606, 0.4717291829099172, 1.0]",
  "1783608715.161054": "[0.7754929755847778, -0.6287034410308069, 0.05781546553206907, 0.0, -0.6290968637923026, -0.7772112689513826, -0.013408183384423601, 0.0, 0.053364602362953546, -0.025973576014943593, -0.9982372426250383, 0.0, 0.45639790602347147, 0.08201557257752594, 0.47172754270289435, 1.0]",
  "1783608715.1935768": "[0.7754929755847778, -0.6287034410308069, 0.05781546553206907, 0.0, -0.6290968637923026, -0.7772112689513826, -0.013408183384423601, 0.0, 0.053364602362953546, -0.025973576014943593, -0.9982372426250383, 0.0, 0.45639790602347147, 0.08201557257752594, 0.47172754270289435, 1.0]",
  "1783608715.2271445": "[0.7754885068488638, -0.6287090783843649, 0.057814102971525706, 0.0, -0.6291024893882994, -0.7772067190418148, -0.01340797231882419, 0.0, 0.05336322320441616, -0.02597326766774243, -0.9982373243752689, 0.0, 0.456398775290664, 0.0820130641123401, 0.4717267761923676, 1.0]",
  "1783608715.2602363": "[0.7754885068488638, -0.6287090783843649, 0.057814102971525706, 0.0, -0.6291024893882994, -0.7772067190418148, -0.01340797231882419, 0.0, 0.05336322320441616, -0.02597326766774243, -0.9982373243752689, 0.0, 0.456398775290664, 0.0820130641123401, 0.4717267761923676, 1.0]",
  "1783608715.2935348": "[0.7754885068488638, -0.6287090783843649, 0.057814102971525706, 0.0, -0.6291024893882994, -0.7772067190418148, -0.01340797231882419, 0.0, 0.05336322320441616, -0.02597326766774243, -0.9982373243752689, 0.0, 0.456398775290664, 0.0820130641123401, 0.4717267761923676, 1.0]",
  "1783608715.327076": "[0.7754930669192769, -0.6287034116447731, 0.057814559985846156, 0.0, -0.6290968516803687, -0.7772112919708802, -0.01340741730549038, 0.0, 0.05336341786263442, -0.025973598502680315, -0.998237305361225, 0.0, 0.45639837575623377, 0.08201527380531196, 0.4717267773649403, 1.0]",
  "1783608715.3605955": "[0.7754930669192769, -0.6287034116447731, 0.057814559985846156, 0.0, -0.6290968516803687, -0.7772112919708802, -0.01340741730549038, 0.0, 0.05336341786263442, -0.025973598502680315, -0.998237305361225, 0.0, 0.45639837575623377, 0.08201527380531196, 0.4717267773649403, 1.0]",
  "1783608715.39459": "[0.7754919564030249, -0.6287046214525531, 0.05781629976408708, 0.0, -0.6290979364122338, -0.7772103580851584, -0.013410655726286646, 0.0, 0.05336676827463054, -0.025972259226752833, -0.9982371610967908, 0.0, 0.45639895029480615, 0.08201397577332978, 0.47172816823304253, 1.0]",
  "1783608715.426681": "[0.7754908177780899, -0.6287060231710875, 0.05781632961599489, 0.0, -0.6290992697123732, -0.7772092555319674, -0.013412008156999528, 0.0, 0.05336759680956359, -0.025971321565154262, -0.9982371411978872, 0.0, 0.4563986513933669, 0.08201506929128302, 0.4717285288671665, 1.0]",
  "1783608715.461195": "[0.7754908177780899, -0.6287060231710875, 0.05781632961599489, 0.0, -0.6290992697123732, -0.7772092555319674, -0.013412008156999528, 0.0, 0.05336759680956359, -0.025971321565154262, -0.9982371411978872, 0.0, 0.4563986513933669, 0.08201506929128302, 0.4717285288671665, 1.0]",
  "1783608715.4936895": "[0.7754923084349892, -0.6287043195200595, 0.057814861194944035, 0.0, -0.6290975716424707, -0.7772106453823631, -0.013411116951137315, 0.0, 0.05336595273878291, -0.025970970739456714, -0.9982372382190179, 0.0, 0.4563989851490493, 0.08201433726653508, 0.4717278531054644, 1.0]",
  "1783608715.5303485": "[0.7754923084349892, -0.6287043195200595, 0.057814861194944035, 0.0, -0.6290975716424707, -0.7772106453823631, -0.013411116951137315, 0.0, 0.05336595273878291, -0.025970970739456714, -0.9982372382190179, 0.0, 0.4563989851490493, 0.08201433726653508, 0.4717278531054644, 1.0]",
  "1783608715.5602567": "[0.7754923084349892, -0.6287043195200595, 0.057814861194944035, 0.0, -0.6290975716424707, -0.7772106453823631, -0.013411116951137315, 0.0, 0.05336595273878291, -0.025970970739456714, -0.9982372382190179, 0.0, 0.4563989851490493, 0.08201433726653508, 0.4717278531054644, 1.0]",
  "1783608715.5947483": "[0.7754851532375826, -0.6287134177919652, 0.057811896668669385, 0.0, -0.6291068187763939, -0.7772032268709019, -0.01340726334877045, 0.0, 0.053360919005659396, -0.02597272472813832, -0.998237461675862, 0.0, 0.45639895817602183, 0.08200839284657224, 0.4717255958136492, 1.0]",
  "1783608715.6274202": "[0.7740362649596821, -0.6305205256010106, 0.05754760918656796, 0.0, -0.6308939318437626, -0.7757476299338806, -0.01372812495152019, 0.0, 0.053298285994790175, -0.025680370865547593, -0.9982483715299642, 0.0, 0.45656826341674395, 0.08088276548378122, 0.4717594932625885, 1.0]",
  "1783608715.6602547": "[0.7740362649596821, -0.6305205256010106, 0.05754760918656796, 0.0, -0.6308939318437626, -0.7757476299338806, -0.01372812495152019, 0.0, 0.053298285994790175, -0.025680370865547593, -0.9982483715299642, 0.0, 0.45656826341674395, 0.08088276548378122, 0.4717594932625885, 1.0]",
  "1783608715.6945739": "[0.7740362649596821, -0.6305205256010106, 0.05754760918656796, 0.0, -0.6308939318437626, -0.7757476299338806, -0.01372812495152019, 0.0, 0.053298285994790175, -0.025680370865547593, -0.9982483715299642, 0.0, 0.45656826341674395, 0.08088276548378122, 0.4717594932625885, 1.0]",
  "1783608715.726941": "[0.7671601641060343, -0.6389490213480746, 0.056651837809026794, 0.0, -0.6392274679788057, -0.7688628393659764, -0.01543303027581061, 0.0, 0.053418412464313496, -0.024373804799965898, -0.9982747071068996, 0.0, 0.4573752847732086, 0.07568961877506844, 0.4720855067180101, 1.0]",
  "1783608715.7601256": "[0.7626850101212104, -0.6443616377247662, 0.055764282162208446, 0.0, -0.6445865391603539, -0.7643584185082795, -0.016260430154184078, 0.0, 0.053101495927014346, -0.02354331931098028, -0.9983115461849243, 0.0, 0.45790593519558387, 0.07233106653253529, 0.47210485020379256, 1.0]",
  "1783608715.7935054": "[0.7626850101212104, -0.6443616377247662, 0.055764282162208446, 0.0, -0.6445865391603539, -0.7643584185082795, -0.016260430154184078, 0.0, 0.053101495927014346, -0.02354331931098028, -0.9983115461849243, 0.0, 0.45790593519558387, 0.07233106653253529, 0.47210485020379256, 1.0]",
  "1783608715.8293781": "[0.7626850101212104, -0.6443616377247662, 0.055764282162208446, 0.0, -0.6445865391603539, -0.7643584185082795, -0.016260430154184078, 0.0, 0.053101495927014346, -0.02354331931098028, -0.9983115461849243, 0.0, 0.45790593519558387, 0.07233106653253529, 0.47210485020379256, 1.0]",
  "1783608715.860193": "[0.7692327617474263, -0.6364502047026033, 0.05667534903678701, 0.0, -0.6367653244376026, -0.7709184278750159, -0.014652616032254585, 0.0, 0.05301773145186472, -0.024817624719708237, -0.9982851324421143, 0.0, 0.45719982138649085, 0.07724590399798374, 0.47181728760739416, 1.0]",
  "1783608715.8935199": "[0.7692327617474263, -0.6364502047026033, 0.05667534903678701, 0.0, -0.6367653244376026, -0.7709184278750159, -0.014652616032254585, 0.0, 0.05301773145186472, -0.024817624719708237, -0.9982851324421143, 0.0, 0.45719982138649085, 0.07724590399798374, 0.47181728760739416, 1.0]",
  "1783608715.9270196": "[0.7763945396606182, -0.6275788400487741, 0.05793374067166804, 0.0, -0.6279833179698104, -0.7781146305365347, -0.013212649114412545, 0.0, 0.05337107022352887, -0.026123194062515034, -0.998232992640079, 0.0, 0.45628771855595157, 0.08268973598457116, 0.4716948733165851, 1.0]",
  "1783608715.9606612": "[0.7781195439674157, -0.6253986943471894, 0.05836478737022739, 0.0, -0.6258245582444193, -0.7798565878906536, -0.012935401877211629, 0.0, 0.05360594737637338, -0.026460828263270855, -0.9982115141459267, 0.0, 0.45604019767022985, 0.08401607237131345, 0.471728455168165, 1.0]",
  "1783608715.9936888": "[0.7781195439674157, -0.6253986943471894, 0.05836478737022739, 0.0, -0.6258245582444193, -0.7798565878906536, -0.012935401877211629, 0.0, 0.05360594737637338, -0.026460828263270855, -0.9982115141459267, 0.0, 0.45604019767022985, 0.08401607237131345, 0.471728455168165, 1.0]",
  "1783608716.0279708": "[0.7763482069214606, -0.6276278715816855, 0.058023412720007654, 0.0, -0.6280320149383843, -0.778074437767468, -0.01326489748440017, 0.0, 0.053471953604353036, -0.026142381427136818, -0.9982270914331328, 0.0, 0.4562594359202868, 0.08265348229889477, 0.47174037259777657, 1.0]",
  "1783608716.06068": "[0.7763482069214606, -0.6276278715816855, 0.058023412720007654, 0.0, -0.6280320149383843, -0.778074437767468, -0.01326489748440017, 0.0, 0.053471953604353036, -0.026142381427136818, -0.9982270914331328, 0.0, 0.4562594359202868, 0.08265348229889477, 0.47174037259777657, 1.0]",
  "1783608716.0944436": "[0.7707334930539821, -0.6346193753194831, 0.05681664504277224, 0.0, -0.6349515511115678, -0.7724191837711145, -0.01432243985427956, 0.0, 0.05297556442192504, -0.025037032800919148, -0.9982818923343768, 0.0, 0.45700282130943315, 0.07834854071718221, 0.47174433338303773, 1.0]",
  "1783608716.127204": "[0.7707334930539821, -0.6346193753194831, 0.05681664504277224, 0.0, -0.6349515511115678, -0.7724191837711145, -0.01432243985427956, 0.0, 0.05297556442192504, -0.025037032800919148, -0.9982818923343768, 0.0, 0.45700282130943315, 0.07834854071718221, 0.47174433338303773, 1.0]",
  "1783608716.1606565": "[0.7691189728366541, -0.6366623094520001, 0.055831078674299685, 0.0, -0.636979549323619, -0.7707494790175748, -0.014223021395496537, 0.0, 0.05208703645024774, -0.024624059725868865, -0.9983389185624529, 0.0, 0.45731384164216643, 0.07707905990202976, 0.47141095399992405, 1.0]",
  "1783608716.1942387": "[0.7691189728366541, -0.6366623094520001, 0.055831078674299685, 0.0, -0.636979549323619, -0.7707494790175748, -0.014223021395496537, 0.0, 0.05208703645024774, -0.024624059725868865, -0.9983389185624529, 0.0, 0.45731384164216643, 0.07707905990202976, 0.47141095399992405, 1.0]",
  "1783608716.2274356": "[0.7732574357286564, -0.6315423235742734, 0.05680872842046901, 0.0, -0.6319102109199108, -0.7749237290141997, -0.01351663959277943, 0.0, 0.05255876164348473, -0.02544617348708945, -0.998293578477478, 0.0, 0.4567842582771106, 0.08024065572426184, 0.4714602912048096, 1.0]",
  "1783608716.2604434": "[0.7732574357286564, -0.6315423235742734, 0.05680872842046901, 0.0, -0.6319102109199108, -0.7749237290141997, -0.01351663959277943, 0.0, 0.05255876164348473, -0.02544617348708945, -0.998293578477478, 0.0, 0.4567842582771106, 0.08024065572426184, 0.4714602912048096, 1.0]",
  "1783608716.294026": "[0.7732574357286564, -0.6315423235742734, 0.05680872842046901, 0.0, -0.6319102109199108, -0.7749237290141997, -0.01351663959277943, 0.0, 0.05255876164348473, -0.02544617348708945, -0.998293578477478, 0.0, 0.4567842582771106, 0.08024065572426184, 0.4714602912048096, 1.0]",
  "1783608716.326994": "[0.7763643585156317, -0.6276322577428327, 0.057759257848818725, 0.0, -0.6280379130412123, -0.7780723515457681, -0.01310707987609486, 0.0, 0.05316730771301779, -0.026099134098163824, -0.9982444953967322, 0.0, 0.4563225881086096, 0.08264139487886013, 0.47160536376526274, 1.0]",
  "1783608716.3613164": "[0.7763643585156317, -0.6276322577428327, 0.057759257848818725, 0.0, -0.6280379130412123, -0.7780723515457681, -0.01310707987609486, 0.0, 0.05316730771301779, -0.026099134098163824, -0.9982444953967322, 0.0, 0.4563225881086096, 0.08264139487886013, 0.47160536376526274, 1.0]",
  "1783608716.3935797": "[0.7767028225664794, -0.6272029413602789, 0.057872236575742024, 0.0, -0.627614774361605, -0.7784150167813282, -0.013029069512293882, 0.0, 0.05322048872657748, -0.026201755634672235, -0.9982389731829573, 0.0, 0.4562707579059229, 0.08290788922602509, 0.4716121871319725, 1.0]",
  "1783608716.4269247": "[0.7767028225664794, -0.6272029413602789, 0.057872236575742024, 0.0, -0.627614774361605, -0.7784150167813282, -0.013029069512293882, 0.0, 0.05322048872657748, -0.026201755634672235, -0.9982389731829573, 0.0, 0.4562707579059229, 0.08290788922602509, 0.4716121871319725, 1.0]",
  "1783608716.4601834": "[0.7763133383033253, -0.6276916112020662, 0.057800017291529455, 0.0, -0.6280981581440336, -0.7780236222877319, -0.013112852410870332, 0.0, 0.053200606278683386, -0.02612440217174139, -0.9982420603755131, 0.0, 0.45632189341714363, 0.08260897912389245, 0.4716193395825936, 1.0]",
  "1783608716.4935255": "[0.7763133383033253, -0.6276916112020662, 0.057800017291529455, 0.0, -0.6280981581440336, -0.7780236222877319, -0.013112852410870332, 0.0, 0.053200606278683386, -0.02612440217174139, -0.9982420603755131, 0.0, 0.45632189341714363, 0.08260897912389245, 0.4716193395825936, 1.0]",
  "1783608716.5268815": "[0.7762610720254433, -0.6277575577578346, 0.057785783163582974, 0.0, -0.6281628920937382, -0.7779710465006386, -0.013131329069498935, 0.0, 0.05319895726741475, -0.02610554509332982, -0.9982426415762051, 0.0, 0.4563279317635314, 0.08256899822696873, 0.47162143750550195, 1.0]",
  "1783608716.5611382": "[0.7762610720254433, -0.6277575577578346, 0.057785783163582974, 0.0, -0.6281628920937382, -0.7779710465006386, -0.013131329069498935, 0.0, 0.05319895726741475, -0.02610554509332982, -0.9982426415762051, 0.0, 0.4563279317635314, 0.08256899822696873, 0.47162143750550195, 1.0]",
  "1783608716.5935206": "[0.7762566600304229, -0.6277632626525392, 0.05778307556933366, 0.0, -0.6281685688202779, -0.7779664724392317, -0.01313076184926509, 0.0, 0.053196305366972195, -0.026104670545656874, -0.9982428057697219, 0.0, 0.45632721706831453, 0.08256507714668503, 0.4716212091750943, 1.0]",
  "1783608716.629622": "[0.7762627147100073, -0.6277552156871496, 0.05778915926564416, 0.0, -0.628160445816223, -0.7779729623100375, -0.013134847791600502, 0.0, 0.05320387263173381, -0.02610477144364121, -0.9982423998432752, 0.0, 0.45632872467759855, 0.08256765566261216, 0.47162415900530774, 1.0]",
  "1783608716.66027": "[0.7762627147100073, -0.6277552156871496, 0.05778915926564416, 0.0, -0.628160445816223, -0.7779729623100375, -0.013134847791600502, 0.0, 0.05320387263173381, -0.02610477144364121, -0.9982423998432752, 0.0, 0.45632872467759855, 0.08256765566261216, 0.47162415900530774, 1.0]",
  "1783608716.694698": "[0.7762481482096599, -0.6277742560872542, 0.057777987115928596, 0.0, -0.6281794582287509, -0.777957681286783, -0.013130665875182839, 0.0, 0.05319192288784861, -0.026102289573661324, -0.9982431015631945, 0.0, 0.4563297030740377, 0.08255684619486325, 0.4716188501367241, 1.0]",
  "1783608716.726869": "[0.7762481482096599, -0.6277742560872542, 0.057777987115928596, 0.0, -0.6281794582287509, -0.777957681286783, -0.013130665875182839, 0.0, 0.05319192288784861, -0.026102289573661324, -0.9982431015631945, 0.0, 0.4563297030740377, 0.08255684619486325, 0.4716188501367241, 1.0]",
  "1783608716.7615376": "[0.7762628326752185, -0.627754825720639, 0.05779181076498612, 0.0, -0.628160063341871, -0.7779732517636062, -0.013135994926048077, 0.0, 0.05320666715161174, -0.02610552287947373, -0.9982422312474095, 0.0, 0.45632807730616015, 0.08256771594454296, 0.47162536383964976, 1.0]",
  "1783608716.7936282": "[0.7762628326752185, -0.627754825720639, 0.05779181076498612, 0.0, -0.628160063341871, -0.7779732517636062, -0.013135994926048077, 0.0, 0.05320666715161174, -0.02610552287947373, -0.9982422312474095, 0.0, 0.45632807730616015, 0.08256771594454296, 0.47162536383964976, 1.0]",
  "1783608716.8273735": "[0.7762509274629461, -0.6277701846149446, 0.05778488488726586, 0.0, -0.628175226901426, -0.777960992883163, -0.013136889265954875, 0.0, 0.05320133382029118, -0.026101510698855517, -0.9982426204179926, 0.0, 0.4563296204521994, 0.08255869779603914, 0.4716235104834475, 1.0]",
  "1783608716.8602216": "[0.7762509274629461, -0.6277701846149446, 0.05778488488726586, 0.0, -0.628175226901426, -0.777960992883163, -0.013136889265954875, 0.0, 0.05320133382029118, -0.026101510698855517, -0.9982426204179926, 0.0, 0.4563296204521994, 0.08255869779603914, 0.4716235104834475, 1.0]",
  "1783608716.8934515": "[0.7762494052280972, -0.6277688629888741, 0.05781968129176772, 0.0, -0.6281728508391703, -0.7779622888381579, -0.013173709207503808, 0.0, 0.053251576048177166, -0.026094670094689233, -0.9982401203322948, 0.0, 0.45633283814186926, 0.0825653684485369, 0.471638109754993, 1.0]",
  "1783608716.9268794": "[0.7762494052280972, -0.6277688629888741, 0.05781968129176772, 0.0, -0.6281728508391703, -0.7779622888381579, -0.013173709207503808, 0.0, 0.053251576048177166, -0.026094670094689233, -0.9982401203322948, 0.0, 0.45633283814186926, 0.0825653684485369, 0.471638109754993, 1.0]",
  "1783608716.9608476": "[0.776005046081031, -0.6279467023175325, 0.05915325439325313, 0.0, -0.6283132862931926, -0.7778250640342175, -0.014511513622410713, 0.0, 0.055123341011093244, -0.025905767865497777, -0.9981434308089558, 0.0, 0.45651515819971383, 0.0824830390808452, 0.4722178931431096, 1.0]",
  "1783608716.9935467": "[0.776005046081031, -0.6279467023175325, 0.05915325439325313, 0.0, -0.6283132862931926, -0.7778250640342175, -0.014511513622410713, 0.0, 0.055123341011093244, -0.025905767865497777, -0.9981434308089558, 0.0, 0.45651515819971383, 0.0824830390808452, 0.4722178931431096, 1.0]",
  "1783608717.028718": "[0.7760495556052213, -0.6279012344042672, 0.059051901565794214, 0.0, -0.62827187131693, -0.7778608061898413, -0.014388255822522893, 0.0, 0.054968563350898315, -0.025934649164561535, -0.9981512165077246, 0.0, 0.45649142441226787, 0.08250536852774104, 0.47214787856630464, 1.0]",
  "1783608717.0607774": "[0.7760495556052213, -0.6279012344042672, 0.059051901565794214, 0.0, -0.62827187131693, -0.7778608061898413, -0.014388255822522893, 0.0, 0.054968563350898315, -0.025934649164561535, -0.9981512165077246, 0.0, 0.45649142441226787, 0.08250536852774104, 0.47214787856630464, 1.0]",
  "1783608717.0935156": "[0.7760292251709846, -0.6279327538292845, 0.05898388211106913, 0.0, -0.6283044593376825, -0.7778354123423925, -0.014337980419922517, 0.0, 0.05488303979285085, -0.025933144323643683, -0.9981559617457507, 0.0, 0.4564877608998294, 0.08248540549003416, 0.4721109253696788, 1.0]",
  "1783608717.1268945": "[0.7760292251709846, -0.6279327538292845, 0.05898388211106913, 0.0, -0.6283044593376825, -0.7778354123423925, -0.014337980419922517, 0.0, 0.05488303979285085, -0.025933144323643683, -0.9981559617457507, 0.0, 0.4564877608998294, 0.08248540549003416, 0.4721109253696788, 1.0]",
  "1783608717.160215": "[0.7760389018658373, -0.6279201077574748, 0.05899119480657036, 0.0, -0.6282917896368201, -0.7778455843538001, -0.01434133802186156, 0.0, 0.054891254912119256, -0.02593424714806215, -0.9981554813550022, 0.0, 0.4564866169316469, 0.08249384516873032, 0.47211244333238145, 1.0]",
  "1783608717.1935089": "[0.7760389018658373, -0.6279201077574748, 0.05899119480657036, 0.0, -0.6282917896368201, -0.7778455843538001, -0.01434133802186156, 0.0, 0.054891254912119256, -0.02593424714806215, -0.9981554813550022, 0.0, 0.4564866169316469, 0.08249384516873032, 0.47211244333238145, 1.0]",
  "1783608717.2272491": "[0.7760389018658373, -0.6279201077574748, 0.05899119480657036, 0.0, -0.6282917896368201, -0.7778455843538001, -0.01434133802186156, 0.0, 0.054891254912119256, -0.02593424714806215, -0.9981554813550022, 0.0, 0.4564866169316469, 0.08249384516873032, 0.47211244333238145, 1.0]",
  "1783608717.2602034": "[0.7760295287988883, -0.6279314842100153, 0.05899340276660282, 0.0, -0.6283030508597401, -0.777836421356201, -0.014344960513061479, 0.0, 0.05489486963750011, -0.025933621991264234, -0.9981552988077036, 0.0, 0.45648746140340835, 0.08248645161288978, 0.47211454044501366, 1.0]",
  "1783608717.2946947": "[0.7760369403153229, -0.6279225658596751, 0.05899083445955023, 0.0, -0.6282944500950592, -0.777843504469693, -0.014337591640663304, 0.0, 0.05488853473886159, -0.025937113149100882, -0.9981555564718918, 0.0, 0.4564851549795379, 0.08249312301130393, 0.472113344999864, 1.0]",
  "1783608717.326862": "[0.7760369403153229, -0.6279225658596751, 0.05899083445955023, 0.0, -0.6282944500950592, -0.777843504469693, -0.014337591640663304, 0.0, 0.05488853473886159, -0.025937113149100882, -0.9981555564718918, 0.0, 0.4564851549795379, 0.08249312301130393, 0.472113344999864, 1.0]",
  "1783608717.3605707": "[0.7760265484018392, -0.6279361037341888, 0.05898343668059843, 0.0, -0.6283079003862329, -0.7778326646168823, -0.014336253598637508, 0.0, 0.05488149494840471, -0.025934445861187004, -0.9981560128707843, 0.0, 0.4564874673876218, 0.08248492886656222, 0.4721085089037018, 1.0]",
  "1783608717.3935213": "[0.7760265484018392, -0.6279361037341888, 0.05898343668059843, 0.0, -0.6283079003862329, -0.7778326646168823, -0.014336253598637508, 0.0, 0.05488149494840471, -0.025934445861187004, -0.9981560128707843, 0.0, 0.4564874673876218, 0.08248492886656222, 0.4721085089037018, 1.0]",
  "1783608717.427273": "[0.7760370882685711, -0.6279217207329666, 0.05899788355007651, 0.0, -0.6282935734341193, -0.7778441411239794, -0.014341467863636322, 0.0, 0.05489647723691288, -0.025938480118334006, -0.9981550841608371, 0.0, 0.45648434240028457, 0.08249318876029985, 0.4721150350627706, 1.0]",
  "1783608717.4611921": "[0.7760370882685711, -0.6279217207329666, 0.05899788355007651, 0.0, -0.6282935734341193, -0.7778441411239794, -0.014341467863636322, 0.0, 0.05489647723691288, -0.025938480118334006, -0.9981550841608371, 0.0, 0.45648434240028457, 0.08249318876029985, 0.4721150350627706, 1.0]",
  "1783608717.4941616": "[0.7760316236226821, -0.6279300021883752, 0.05898161992732155, 0.0, -0.6283018588834958, -0.7778375854523456, -0.014334042737804874, 0.0, 0.054878896318053816, -0.025934590981400333, -0.9981561519770041, 0.0, 0.45648654529986543, 0.08248592504349314, 0.4721068942474571, 1.0]",
  "1783608717.527075": "[0.7760316236226821, -0.6279300021883752, 0.05898161992732155, 0.0, -0.6283018588834958, -0.7778375854523456, -0.014334042737804874, 0.0, 0.054878896318053816, -0.025934590981400333, -0.9981561519770041, 0.0, 0.45648654529986543, 0.08248592504349314, 0.4721068942474571, 1.0]",
  "1783608717.560662": "[0.7760358445511735, -0.6279241327501762, 0.05898857077168492, 0.0, -0.6282960805077923, -0.7778422273502064, -0.014335430562637936, 0.0, 0.054885364080897454, -0.025937479846924714, -0.9981557212924737, 0.0, 0.45648417451270396, 0.08249210360244177, 0.4721101362522286, 1.0]",
  "1783608717.594095": "[0.7760358445511735, -0.6279241327501762, 0.05898857077168492, 0.0, -0.6282960805077923, -0.7778422273502064, -0.014335430562637936, 0.0, 0.054885364080897454, -0.025937479846924714, -0.9981557212924737, 0.0, 0.45648417451270396, 0.08249210360244177, 0.4721101362522286, 1.0]",
  "1783608717.6269763": "[0.7760351190404231, -0.6279253690479052, 0.058984955047609575, 0.0, -0.6282972150207555, -0.7778413074380712, -0.014335621374552136, 0.0, 0.05488263489555517, -0.025935137344618556, -0.9981559322259408, 0.0, 0.4564867674911581, 0.08248955587463616, 0.47210906608835235, 1.0]",
  "1783608717.6621003": "[0.7760351190404231, -0.6279253690479052, 0.058984955047609575, 0.0, -0.6282972150207555, -0.7778413074380712, -0.014335621374552136, 0.0, 0.05488263489555517, -0.025935137344618556, -0.9981559322259408, 0.0, 0.4564867674911581, 0.08248955587463616, 0.47210906608835235, 1.0]",
  "1783608717.693604": "[0.7760351190404231, -0.6279253690479052, 0.058984955047609575, 0.0, -0.6282972150207555, -0.7778413074380712, -0.014335621374552136, 0.0, 0.05488263489555517, -0.025935137344618556, -0.9981559322259408, 0.0, 0.4564867674911581, 0.08248955587463616, 0.47210906608835235, 1.0]",
  "1783608717.726854": "[0.7762333723443076, -0.6276234862677117, 0.05958616571107011, 0.0, -0.6279928414674969, -0.7780811823754437, -0.014651440161680303, 0.0, 0.05555846222280509, -0.02604674871064612, -0.9981156366659336, 0.0, 0.4560314286086869, 0.08220934584769662, 0.4720486400016054, 1.0]",
  "1783608717.7606127": "[0.7762333723443076, -0.6276234862677117, 0.05958616571107011, 0.0, -0.6279928414674969, -0.7780811823754437, -0.014651440161680303, 0.0, 0.05555846222280509, -0.02604674871064612, -0.9981156366659336, 0.0, 0.4560314286086869, 0.08220934584769662, 0.4720486400016054, 1.0]",
  "1783608717.7947097": "[0.7757994404712325, -0.6279903222190776, 0.061346420952666215, 0.0, -0.6283551223826765, -0.7777708478726351, -0.015567542353690473, 0.0, 0.05748972377716, -0.026470047197946493, -0.9979951243675313, 0.0, 0.45503923513711914, 0.08130485983615529, 0.472013343870584, 1.0]",
  "1783608717.827039": "[0.7757994404712325, -0.6279903222190776, 0.061346420952666215, 0.0, -0.6283551223826765, -0.7777708478726351, -0.015567542353690473, 0.0, 0.05748972377716, -0.026470047197946493, -0.9979951243675313, 0.0, 0.45503923513711914, 0.08130485983615529, 0.472013343870584, 1.0]",
  "1783608717.860292": "[0.7753926710253272, -0.6284046304352875, 0.0622400688278739, 0.0, -0.6287790774725062, -0.777422801242913, -0.015832240537783912, 0.0, 0.05833590192182612, -0.0268590497805081, -0.9979356261762855, 0.0, 0.45403623713755753, 0.08016618718512486, 0.47134706072451327, 1.0]",
  "1783608717.9018748": "[0.7753926710253272, -0.6284046304352875, 0.0622400688278739, 0.0, -0.6287790774725062, -0.777422801242913, -0.015832240537783912, 0.0, 0.05833590192182612, -0.0268590497805081, -0.9979356261762855, 0.0, 0.45403623713755753, 0.08016618718512486, 0.47134706072451327, 1.0]",
  "1783608717.9268758": "[0.7750812872874718, -0.6288158718618437, 0.06196448492019267, 0.0, -0.6292183599224848, -0.77707914916309, -0.015239798962794131, 0.0, 0.05773433669190106, -0.02717710857684043, -0.9979619988437178, 0.0, 0.45308520656498796, 0.0790496707685498, 0.4701173386311418, 1.0]",
  "1783608717.961406": "[0.7748032205009452, -0.6291803430859342, 0.061741925590557994, 0.0, -0.6296039157764393, -0.7767756041888032, -0.0147841122863126, 0.0, 0.05726149439490895, -0.02741818030771026, -0.9979826474685198, 0.0, 0.4520682971155606, 0.07788440364517724, 0.4687733779426376, 1.0]",
  "1783608717.9935124": "[0.7748032205009452, -0.6291803430859342, 0.061741925590557994, 0.0, -0.6296039157764393, -0.7767756041888032, -0.0147841122863126, 0.0, 0.05726149439490895, -0.02741818030771026, -0.9979826474685198, 0.0, 0.4520682971155606, 0.07788440364517724, 0.4687733779426376, 1.0]",
  "1783608718.026974": "[0.7748032205009452, -0.6291803430859342, 0.061741925590557994, 0.0, -0.6296039157764393, -0.7767756041888032, -0.0147841122863126, 0.0, 0.05726149439490895, -0.02741818030771026, -0.9979826474685198, 0.0, 0.4520682971155606, 0.07788440364517724, 0.4687733779426376, 1.0]",
  "1783608718.0602224": "[0.7742512188660468, -0.6298940252437647, 0.0613886556836723, 0.0, -0.6303397504511187, -0.7761884825382324, -0.014256176774222093, 0.0, 0.05662904807307305, -0.02765784766036436, -0.998012121357819, 0.0, 0.45105303714515543, 0.07673798482625722, 0.467434070020304, 1.0]",
  "1783608718.0939248": "[0.7739456211542964, -0.6302702823140732, 0.061380344800503625, 0.0, -0.6307231318377106, -0.7758790535072624, -0.014143029855887179, 0.0, 0.056537655247810556, -0.02776806727903382, -0.9980142423726561, 0.0, 0.4500636388028791, 0.07564067562526633, 0.4663393859118164, 1.0]",
  "1783608718.1274245": "[0.7739456211542964, -0.6302702823140732, 0.061380344800503625, 0.0, -0.6307231318377106, -0.7758790535072624, -0.014143029855887179, 0.0, 0.056537655247810556, -0.02776806727903382, -0.9980142423726561, 0.0, 0.4500636388028791, 0.07564067562526633, 0.4663393859118164, 1.0]",
  "1783608718.1602407": "[0.7735608032444719, -0.6307233757206505, 0.06157683820491753, 0.0, -0.631180140824249, -0.7755064472092885, -0.014190847962965058, 0.0, 0.056703734558216624, -0.027888593660740413, -0.9980014593329898, 0.0, 0.44899378207210244, 0.07445683959627475, 0.4652757310446402, 1.0]",
  "1783608718.1938252": "[0.7735608032444719, -0.6307233757206505, 0.06157683820491753, 0.0, -0.631180140824249, -0.7755064472092885, -0.014190847962965058, 0.0, 0.056703734558216624, -0.027888593660740413, -0.9980014593329898, 0.0, 0.44899378207210244, 0.07445683959627475, 0.4652757310446402, 1.0]",
  "1783608718.2270746": "[0.773478465503046, -0.6307838821323621, 0.06198997858589292, 0.0, -0.6312390705568403, -0.7754541725171729, -0.014424358850329003, 0.0, 0.057169040621561695, -0.02797356551697972, -0.9979725349059849, 0.0, 0.4479736760649524, 0.07338460630607624, 0.4643693145659652, 1.0]",
  "1783608718.2627916": "[0.773478465503046, -0.6307838821323621, 0.06198997858589292, 0.0, -0.6312390705568403, -0.7754541725171729, -0.014424358850329003, 0.0, 0.057169040621561695, -0.02797356551697972, -0.9979725349059849, 0.0, 0.4479736760649524, 0.07338460630607624, 0.4643693145659652, 1.0]",
  "1783608718.2935798": "[0.7734764240898314, -0.6307547070207509, 0.06231148327855896, 0.0, -0.6312279670709959, -0.77546613244012, -0.0142664300292869, 0.0, 0.057319062837986205, -0.028298003631522507, -0.9979547825557258, 0.0, 0.44688376471268754, 0.07232490302974742, 0.46330315587989745, 1.0]",
