{
  "1783609006.9885375": "[0.7930851758627189, -0.6063017600489274, 0.05843012569191571, 0.0, -0.6064807610129336, -0.7949238270921832, -0.016649193442629925, 0.0, 0.056541934420156516, -0.022232518586293812, -0.9981526560448244, 0.0, 0.45606434430278364, 0.08192199502549137, 0.4742986016606832, 1.0]",
  "1783609007.022184": "[0.7930851758627189, -0.6063017600489274, 0.05843012569191571, 0.0, -0.6064807610129336, -0.7949238270921832, -0.016649193442629925, 0.0, 0.056541934420156516, -0.022232518586293812, -0.9981526560448244, 0.0, 0.45606434430278364, 0.08192199502549137, 0.4742986016606832, 1.0]",
  "1783609007.055534": "[0.7930751410403634, -0.6063149668929989, 0.05842928705152411, 0.0, -0.6064937164454628, -0.7949138453132689, -0.01665384164217901, 0.0, 0.05654372269295884, -0.022229247643902623, -0.9981526275942012, 0.0, 0.45606453801095714, 0.08191659924493808, 0.47430036131603087, 1.0]",
  "1783609007.0881608": "[0.7930751410403634, -0.6063149668929989, 0.05842928705152411, 0.0, -0.6064937164454628, -0.7949138453132689, -0.01665384164217901, 0.0, 0.05654372269295884, -0.022229247643902623, -0.9981526275942012, 0.0, 0.45606453801095714, 0.08191659924493808, 0.47430036131603087, 1.0]",
  "1783609007.1214983": "[0.7930754793235119, -0.6063144453945474, 0.05843010697991513, 0.0, -0.6064929643416784, -0.7949143275275006, -0.01665821405626894, 0.0, 0.056547045014089525, -0.022226227691700982, -0.9981525066355192, 0.0, 0.4560651056753921, 0.08191738587604167, 0.47430178927831823, 1.0]",
  "1783609007.1547992": "[0.7930754793235119, -0.6063144453945474, 0.05843010697991513, 0.0, -0.6064929643416784, -0.7949143275275006, -0.01665821405626894, 0.0, 0.056547045014089525, -0.022226227691700982, -0.9981525066355192, 0.0, 0.4560651056753921, 0.08191738587604167, 0.47430178927831823, 1.0]",
  "1783609007.1885302": "[0.7930765875276761, -0.6063127053636246, 0.058433121002552754, 0.0, -0.6064912241951377, -0.7949156317632853, -0.016659332299351702, 0.0, 0.056550166133616256, -0.02222704867992139, -0.9981523115322837, 0.0, 0.45606482738808507, 0.08191654349755778, 0.4743032150950241, 1.0]",
  "1783609007.2215426": "[0.7930765875276761, -0.6063127053636246, 0.058433121002552754, 0.0, -0.6064912241951377, -0.7949156317632853, -0.016659332299351702, 0.0, 0.056550166133616256, -0.02222704867992139, -0.9981523115322837, 0.0, 0.45606482738808507, 0.08191654349755778, 0.4743032150950241, 1.0]",
  "1783609007.2549422": "[0.7930842355389487, -0.6063029947932526, 0.05843007653883739, 0.0, -0.6064820418647017, -0.7949228662696908, -0.0166484106509029, 0.0, 0.05654138515480035, -0.022233200091575093, -0.998152671978823, 0.0, 0.456064231443279, 0.08192030589407734, 0.4742989072117333, 1.0]",
  "1783609007.2884376": "[0.7930842355389487, -0.6063029947932526, 0.05843007653883739, 0.0, -0.6064820418647017, -0.7949228662696908, -0.0166484106509029, 0.0, 0.05654138515480035, -0.022233200091575093, -0.998152671978823, 0.0, 0.456064231443279, 0.08192030589407734, 0.4742989072117333, 1.0]",
  "1783609007.3215723": "[0.7930581036365836, -0.6063388279198745, 0.058412926763678846, 0.0, -0.6065167471986137, -0.7948960804846004, -0.01666303087175715, 0.0, 0.05653564914245622, -0.022213666671063757, -0.9981534317874523, 0.0, 0.4560646006472651, 0.08190315886906215, 0.4742998274088349, 1.0]",
  "1783609007.3562107": "[0.7930581036365836, -0.6063388279198745, 0.058412926763678846, 0.0, -0.6065167471986137, -0.7948960804846004, -0.01666303087175715, 0.0, 0.05653564914245622, -0.022213666671063757, -0.9981534317874523, 0.0, 0.4560646006472651, 0.08190315886906215, 0.4742998274088349, 1.0]",
  "1783609007.3881278": "[0.7903652798570344, -0.6098387253929429, 0.05847609261589338, 0.0, -0.6099669207041136, -0.7922290734761535, -0.017704541390776936, 0.0, 0.057123375629012936, -0.021675427336663174, -0.9981318028229142, 0.0, 0.45633822796574075, 0.07980195391711926, 0.4746747295898712, 1.0]",
  "1783609007.4214873": "[0.7903652798570344, -0.6098387253929429, 0.05847609261589338, 0.0, -0.6099669207041136, -0.7922290734761535, -0.017704541390776936, 0.0, 0.057123375629012936, -0.021675427336663174, -0.9981318028229142, 0.0, 0.45633822796574075, 0.07980195391711926, 0.4746747295898712, 1.0]",
  "1783609007.4547718": "[0.7854071548021111, -0.616321277596428, 0.05730343765918163, 0.0, -0.616388100353993, -0.7872225783988438, -0.018609723293812976, 0.0, 0.056580128381337184, -0.02070494725864821, -0.9981833470016259, 0.0, 0.4570007526872785, 0.07588366555989737, 0.4746140296429072, 1.0]",
  "1783609007.4881992": "[0.7854071548021111, -0.616321277596428, 0.05730343765918163, 0.0, -0.616388100353993, -0.7872225783988438, -0.018609723293812976, 0.0, 0.056580128381337184, -0.02070494725864821, -0.9981833470016259, 0.0, 0.4570007526872785, 0.07588366555989737, 0.4746140296429072, 1.0]",
  "1783609007.5214381": "[0.7858605460784863, -0.6158276904284834, 0.05638668121767187, 0.0, -0.6159173810230079, -0.787608680630576, -0.017842251795181657, 0.0, 0.05539839231405758, -0.02070801528113637, -0.9982495661066597, 0.0, 0.457101578487457, 0.07617319542185405, 0.47406456709925227, 1.0]",
  "1783609007.5550807": "[0.7858605460784863, -0.6158276904284834, 0.05638668121767187, 0.0, -0.6159173810230079, -0.787608680630576, -0.017842251795181657, 0.0, 0.05539839231405758, -0.02070801528113637, -0.9982495661066597, 0.0, 0.457101578487457, 0.07617319542185405, 0.47406456709925227, 1.0]",
  "1783609007.5888453": "[0.7914554252637376, -0.6084883716919891, 0.0577945614762153, 0.0, -0.6086484689190215, -0.7932616173261926, -0.01682402328707261, 0.0, 0.05608342984453954, -0.021861106849027624, -0.9981867264716597, 0.0, 0.45633325447041634, 0.08060408289274701, 0.4741573518230061, 1.0]",
  "1783609007.621513": "[0.7914554252637376, -0.6084883716919891, 0.0577945614762153, 0.0, -0.6086484689190215, -0.7932616173261926, -0.01682402328707261, 0.0, 0.05608342984453954, -0.021861106849027624, -0.9981867264716597, 0.0, 0.45633325447041634, 0.08060408289274701, 0.4741573518230061, 1.0]",
  "1783609007.6548223": "[0.794530808600725, -0.6043750617806521, 0.058750139420352926, 0.0, -0.604571073336046, -0.796382417036666, -0.016397046079682127, 0.0, 0.05669754377024987, -0.02249067656765192, -0.9981380455618101, 0.0, 0.4558622897694023, 0.08307304709575095, 0.47431164231655165, 1.0]",
  "1783609007.6881452": "[0.794530808600725, -0.6043750617806521, 0.058750139420352926, 0.0, -0.604571073336046, -0.796382417036666, -0.016397046079682127, 0.0, 0.05669754377024987, -0.02249067656765192, -0.9981380455618101, 0.0, 0.4558622897694023, 0.08307304709575095, 0.47431164231655165, 1.0]",
  "1783609007.7225792": "[0.7944199511511034, -0.6045251387201328, 0.0587051775270535, 0.0, -0.6047210723913056, -0.7962687366232672, -0.016386692231673675, 0.0, 0.056651264937228156, -0.022482342666867397, -0.9981408610257481, 0.0, 0.45588208384294265, 0.08298546362924838, 0.4742938339619384, 1.0]",
  "1783609007.7552905": "[0.7944199511511034, -0.6045251387201328, 0.0587051775270535, 0.0, -0.6047210723913056, -0.7962687366232672, -0.016386692231673675, 0.0, 0.056651264937228156, -0.022482342666867397, -0.9981408610257481, 0.0, 0.45588208384294265, 0.08298546362924838, 0.4742938339619384, 1.0]",
  "1783609007.788138": "[0.793910560027079, -0.6052018756327379, 0.058623480006783, 0.0, -0.6053883071285379, -0.7957582005455681, -0.016549436743351832, 0.0, 0.05666586511765862, -0.022351196726242882, -0.9981429776015918, 0.0, 0.45595079690794577, 0.08257609314809762, 0.4743241285734655, 1.0]",
  "1783609007.8215408": "[0.793910560027079, -0.6052018756327379, 0.058623480006783, 0.0, -0.6053883071285379, -0.7957582005455681, -0.016549436743351832, 0.0, 0.05666586511765862, -0.022351196726242882, -0.9981429776015918, 0.0, 0.45595079690794577, 0.08257609314809762, 0.4743241285734655, 1.0]",
  "1783609007.8555856": "[0.7938640451527661, -0.6052635463290725, 0.05861669812298854, 0.0, -0.6054490967196813, -0.7957116302653213, -0.016564804309931538, 0.0, 0.05666806062508969, -0.022339224374607423, -0.9981431209798182, 0.0, 0.45595586800265875, 0.0825375735326293, 0.4743269830075384, 1.0]",
  "1783609007.8881104": "[0.7938640451527661, -0.6052635463290725, 0.05861669812298854, 0.0, -0.6054490967196813, -0.7957116302653213, -0.016564804309931538, 0.0, 0.05666806062508969, -0.022339224374607423, -0.9981431209798182, 0.0, 0.45595586800265875, 0.0825375735326293, 0.4743269830075384, 1.0]",
  "1783609007.9218137": "[0.793863266389609, -0.6052640636834068, 0.0586219028236837, 0.0, -0.6054495181886803, -0.7957112311562242, -0.01656857075731116, 0.0, 0.05667446693455013, -0.022339423119096546, -0.9981427528026188, 0.0, 0.4559577473812264, 0.0825379245502583, 0.474330053186388, 1.0]",
  "1783609007.9605892": "[0.793863266389609, -0.6052640636834068, 0.0586219028236837, 0.0, -0.6054495181886803, -0.7957112311562242, -0.01656857075731116, 0.0, 0.05667446693455013, -0.022339423119096546, -0.9981427528026188, 0.0, 0.4559577473812264, 0.0825379245502583, 0.474330053186388, 1.0]",
  "1783609007.9881833": "[0.7938486582495825, -0.6052836339777015, 0.05861766145186673, 0.0, -0.6054689976291898, -0.7956963939152388, -0.01656929751647906, 0.0, 0.0566709864502268, -0.02233766212103391, -0.998142989829476, 0.0, 0.45595655988082684, 0.08252975857107639, 0.474328991905307, 1.0]",
  "1783609008.0271788": "[0.7938486582495825, -0.6052836339777015, 0.05861766145186673, 0.0, -0.6054689976291898, -0.7956963939152388, -0.01656929751647906, 0.0, 0.0566709864502268, -0.02233766212103391, -0.998142989829476, 0.0, 0.45595655988082684, 0.08252975857107639, 0.474328991905307, 1.0]",
  "1783609008.0548637": "[0.79385462561848, -0.6052764723668337, 0.05861079579142816, 0.0, -0.605461876037454, -0.7957018901636632, -0.016565586472559467, 0.0, 0.05666348073803442, -0.022335934928601957, -0.9981434546003469, 0.0, 0.4559577425350164, 0.08253317274945701, 0.4743253157121987, 1.0]",
  "1783609008.0920148": "[0.79385462561848, -0.6052764723668337, 0.05861079579142816, 0.0, -0.605461876037454, -0.7957018901636632, -0.016565586472559467, 0.0, 0.05666348073803442, -0.022335934928601957, -0.9981434546003469, 0.0, 0.4559577425350164, 0.08253317274945701, 0.4743253157121987, 1.0]",
  "1783609008.1214473": "[0.7927945274326103, -0.6065904058394764, 0.05937100989880034, 0.0, -0.6067259281385684, -0.7947121635124421, -0.017782724475332683, 0.0, 0.05796969378301789, -0.021923884438488098, -0.9980775810997011, 0.0, 0.45634131681070983, 0.08178198023734964, 0.47456179638943063, 1.0]",
  "1783609008.1582708": "[0.7927945274326103, -0.6065904058394764, 0.05937100989880034, 0.0, -0.6067259281385684, -0.7947121635124421, -0.017782724475332683, 0.0, 0.05796969378301789, -0.021923884438488098, -0.9980775810997011, 0.0, 0.45634131681070983, 0.08178198023734964, 0.47456179638943063, 1.0]",
  "1783609008.1881256": "[0.7914775927811862, -0.6083080696561978, 0.05936760494115512, 0.0, -0.6084029536076949, -0.7934114531531891, -0.018550257323753018, 0.0, 0.05838720893082429, -0.021437313182737956, -0.9980638133089352, 0.0, 0.45671449417837023, 0.08083513146143662, 0.47459962176633685, 1.0]",
  "1783609008.226961": "[0.7914775927811862, -0.6083080696561978, 0.05936760494115512, 0.0, -0.6084029536076949, -0.7934114531531891, -0.018550257323753018, 0.0, 0.05838720893082429, -0.021437313182737956, -0.9980638133089352, 0.0, 0.45671449417837023, 0.08083513146143662, 0.47459962176633685, 1.0]",
  "1783609008.2547753": "[0.7923732382265845, -0.6070884753310591, 0.05990187361449173, 0.0, -0.6071940990767201, -0.7943378257964111, -0.01851336153814154, 0.0, 0.05882157247750974, -0.021702571949922127, -0.9980325751106687, 0.0, 0.4564971386190526, 0.08156812472097066, 0.47475992971826, 1.0]",
  "1783609008.2905917": "[0.7923732382265845, -0.6070884753310591, 0.05990187361449173, 0.0, -0.6071940990767201, -0.7943378257964111, -0.01851336153814154, 0.0, 0.05882157247750974, -0.021702571949922127, -0.9980325751106687, 0.0, 0.4564971386190526, 0.08156812472097066, 0.47475992971826, 1.0]",
  "1783609008.321506": "[0.7931182301256584, -0.6060894647994939, 0.06015840507698211, 0.0, -0.606207028821355, -0.7950948350094329, -0.018364137575926358, 0.0, 0.058961947474011206, -0.021903515708346033, -0.9980199019807601, 0.0, 0.4563746011077119, 0.0821723053097228, 0.47478959786814734, 1.0]",
  "1783609008.3550632": "[0.7931182301256584, -0.6060894647994939, 0.06015840507698211, 0.0, -0.606207028821355, -0.7950948350094329, -0.018364137575926358, 0.0, 0.058961947474011206, -0.021903515708346033, -0.9980199019807601, 0.0, 0.4563746011077119, 0.0821723053097228, 0.47478959786814734, 1.0]",
  "1783609008.3885837": "[0.7931583077448527, -0.6060362644624431, 0.06016597885623682, 0.0, -0.6061551620036032, -0.7951348850315401, -0.018342142248537734, 0.0, 0.05895607205120649, -0.02192169615444203, -0.9980198499058051, 0.0, 0.45636901743564207, 0.08220778310988766, 0.4747840070509234, 1.0]",
  "1783609008.4215043": "[0.7931583077448527, -0.6060362644624431, 0.06016597885623682, 0.0, -0.6061551620036032, -0.7951348850315401, -0.018342142248537734, 0.0, 0.05895607205120649, -0.02192169615444203, -0.9980198499058051, 0.0, 0.45636901743564207, 0.08220778310988766, 0.4747840070509234, 1.0]",
  "1783609008.4549496": "[0.7931494388551943, -0.6060501332095933, 0.060143193133758904, 0.0, -0.6061694816390575, -0.7951243269857764, -0.01832659719785965, 0.0, 0.05892815263629701, -0.0219212379224008, -0.9980215088638236, 0.0, 0.4563720339336747, 0.08219798142702711, 0.4747724279147927, 1.0]",
  "1783609008.4886322": "[0.7931494388551943, -0.6060501332095933, 0.060143193133758904, 0.0, -0.6061694816390575, -0.7951243269857764, -0.01832659719785965, 0.0, 0.05892815263629701, -0.0219212379224008, -0.9980215088638236, 0.0, 0.4563720339336747, 0.08219798142702711, 0.4747724279147927, 1.0]",
  "1783609008.521725": "[0.7931658524375098, -0.6060239981410391, 0.06019006732201273, 0.0, -0.6061428718206945, -0.7951440495133368, -0.018351007179273418, 0.0, 0.05898092461160374, -0.021928388009210466, -0.9980182344683279, 0.0, 0.4563650424717078, 0.08221310437768581, 0.47479523872107, 1.0]",
  "1783609008.5548654": "[0.7931658524375098, -0.6060239981410391, 0.06019006732201273, 0.0, -0.6061428718206945, -0.7951440495133368, -0.018351007179273418, 0.0, 0.05898092461160374, -0.021928388009210466, -0.9980182344683279, 0.0, 0.4563650424717078, 0.08221310437768581, 0.47479523872107, 1.0]",
  "1783609008.5886436": "[0.7931517632996085, -0.6060485930593402, 0.0601280568912397, 0.0, -0.6061680028237193, -0.7951256098931536, -0.0183198483821414, 0.0, 0.05891207624439441, -0.0219172841117568, -0.9980225448003366, 0.0, 0.4563728494382067, 0.08219630436538777, 0.4747658497411091, 1.0]",
  "1783609008.6215224": "[0.7931517632996085, -0.6060485930593402, 0.0601280568912397, 0.0, -0.6061680028237193, -0.7951256098931536, -0.0183198483821414, 0.0, 0.05891207624439441, -0.0219172841117568, -0.9980225448003366, 0.0, 0.4563728494382067, 0.08219630436538777, 0.4747658497411091, 1.0]",
  "1783609008.6554995": "[0.7931529710095131, -0.6060405684382932, 0.06019297289362795, 0.0, -0.6061594356301825, -0.7951313788840131, -0.018352899239824142, 0.0, 0.05898392302383214, -0.021929881919399628, -0.9980180244382966, 0.0, 0.45636622885723527, 0.08220357280693406, 0.4747977488022742, 1.0]",
  "1783609008.6881166": "[0.7931529710095131, -0.6060405684382932, 0.06019297289362795, 0.0, -0.6061594356301825, -0.7951313788840131, -0.018352899239824142, 0.0, 0.05898392302383214, -0.021929881919399628, -0.9980180244382966, 0.0, 0.45636622885723527, 0.08220357280693406, 0.4747977488022742, 1.0]",
  "1783609008.723717": "[0.7931547448243023, -0.6060425541340428, 0.06014959136504311, 0.0, -0.6061621350744346, -0.7951299707692954, -0.01832472609404686, 0.0, 0.0589323066297147, -0.021926061276590345, -0.9980211576275304, 0.0, 0.45636974794023516, 0.08220250464745643, 0.474775054894398, 1.0]",
  "1783609008.7547834": "[0.7931547448243023, -0.6060425541340428, 0.06014959136504311, 0.0, -0.6061621350744346, -0.7951299707692954, -0.01832472609404686, 0.0, 0.0589323066297147, -0.021926061276590345, -0.9980211576275304, 0.0, 0.45636974794023516, 0.08220250464745643, 0.474775054894398, 1.0]",
  "1783609008.7892952": "[0.7931480739320779, -0.6060487543803553, 0.06017507899334011, 0.0, -0.6061678535808733, -0.7951251980327843, -0.018342648077168892, 0.0, 0.05896326062042341, -0.021927762479232032, -0.9980192919626667, 0.0, 0.45636783196655406, 0.08219716587171866, 0.4747891317571879, 1.0]",
  "1783609008.821467": "[0.7931480739320779, -0.6060487543803553, 0.06017507899334011, 0.0, -0.6061678535808733, -0.7951251980327843, -0.018342648077168892, 0.0, 0.05896326062042341, -0.021927762479232032, -0.9980192919626667, 0.0, 0.45636783196655406, 0.08219716587171866, 0.4747891317571879, 1.0]",
  "1783609008.8550265": "[0.7931527847447387, -0.6060433509200133, 0.06016740693521501, 0.0, -0.6061626302363753, -0.79512932160747, -0.018336510708523407, 0.0, 0.05895358985325233, -0.021927579111385202, -0.9980198672961016, 0.0, 0.4563679988307724, 0.08220303681671187, 0.47478306185695746, 1.0]",
  "1783609008.8893864": "[0.7931527847447387, -0.6060433509200133, 0.06016740693521501, 0.0, -0.6061626302363753, -0.79512932160747, -0.018336510708523407, 0.0, 0.05895358985325233, -0.021927579111385202, -0.9980198672961016, 0.0, 0.4563679988307724, 0.08220303681671187, 0.47478306185695746, 1.0]",
  "1783609008.9214854": "[0.7931533323467996, -0.6060417321205658, 0.060176493047299565, 0.0, -0.6061607228487962, -0.7951305864511031, -0.01834471491604194, 0.0, 0.058965833010246035, -0.021926454757445948, -0.998019168713296, 0.0, 0.4563671772053227, 0.08220306576414729, 0.4747898029149884, 1.0]",
  "1783609008.9555542": "[0.7931533323467996, -0.6060417321205658, 0.060176493047299565, 0.0, -0.6061607228487962, -0.7951305864511031, -0.01834471491604194, 0.0, 0.058965833010246035, -0.021926454757445948, -0.998019168713296, 0.0, 0.4563671772053227, 0.08220306576414729, 0.4747898029149884, 1.0]",
  "1783609008.9882376": "[0.7931531328759852, -0.6060433740011185, 0.060162585037131455, 0.0, -0.606162674182562, -0.7951293376894235, -0.01833436045854626, 0.0, 0.058948454066708025, -0.02192635799486985, -0.998020197485114, 0.0, 0.45636877801252695, 0.08220212231679125, 0.4747816917921214, 1.0]",
  "1783609009.0216017": "[0.7931531328759852, -0.6060433740011185, 0.060162585037131455, 0.0, -0.606162674182562, -0.7951293376894235, -0.01833436045854626, 0.0, 0.058948454066708025, -0.02192635799486985, -0.998020197485114, 0.0, 0.45636877801252695, 0.08220212231679125, 0.4747816917921214, 1.0]",
  "1783609009.0547764": "[0.7931512219690967, -0.6060448271322189, 0.060173138485604426, 0.0, -0.6061640055666387, -0.7951281830196415, -0.018340417751285268, 0.0, 0.058960473576258256, -0.021928065901094418, -0.9980194499515032, 0.0, 0.45636638866837537, 0.08220301339746786, 0.4747877270020358, 1.0]",
  "1783609009.0881166": "[0.7931512219690967, -0.6060448271322189, 0.060173138485604426, 0.0, -0.6061640055666387, -0.7951281830196415, -0.018340417751285268, 0.0, 0.058960473576258256, -0.021928065901094418, -0.9980194499515032, 0.0, 0.45636638866837537, 0.08220301339746786, 0.4747877270020358, 1.0]",
  "1783609009.1214943": "[0.7931507728716712, -0.6060465668853393, 0.060161534717497904, 0.0, -0.606165619709833, -0.7951270015242204, -0.01833829132980988, 0.0, 0.05894991920999384, -0.02192282403334217, -0.9980201885791384, 0.0, 0.45636936197134925, 0.08219945601315415, 0.47478220801230686, 1.0]",
  "1783609009.154779": "[0.7931507728716712, -0.6060465668853393, 0.060161534717497904, 0.0, -0.606165619709833, -0.7951270015242204, -0.01833829132980988, 0.0, 0.05894991920999384, -0.02192282403334217, -0.9980201885791384, 0.0, 0.45636936197134925, 0.08219945601315415, 0.47478220801230686, 1.0]",
  "1783609009.1881185": "[0.7931525677689376, -0.6060431583240552, 0.060172206957573464, 0.0, -0.6061622918866117, -0.7951294815516439, -0.018340759585808566, 0.0, 0.05895998758743921, -0.021927102316961433, -0.9980194998333805, 0.0, 0.45636713208879087, 0.08220323977643369, 0.4747863802092448, 1.0]",
  "1783609009.2215052": "[0.7931525677689376, -0.6060431583240552, 0.060172206957573464, 0.0, -0.6061622918866117, -0.7951294815516439, -0.018340759585808566, 0.0, 0.05895998758743921, -0.021927102316961433, -0.9980194998333805, 0.0, 0.45636713208879087, 0.08220323977643369, 0.4747863802092448, 1.0]",
  "1783609009.2548692": "[0.7931505740740015, -0.6060464937423817, 0.06016489232640043, 0.0, -0.6061655618618853, -0.7951270227971277, -0.018339281077543457, 0.0, 0.058953188707201745, -0.021924074446634287, -0.9980199679870698, 0.0, 0.456368444284037, 0.08219972519309815, 0.47478336379699815, 1.0]",
  "1783609009.288883": "[0.7931505740740015, -0.6060464937423817, 0.06016489232640043, 0.0, -0.6061655618618853, -0.7951270227971277, -0.018339281077543457, 0.0, 0.058953188707201745, -0.021924074446634287, -0.9980199679870698, 0.0, 0.456368444284037, 0.08219972519309815, 0.47478336379699815, 1.0]",
  "1783609009.3214388": "[0.7931563794657526, -0.6060383712945157, 0.06017017725974998, 0.0, -0.606157564540956, -0.7951331308086116, -0.01833879058912755, 0.0, 0.05895731220600019, -0.02192707935831464, -0.9980196583876784, 0.0, 0.45636761884752675, 0.0822044943724063, 0.47478537324697634, 1.0]",
  "1783609009.3566806": "[0.7931563794657526, -0.6060383712945157, 0.06017017725974998, 0.0, -0.606157564540956, -0.7951331308086116, -0.01833879058912755, 0.0, 0.05895731220600019, -0.02192707935831464, -0.9980196583876784, 0.0, 0.45636761884752675, 0.0822044943724063, 0.47478537324697634, 1.0]",
  "1783609009.3884773": "[0.7931511983986861, -0.6060453892562185, 0.06016778739497318, 0.0, -0.6061646315012086, -0.7951277762223079, -0.01833736613506593, 0.0, 0.058954355188841456, -0.021927280749013955, -0.9980198286423079, 0.0, 0.45636931481111104, 0.0822003935365761, 0.4747848834102646, 1.0]",
  "1783609009.4214766": "[0.7931511983986861, -0.6060453892562185, 0.06016778739497318, 0.0, -0.6061646315012086, -0.7951277762223079, -0.01833736613506593, 0.0, 0.058954355188841456, -0.021927280749013955, -0.9980198286423079, 0.0, 0.45636931481111104, 0.0822003935365761, 0.4747848834102646, 1.0]",
  "1783609009.4555016": "[0.7931565705428377, -0.6060377975038376, 0.06017343767329629, 0.0, -0.6061569509732532, -0.7951335555429293, -0.018340655290056147, 0.0, 0.058961049783171654, -0.021927536258255078, -0.9980194275474348, 0.0, 0.45636701324413886, 0.08220518153889955, 0.47478699451892137, 1.0]",
  "1783609009.4887416": "[0.7931565705428377, -0.6060377975038376, 0.06017343767329629, 0.0, -0.6061569509732532, -0.7951335555429293, -0.018340655290056147, 0.0, 0.058961049783171654, -0.021927536258255078, -0.9980194275474348, 0.0, 0.45636701324413886, 0.08220518153889955, 0.47478699451892137, 1.0]",
  "1783609009.5215154": "[0.7931509127120995, -0.6060466372304928, 0.060158982418048804, 0.0, -0.6061658193997382, -0.7951269216685253, -0.01833515283217405, 0.0, 0.058945984217820296, -0.021923775668136313, -0.9980204000946302, 0.0, 0.4563681510068219, 0.08220056710667295, 0.47478155892341994, 1.0]",
  "1783609009.5548947": "[0.7931509127120995, -0.6060466372304928, 0.060158982418048804, 0.0, -0.6061658193997382, -0.7951269216685253, -0.01833515283217405, 0.0, 0.058945984217820296, -0.021923775668136313, -0.9980204000946302, 0.0, 0.4563681510068219, 0.08220056710667295, 0.47478155892341994, 1.0]",
  "1783609009.5887587": "[0.7931503823228756, -0.6060461090590562, 0.06017129477960989, 0.0, -0.6061651070697874, -0.7951272874495854, -0.018342838497275797, 0.0, 0.05896044430081329, -0.02192510997560891, -0.9980195166230004, 0.0, 0.45636795172361966, 0.08220177933109324, 0.47478697286825244, 1.0]",
  "1783609009.6214852": "[0.7931503823228756, -0.6060461090590562, 0.06017129477960989, 0.0, -0.6061651070697874, -0.7951272874495854, -0.018342838497275797, 0.0, 0.05896044430081329, -0.02192510997560891, -0.9980195166230004, 0.0, 0.45636795172361966, 0.08220177933109324, 0.47478697286825244, 1.0]",
  "1783609009.6548162": "[0.7931519779392311, -0.6060447608546766, 0.0601638407324813, 0.0, -0.6061640812641391, -0.7951282607571923, -0.01833454472967576, 0.0, 0.058949524818166295, -0.021927078825968886, -0.9980201184033677, 0.0, 0.45636854236414276, 0.08220007039363642, 0.47478263361619055, 1.0]",
  "1783609009.6898184": "[0.7931519779392311, -0.6060447608546766, 0.0601638407324813, 0.0, -0.6061640812641391, -0.7951282607571923, -0.01833454472967576, 0.0, 0.058949524818166295, -0.021927078825968886, -0.9980201184033677, 0.0, 0.45636854236414276, 0.08220007039363642, 0.47478263361619055, 1.0]",
  "1783609009.7214413": "[0.7931561748135999, -0.6060383490864245, 0.0601730985711979, 0.0, -0.6061574271348391, -0.7951331654803009, -0.01834182876782118, 0.0, 0.058961477969351014, -0.0219264358680773, -0.9980194264270572, 0.0, 0.45636826640641465, 0.08220368743371621, 0.47478681831189573, 1.0]",
  "1783609009.7547996": "[0.7931561748135999, -0.6060383490864245, 0.0601730985711979, 0.0, -0.6061574271348391, -0.7951331654803009, -0.01834182876782118, 0.0, 0.058961477969351014, -0.0219264358680773, -0.9980194264270572, 0.0, 0.45636826640641465, 0.08220368743371621, 0.47478681831189573, 1.0]",
  "1783609009.7881331": "[0.7931544687100622, -0.6060410807173613, 0.06016807499157278, 0.0, -0.606160388340635, -0.795131038214739, -0.01833618483441718, 0.0, 0.05895398520871501, -0.021928076762088543, -0.9980198330081054, 0.0, 0.45636850164105164, 0.0822013793777173, 0.47478455866375513, 1.0]",
  "1783609009.823006": "[0.7931544687100622, -0.6060410807173613, 0.06016807499157278, 0.0, -0.606160388340635, -0.795131038214739, -0.01833618483441718, 0.0, 0.05895398520871501, -0.021928076762088543, -0.9980198330081054, 0.0, 0.45636850164105164, 0.0822013793777173, 0.47478455866375513, 1.0]",
  "1783609009.8550198": "[0.7931506338414869, -0.6060458296888073, 0.06017079319447971, 0.0, -0.6061649726124821, -0.7951274511221438, -0.01834018674145787, 0.0, 0.05895844311509879, -0.02192689647004458, -0.9980195955975191, 0.0, 0.4563679369138318, 0.08220099009979766, 0.4747873106060566, 1.0]",
  "1783609009.893748": "[0.7931506338414869, -0.6060458296888073, 0.06017079319447971, 0.0, -0.6061649726124821, -0.7951274511221438, -0.01834018674145787, 0.0, 0.05895844311509879, -0.02192689647004458, -0.9980195955975191, 0.0, 0.4563679369138318, 0.08220099009979766, 0.4747873106060566, 1.0]",
  "1783609009.921443": "[0.793150287863519, -0.6060474657356313, 0.060158874137036064, 0.0, -0.6061667010630519, -0.7951262704096582, -0.018334247373807733, 0.0, 0.05894532538169185, -0.02192449269301794, -0.9980204232558572, 0.0, 0.456368848189554, 0.0822006754042332, 0.4747813110782135, 1.0]",
  "1783609009.956341": "[0.793150287863519, -0.6060474657356313, 0.060158874137036064, 0.0, -0.6061667010630519, -0.7951262704096582, -0.018334247373807733, 0.0, 0.05894532538169185, -0.02192449269301794, -0.9980204232558572, 0.0, 0.456368848189554, 0.0822006754042332, 0.4747813110782135, 1.0]",
  "1783609009.9881096": "[0.7931537613022842, -0.6060417827797203, 0.06017032871122916, 0.0, -0.6061608453473036, -0.7951305740808077, -0.018341203062152558, 0.0, 0.05895880341290236, -0.021925503120868533, -0.9980196049241794, 0.0, 0.4563670533946474, 0.08220309725848009, 0.47478675421942285, 1.0]",
  "1783609010.0215018": "[0.7931537613022842, -0.6060417827797203, 0.06017032871122916, 0.0, -0.6061608453473036, -0.7951305740808077, -0.018341203062152558, 0.0, 0.05895880341290236, -0.021925503120868533, -0.9980196049241794, 0.0, 0.4563670533946474, 0.08220309725848009, 0.47478675421942285, 1.0]",
  "1783609010.0547931": "[0.7931557101496433, -0.6060397960865299, 0.06016464922537447, 0.0, -0.6061591738688968, -0.7951320221483178, -0.018333665451932272, 0.0, 0.058949770072423927, -0.02192790262939163, -0.9980200858172565, 0.0, 0.45636739903917245, 0.082202890833914, 0.47478304279622385, 1.0]",
  "1783609010.0881548": "[0.7931557101496433, -0.6060397960865299, 0.06016464922537447, 0.0, -0.6061591738688968, -0.7951320221483178, -0.018333665451932272, 0.0, 0.058949770072423927, -0.02192790262939163, -0.9980200858172565, 0.0, 0.45636739903917245, 0.082202890833914, 0.47478304279622385, 1.0]",
  "1783609010.1214788": "[0.7931528442579139, -0.6060432497562419, 0.0601676413903252, 0.0, -0.6061623696692197, -0.795129456097238, -0.018339292339317935, 0.0, 0.05895546830089292, -0.021925498201959957, -0.9980198020510507, 0.0, 0.4563684105920255, 0.08220134177702115, 0.4747863268369578, 1.0]",
  "1783609010.154947": "[0.7931528442579139, -0.6060432497562419, 0.0601676413903252, 0.0, -0.6061623696692197, -0.795129456097238, -0.018339292339317935, 0.0, 0.05895546830089292, -0.021925498201959957, -0.9980198020510507, 0.0, 0.4563684105920255, 0.08220134177702115, 0.4747863268369578, 1.0]",
  "1783609010.1893756": "[0.7931508843871107, -0.6060460015264998, 0.06016575961197641, 0.0, -0.6061651354752661, -0.7951273665774157, -0.018338469235892624, 0.0, 0.058953397952930114, -0.021925212733411924, -0.9980199306208255, 0.0, 0.4563678819181856, 0.08220178148183079, 0.47478534065889666, 1.0]",
  "1783609010.2217815": "[0.7931508843871107, -0.6060460015264998, 0.06016575961197641, 0.0, -0.6061651354752661, -0.7951273665774157, -0.018338469235892624, 0.0, 0.058953397952930114, -0.021925212733411924, -0.9980199306208255, 0.0, 0.4563678819181856, 0.08220178148183079, 0.47478534065889666, 1.0]",
  "1783609010.2547894": "[0.7931532556266381, -0.6060428621422238, 0.060166122821123144, 0.0, -0.6061620511793793, -0.7951297393195997, -0.018337539626496955, 0.0, 0.05895320855451931, -0.02192594116582391, -0.9980199258056528, 0.0, 0.456368761397534, 0.08220135587787558, 0.4747849869114399, 1.0]",
  "1783609010.288606": "[0.7931532556266381, -0.6060428621422238, 0.060166122821123144, 0.0, -0.6061620511793793, -0.7951297393195997, -0.018337539626496955, 0.0, 0.05895320855451931, -0.02192594116582391, -0.9980199258056528, 0.0, 0.456368761397534, 0.08220135587787558, 0.4747849869114399, 1.0]",
  "1783609010.32206": "[0.7931538176153129, -0.6060422490689248, 0.060164889642833, 0.0, -0.6061615407045087, -0.7951301797316461, -0.018335317031795032, 0.0, 0.05895089628658128, -0.02192691550126109, -0.99802004098295, 0.0, 0.45636727543403194, 0.08220107203554926, 0.4747839373530572, 1.0]",
  "1783609010.3575296": "[0.7931538176153129, -0.6060422490689248, 0.060164889642833, 0.0, -0.6061615407045087, -0.7951301797316461, -0.018335317031795032, 0.0, 0.05895089628658128, -0.02192691550126109, -0.99802004098295, 0.0, 0.45636727543403194, 0.08220107203554926, 0.4747839373530572, 1.0]",
  "1783609010.3882713": "[0.7931504189831778, -0.6060458087434695, 0.060173836268627, 0.0, -0.606164964530344, -0.7951274361563676, -0.018341102674834183, 0.0, 0.05896141655978331, -0.021928018056268792, -0.9980193952931917, 0.0, 0.4563675472871529, 0.0822019328218403, 0.47478727412773414, 1.0]",
  "1783609010.4215562": "[0.7931504189831778, -0.6060458087434695, 0.060173836268627, 0.0, -0.606164964530344, -0.7951274361563676, -0.018341102674834183, 0.0, 0.05896141655978331, -0.021928018056268792, -0.9980193952931917, 0.0, 0.4563675472871529, 0.0822019328218403, 0.47478727412773414, 1.0]",
  "1783609010.4548223": "[0.7931512840275681, -0.6060454978500208, 0.06016556474546213, 0.0, -0.6061648609504072, -0.7951276674895822, -0.018334495944794475, 0.0, 0.058950843881944895, -0.021928222187323803, -0.9980200153690855, 0.0, 0.4563679757907283, 0.08220084938218712, 0.47478301817981866, 1.0]",
  "1783609010.4881158": "[0.7931512840275681, -0.6060454978500208, 0.06016556474546213, 0.0, -0.6061648609504072, -0.7951276674895822, -0.018334495944794475, 0.0, 0.058950843881944895, -0.021928222187323803, -0.9980200153690855, 0.0, 0.4563679757907283, 0.08220084938218712, 0.47478301817981866, 1.0]",
  "1783609010.5214999": "[0.7931514019811237, -0.6060450334906654, 0.06016868717760332, 0.0, -0.6061642288400387, -0.7951280574902266, -0.018338480487226996, 0.0, 0.05895575637831421, -0.02192691435468187, -0.9980197539211053, 0.0, 0.4563680500539092, 0.08220167467981529, 0.4747859060907317, 1.0]",
  "1783609010.5551896": "[0.7931514019811237, -0.6060450334906654, 0.06016868717760332, 0.0, -0.6061642288400387, -0.7951280574902266, -0.018338480487226996, 0.0, 0.05895575637831421, -0.02192691435468187, -0.9980197539211053, 0.0, 0.4563680500539092, 0.08220167467981529, 0.4747859060907317, 1.0]",
  "1783609010.5881107": "[0.7931549222842509, -0.606040622786495, 0.06016670830967269, 0.0, -0.6061599679030767, -0.7951313855648581, -0.018335021173977662, 0.0, 0.05895220579422769, -0.02192813768349863, -0.998019936779686, 0.0, 0.4563673639746013, 0.08220358074184003, 0.47478424212224524, 1.0]",
  "1783609010.6214483": "[0.7931549222842509, -0.606040622786495, 0.06016670830967269, 0.0, -0.6061599679030767, -0.7951313855648581, -0.018335021173977662, 0.0, 0.05895220579422769, -0.02192813768349863, -0.998019936779686, 0.0, 0.4563673639746013, 0.08220358074184003, 0.47478424212224524, 1.0]",
  "1783609010.6547952": "[0.7931524466392702, -0.6060441197343915, 0.06016411991798772, 0.0, -0.6061633525909216, -0.795128780301672, -0.018336104049373015, 0.0, 0.05895071132627359, -0.021925958846577245, -0.9980200729257827, 0.0, 0.4563686420505012, 0.08219920336064354, 0.4747834219098688, 1.0]",
  "1783609010.6881778": "[0.7931524466392702, -0.6060441197343915, 0.06016411991798772, 0.0, -0.6061633525909216, -0.795128780301672, -0.018336104049373015, 0.0, 0.05895071132627359, -0.021925958846577245, -0.9980200729257827, 0.0, 0.4563686420505012, 0.08219920336064354, 0.4747834219098688, 1.0]",
  "1783609010.7215607": "[0.79315099208876, -0.6060456965279456, 0.06016741201491901, 0.0, -0.6061649980800227, -0.795127522843929, -0.01833623512947656, 0.0, 0.05895336166209641, -0.021927976104386203, -0.9980198720530085, 0.0, 0.4563683555916723, 0.08220110566665037, 0.47478464557751787, 1.0]",
  "1783609010.7552774": "[0.79315099208876, -0.6060456965279456, 0.06016741201491901, 0.0, -0.6061649980800227, -0.795127522843929, -0.01833623512947656, 0.0, 0.05895336166209641, -0.021927976104386203, -0.9980198720530085, 0.0, 0.4563683555916723, 0.08220110566665037, 0.47478464557751787, 1.0]",
  "1783609010.7882018": "[0.7931558493592142, -0.6060386376403063, 0.060174482252404925, 0.0, -0.6061578477797075, -0.7951328842013823, -0.018340120955538757, 0.0, 0.058961531546732775, -0.021928660439534915, -0.9980193743855832, 0.0, 0.4563678609064487, 0.08220270972851637, 0.4747888890780818, 1.0]",
  "1783609010.82264": "[0.7931558493592142, -0.6060386376403063, 0.060174482252404925, 0.0, -0.6061578477797075, -0.7951328842013823, -0.018340120955538757, 0.0, 0.058961531546732775, -0.021928660439534915, -0.9980193743855832, 0.0, 0.4563678609064487, 0.08220270972851637, 0.4747888890780818, 1.0]",
  "1783609010.8547757": "[0.7931498114261495, -0.6060470009026717, 0.060169837390013275, 0.0, -0.6061662561512371, -0.795126523550153, -0.018337978368416333, 0.0, 0.05895631041929607, -0.021928160979086852, -0.9980196938025916, 0.0, 0.4563674823919259, 0.08220011377488773, 0.4747861446279125, 1.0]",
  "1783609010.8881285": "[0.7931498114261495, -0.6060470009026717, 0.060169837390013275, 0.0, -0.6061662561512371, -0.795126523550153, -0.018337978368416333, 0.0, 0.05895631041929607, -0.021928160979086852, -0.9980196938025916, 0.0, 0.4563674823919259, 0.08220011377488773, 0.4747861446279125, 1.0]",
  "1783609010.9237187": "[0.7931526090963148, -0.6060431024913422, 0.060172224542366794, 0.0, -0.6061623920254728, -0.7951294660094121, -0.0183381236102445, 0.0, 0.05895840209559284, -0.021929208974698758, -0.9980195472114155, 0.0, 0.4563678908351148, 0.08220148647007461, 0.4747871444743529, 1.0]",
  "1783609010.954771": "[0.7931526090963148, -0.6060431024913422, 0.060172224542366794, 0.0, -0.6061623920254728, -0.7951294660094121, -0.0183381236102445, 0.0, 0.05895840209559284, -0.021929208974698758, -0.9980195472114155, 0.0, 0.4563678908351148, 0.08220148647007461, 0.4747871444743529, 1.0]",
  "1783609010.9897707": "[0.7931525889382881, -0.6060432309002012, 0.060171196934549157, 0.0, -0.6061625034051407, -0.7951293831634567, -0.018338034128927556, 0.0, 0.05895752815462836, -0.02192866412133247, -0.9980196108112054, 0.0, 0.4563681880827567, 0.08220061131899076, 0.4747870960102146, 1.0]",
  "1783609011.021531": "[0.7931525889382881, -0.6060432309002012, 0.060171196934549157, 0.0, -0.6061625034051407, -0.7951293831634567, -0.018338034128927556, 0.0, 0.05895752815462836, -0.02192866412133247, -0.9980196108112054, 0.0, 0.4563681880827567, 0.08220061131899076, 0.4747870960102146, 1.0]",
  "1783609011.0586033": "[0.7931525648768507, -0.6060437440173568, 0.060166345798107736, 0.0, -0.6061629704311625, -0.795129050350281, -0.018337027216257944, 0.0, 0.058953050025785166, -0.021926550720177868, -0.9980199217782042, 0.0, 0.45636825664707786, 0.08220020967981634, 0.4747841525168661, 1.0]",
  "1783609011.0882053": "[0.7931525648768507, -0.6060437440173568, 0.060166345798107736, 0.0, -0.6061629704311625, -0.795129050350281, -0.018337027216257944, 0.0, 0.058953050025785166, -0.021926550720177868, -0.9980199217782042, 0.0, 0.45636825664707786, 0.08220020967981634, 0.4747841525168661, 1.0]",
  "1783609011.1216025": "[0.7931567536733175, -0.6060379286532306, 0.060169702808857035, 0.0, -0.606157223648763, -0.79513343491626, -0.018336872598483028, 0.0, 0.058955782759859875, -0.021928285659653952, -0.9980197222335843, 0.0, 0.45636750110379815, 0.0822022468820579, 0.4747862583161425, 1.0]",
  "1783609011.1547787": "[0.7931567536733175, -0.6060379286532306, 0.060169702808857035, 0.0, -0.606157223648763, -0.79513343491626, -0.018336872598483028, 0.0, 0.058955782759859875, -0.021928285659653952, -0.9980197222335843, 0.0, 0.45636750110379815, 0.0822022468820579, 0.4747862583161425, 1.0]",
  "1783609011.1881037": "[0.7931480039963329, -0.6060498741536464, 0.060164722179883647, 0.0, -0.6061692334341018, -0.7951243356082611, -0.01833443103659493, 0.0, 0.05895001437274263, -0.02192808614247208, -0.9980200673551523, 0.0, 0.45636712538322827, 0.08220018734365986, 0.4747832822414523, 1.0]",
  "1783609011.2252188": "[0.7931480039963329, -0.6060498741536464, 0.060164722179883647, 0.0, -0.6061692334341018, -0.7951243356082611, -0.01833443103659493, 0.0, 0.05895001437274263, -0.02192808614247208, -0.9980200673551523, 0.0, 0.45636712538322827, 0.08220018734365986, 0.4747832822414523, 1.0]",
  "1783609011.2548008": "[0.793149958202369, -0.6060471749202531, 0.06016614974186488, 0.0, -0.606166625335221, -0.795126349832264, -0.018333306633834204, 0.0, 0.058950539720092385, -0.021929650558102993, -0.9980200019504166, 0.0, 0.4563675374914015, 0.08220071753826037, 0.4747832006672497, 1.0]",
  "1783609011.2890003": "[0.793149958202369, -0.6060471749202531, 0.06016614974186488, 0.0, -0.606166625335221, -0.795126349832264, -0.018333306633834204, 0.0, 0.058950539720092385, -0.021929650558102993, -0.9980200019504166, 0.0, 0.4563675374914015, 0.08220071753826037, 0.4747832006672497, 1.0]",
  "1783609011.321447": "[0.7931521794238099, -0.6060447054936452, 0.06016174214882303, 0.0, -0.6061641667799632, -0.7951282686550563, -0.018331374677475844, 0.0, 0.05894593444177007, -0.0219283225243979, -0.9980203031422019, 0.0, 0.4563684001786937, 0.08220092111091426, 0.4747816227537652, 1.0]",
  "1783609011.355529": "[0.7931521794238099, -0.6060447054936452, 0.06016174214882303, 0.0, -0.6061641667799632, -0.7951282686550563, -0.018331374677475844, 0.0, 0.05894593444177007, -0.0219283225243979, -0.9980203031422019, 0.0, 0.4563684001786937, 0.08220092111091426, 0.4747816227537652, 1.0]",
  "1783609011.3881066": "[0.7931554442746516, -0.6060393751074272, 0.060172394309010765, 0.0, -0.6061585748569992, -0.7951323431056856, -0.018339549465394827, 0.0, 0.05895950597496259, -0.021927899276061192, -0.9980195107754792, 0.0, 0.4563683798958414, 0.08220220014309274, 0.47478761603405145, 1.0]",
