{
  "1783608859.1155994": "[0.7839922271841044, -0.6180417305682425, 0.0581429874629725, 0.0, -0.6183229227773542, -0.7857774415851517, -0.01518471152058675, 0.0, 0.05507223332113505, -0.02404644614293929, -0.9981927757427005, 0.0, 0.45623977564683316, 0.08196260286270629, 0.47305837113224103, 1.0]",
  "1783608859.1489942": "[0.7839922271841044, -0.6180417305682425, 0.0581429874629725, 0.0, -0.6183229227773542, -0.7857774415851517, -0.01518471152058675, 0.0, 0.05507223332113505, -0.02404644614293929, -0.9981927757427005, 0.0, 0.45623977564683316, 0.08196260286270629, 0.47305837113224103, 1.0]",
  "1783608859.1820967": "[0.7839964608746455, -0.6180374058621877, 0.05813186984063023, 0.0, -0.6183187770541699, -0.7857808639427579, -0.01517642262224135, 0.0, 0.055058507773696634, -0.024045765043155545, -0.9981935493205831, 0.0, 0.45624120401499907, 0.08195965392614467, 0.47305188098273243, 1.0]",
  "1783608859.2162538": "[0.7839964608746455, -0.6180374058621877, 0.05813186984063023, 0.0, -0.6183187770541699, -0.7857808639427579, -0.01517642262224135, 0.0, 0.055058507773696634, -0.024045765043155545, -0.9981935493205831, 0.0, 0.45624120401499907, 0.08195965392614467, 0.47305188098273243, 1.0]",
  "1783608859.2565217": "[0.7839973993749075, -0.6180358802453645, 0.05813543242050608, 0.0, -0.6183172785061921, -0.7857820236994062, -0.01517742835796567, 0.0, 0.05506197303110163, -0.02404707799718392, -0.9981933265483789, 0.0, 0.4562399208435102, 0.08196502873874592, 0.47305377497519546, 1.0]",
  "1783608859.2821107": "[0.7839973993749075, -0.6180358802453645, 0.05813543242050608, 0.0, -0.6183172785061921, -0.7857820236994062, -0.01517742835796567, 0.0, 0.05506197303110163, -0.02404707799718392, -0.9981933265483789, 0.0, 0.4562399208435102, 0.08196502873874592, 0.47305377497519546, 1.0]",
  "1783608859.3154778": "[0.7839903282904708, -0.6180450865080116, 0.05813291830197743, 0.0, -0.6183263549852118, -0.7857748499723705, -0.015179060629701743, 0.0, 0.05506072899718676, -0.02404487875209399, -0.9981934481492529, 0.0, 0.4562402249455139, 0.0819589387801336, 0.4730532707347238, 1.0]",
  "1783608859.348729": "[0.7839903282904708, -0.6180450865080116, 0.05813291830197743, 0.0, -0.6183263549852118, -0.7857748499723705, -0.015179060629701743, 0.0, 0.05506072899718676, -0.02404487875209399, -0.9981934481492529, 0.0, 0.4562402249455139, 0.0819589387801336, 0.4730532707347238, 1.0]",
  "1783608859.3820803": "[0.7839945926165446, -0.6180396733213233, 0.058132959230458844, 0.0, -0.6183208895005089, -0.7857791363862838, -0.015179803270311928, 0.0, 0.05506138715395453, -0.02404393937976664, -0.9981934344723893, 0.0, 0.45624015641901206, 0.08196257685571048, 0.4730538431676724, 1.0]",
  "1783608859.416015": "[0.7839945926165446, -0.6180396733213233, 0.058132959230458844, 0.0, -0.6183208895005089, -0.7857791363862838, -0.015179803270311928, 0.0, 0.05506138715395453, -0.02404393937976664, -0.9981934344723893, 0.0, 0.45624015641901206, 0.08196257685571048, 0.4730538431676724, 1.0]",
  "1783608859.4499338": "[0.7839866106244648, -0.6180499649951808, 0.05813118896960138, 0.0, -0.618330932739464, -0.7857711531146714, -0.015183957006807202, 0.0, 0.05506225548511604, -0.024040293307193285, -0.9981934743919119, 0.0, 0.4562405275570875, 0.08195932854422147, 0.47305408979781277, 1.0]",
  "1783608859.482108": "[0.7839866106244648, -0.6180499649951808, 0.05813118896960138, 0.0, -0.618330932739464, -0.7857711531146714, -0.015183957006807202, 0.0, 0.05506225548511604, -0.024040293307193285, -0.9981934743919119, 0.0, 0.4562405275570875, 0.08195932854422147, 0.47305408979781277, 1.0]",
  "1783608859.5154653": "[0.7839927362780417, -0.6180418744426709, 0.05813459296029257, 0.0, -0.6183232626212481, -0.7857773136627779, -0.015177491041764583, 0.0, 0.05506116930000678, -0.024046928458697877, -0.9981933744856342, 0.0, 0.4562402118680935, 0.08196125232126682, 0.47305265859141965, 1.0]",
  "1783608859.5487008": "[0.7839927362780417, -0.6180418744426709, 0.05813459296029257, 0.0, -0.6183232626212481, -0.7857773136627779, -0.015177491041764583, 0.0, 0.05506116930000678, -0.024046928458697877, -0.9981933744856342, 0.0, 0.4562402118680935, 0.08196125232126682, 0.47305265859141965, 1.0]",
  "1783608859.582118": "[0.7839902263351285, -0.6180453436732847, 0.058131559197784545, 0.0, -0.6183264324584219, -0.7857747373613133, -0.015181734024791095, 0.0, 0.05506131068395121, -0.02404194851775599, -0.9981934866433635, 0.0, 0.4562411275375362, 0.08196173364458764, 0.47305406440408204, 1.0]",
  "1783608859.6154895": "[0.7839902263351285, -0.6180453436732847, 0.058131559197784545, 0.0, -0.6183264324584219, -0.7857747373613133, -0.015181734024791095, 0.0, 0.05506131068395121, -0.02404194851775599, -0.9981934866433635, 0.0, 0.4562411275375362, 0.08196173364458764, 0.47305406440408204, 1.0]",
  "1783608859.648838": "[0.783406382399919, -0.6187772356444573, 0.058216601268672605, 0.0, -0.6190446105764303, -0.7852029104461009, -0.015497081765547087, 0.0, 0.05530108616788326, -0.023898160497745763, -0.9981836843955505, 0.0, 0.4562800387169418, 0.0815296902003676, 0.473195192316468, 1.0]",
  "1783608859.6825702": "[0.783406382399919, -0.6187772356444573, 0.058216601268672605, 0.0, -0.6190446105764303, -0.7852029104461009, -0.015497081765547087, 0.0, 0.05530108616788326, -0.023898160497745763, -0.9981836843955505, 0.0, 0.4562800387169418, 0.0815296902003676, 0.473195192316468, 1.0]",
  "1783608859.7153802": "[0.7769780965346322, -0.626760477886174, 0.05896050258702656, 0.0, -0.6269114337372563, -0.7788778045117599, -0.01820494131930668, 0.0, 0.05733316452907156, -0.02281817255690244, -0.9980943037840897, 0.0, 0.45690898176942774, 0.07668412157604816, 0.4743388612200631, 1.0]",
  "1783608859.748878": "[0.7769780965346322, -0.626760477886174, 0.05896050258702656, 0.0, -0.6269114337372563, -0.7788778045117599, -0.01820494131930668, 0.0, 0.05733316452907156, -0.02281817255690244, -0.9980943037840897, 0.0, 0.45690898176942774, 0.07668412157604816, 0.4743388612200631, 1.0]",
  "1783608859.782714": "[0.7758254490213923, -0.6284027289210429, 0.056611685501681185, 0.0, -0.6285661393095267, -0.7775680472880897, -0.01710381098186659, 0.0, 0.05476751924518438, -0.022314616760613182, -0.9982497566814403, 0.0, 0.4573860819926432, 0.07564233842824117, 0.47314285581382887, 1.0]",
  "1783608859.815375": "[0.7758254490213923, -0.6284027289210429, 0.056611685501681185, 0.0, -0.6285661393095267, -0.7775680472880897, -0.01710381098186659, 0.0, 0.05476751924518438, -0.022314616760613182, -0.9982497566814403, 0.0, 0.4573860819926432, 0.07564233842824117, 0.47314285581382887, 1.0]",
  "1783608859.8491395": "[0.7813464765263973, -0.6214799317762175, 0.05709971995738737, 0.0, -0.6217235843501906, -0.783082205630032, -0.015557759747354225, 0.0, 0.05438261011146453, -0.023344241796059546, -0.9982472529851671, 0.0, 0.45677809786811646, 0.07986408330160705, 0.4727574163087233, 1.0]",
  "1783608859.8823562": "[0.7813464765263973, -0.6214799317762175, 0.05709971995738737, 0.0, -0.6217235843501906, -0.783082205630032, -0.015557759747354225, 0.0, 0.05438261011146453, -0.023344241796059546, -0.9982472529851671, 0.0, 0.45677809786811646, 0.07986408330160705, 0.4727574163087233, 1.0]",
  "1783608859.9155326": "[0.785065022631266, -0.616648151912202, 0.05846338156688895, 0.0, -0.6169322190491551, -0.7868691985113287, -0.015215174439518354, 0.0, 0.05538544339495065, -0.024123042457479118, -0.9981735978688977, 0.0, 0.45618769194458425, 0.08280121240789083, 0.47305653237155987, 1.0]",
  "1783608859.9486973": "[0.785065022631266, -0.616648151912202, 0.05846338156688895, 0.0, -0.6169322190491551, -0.7868691985113287, -0.015215174439518354, 0.0, 0.05538544339495065, -0.024123042457479118, -0.9981735978688977, 0.0, 0.45618769194458425, 0.08280121240789083, 0.47305653237155987, 1.0]",
  "1783608859.9820979": "[0.785411135309537, -0.6161914476069822, 0.05862975718690824, 0.0, -0.6164805263814704, -0.7872238354330916, -0.01517871926211077, 0.0, 0.0555077393181288, -0.024222568444003827, -0.9981643943027452, 0.0, 0.4561232215238921, 0.08308200727550144, 0.4730956497612859, 1.0]",
  "1783608860.0154316": "[0.785411135309537, -0.6161914476069822, 0.05862975718690824, 0.0, -0.6164805263814704, -0.7872238354330916, -0.01517871926211077, 0.0, 0.0555077393181288, -0.024222568444003827, -0.9981643943027452, 0.0, 0.4561232215238921, 0.08308200727550144, 0.4730956497612859, 1.0]",
  "1783608860.0487115": "[0.7848212145488732, -0.6169517780299025, 0.058533450092859526, 0.0, -0.6172314583661538, -0.7866321217333399, -0.015337270307794491, 0.0, 0.055506648225437716, -0.024091671653190525, -0.9981676228769052, 0.0, 0.45620277129246595, 0.08262008681829938, 0.473120540547927, 1.0]",
  "1783608860.082148": "[0.7848212145488732, -0.6169517780299025, 0.058533450092859526, 0.0, -0.6172314583661538, -0.7866321217333399, -0.015337270307794491, 0.0, 0.055506648225437716, -0.024091671653190525, -0.9981676228769052, 0.0, 0.45620277129246595, 0.08262008681829938, 0.473120540547927, 1.0]",
  "1783608860.115524": "[0.7846789540620868, -0.6171382896281552, 0.058474528872533946, 0.0, -0.6174162051592758, -0.7864868545537218, -0.015351130932666084, 0.0, 0.055463218972113426, -0.024057412351041845, -0.9981708632554966, 0.0, 0.45622388032233224, 0.08250881561059825, 0.47310720823021435, 1.0]",
  "1783608860.148724": "[0.7846789540620868, -0.6171382896281552, 0.058474528872533946, 0.0, -0.6174162051592758, -0.7864868545537218, -0.015351130932666084, 0.0, 0.055463218972113426, -0.024057412351041845, -0.9981708632554966, 0.0, 0.45622388032233224, 0.08250881561059825, 0.47310720823021435, 1.0]",
  "1783608860.1820538": "[0.7846960397534846, -0.6171151430545002, 0.058489532465403296, 0.0, -0.6173930779254103, -0.7865049077937163, -0.015356345469732503, 0.0, 0.05547893766994791, -0.024060969000048102, -0.9981699039972063, 0.0, 0.4562221236293934, 0.08251963773191323, 0.47311388714172786, 1.0]",
  "1783608860.2167456": "[0.7846960397534846, -0.6171151430545002, 0.058489532465403296, 0.0, -0.6173930779254103, -0.7865049077937163, -0.015356345469732503, 0.0, 0.05547893766994791, -0.024060969000048102, -0.9981699039972063, 0.0, 0.4562221236293934, 0.08251963773191323, 0.47311388714172786, 1.0]",
  "1783608860.2503562": "[0.7846833995101186, -0.6171324533790707, 0.058476469794034674, 0.0, -0.6174104784438506, -0.786491376894286, -0.015349761518201506, 0.0, 0.05546407522873881, -0.02405928214347037, -0.9981707706108016, 0.0, 0.4562231506704151, 0.08251140500107025, 0.4731076977244422, 1.0]",
  "1783608860.2820442": "[0.7846833995101186, -0.6171324533790707, 0.058476469794034674, 0.0, -0.6174104784438506, -0.786491376894286, -0.015349761518201506, 0.0, 0.05546407522873881, -0.02405928214347037, -0.9981707706108016, 0.0, 0.4562231506704151, 0.08251140500107025, 0.4731076977244422, 1.0]",
  "1783608860.3154511": "[0.7846740997059729, -0.6171453553425319, 0.05846509753486106, 0.0, -0.6174232337770074, -0.7864813981015073, -0.01534799115980692, 0.0, 0.055453653107471586, -0.02405453843744532, -0.9981714639968415, 0.0, 0.4562258258868676, 0.08250470993632361, 0.4731038078705897, 1.0]",
  "1783608860.348732": "[0.7846740997059729, -0.6171453553425319, 0.05846509753486106, 0.0, -0.6174232337770074, -0.7864813981015073, -0.01534799115980692, 0.0, 0.055453653107471586, -0.02405453843744532, -0.9981714639968415, 0.0, 0.4562258258868676, 0.08250470993632361, 0.4731038078705897, 1.0]",
  "1783608860.3820446": "[0.7846860802893083, -0.617128398425851, 0.05848329040457049, 0.0, -0.6174064046911366, -0.7864945136483521, -0.01535289703627062, 0.0, 0.05547149580248869, -0.024060753466716992, -0.9981703227886753, 0.0, 0.45622374062266335, 0.08251115663931174, 0.47311053808500625, 1.0]",
  "1783608860.4265943": "[0.7846860802893083, -0.617128398425851, 0.05848329040457049, 0.0, -0.6174064046911366, -0.7864945136483521, -0.01535289703627062, 0.0, 0.05547149580248869, -0.024060753466716992, -0.9981703227886753, 0.0, 0.45622374062266335, 0.08251115663931174, 0.47311053808500625, 1.0]",
  "1783608860.4486997": "[0.7846841303105314, -0.6171324513825814, 0.05846668358416327, 0.0, -0.6174104245007715, -0.7864914840303252, -0.015346441462229812, 0.0, 0.0554543357780252, -0.024055830858699258, -0.9981713949242965, 0.0, 0.45622520306192693, 0.08251137195745764, 0.473102363926341, 1.0]",
  "1783608860.4821355": "[0.7846841303105314, -0.6171324513825814, 0.05846668358416327, 0.0, -0.6174104245007715, -0.7864914840303252, -0.015346441462229812, 0.0, 0.0554543357780252, -0.024055830858699258, -0.9981713949242965, 0.0, 0.45622520306192693, 0.08251137195745764, 0.473102363926341, 1.0]",
  "1783608860.5155337": "[0.7846839374076768, -0.6171311212581214, 0.058483310004470476, 0.0, -0.6174090371392058, -0.7864924130212942, -0.015354644860110171, 0.0, 0.05547250880592844, -0.024059580932246014, -0.998170294755429, 0.0, 0.456222854561742, 0.0825119747220803, 0.47311039642547575, 1.0]",
  "1783608860.5489504": "[0.7846839374076768, -0.6171311212581214, 0.058483310004470476, 0.0, -0.6174090371392058, -0.7864924130212942, -0.015354644860110171, 0.0, 0.05547250880592844, -0.024059580932246014, -0.998170294755429, 0.0, 0.456222854561742, 0.0825119747220803, 0.47311039642547575, 1.0]",
  "1783608860.5821376": "[0.7846823355451744, -0.6171340240785375, 0.05847417043448699, 0.0, -0.6174118289416315, -0.7864902576159836, -0.015352789912366417, 0.0, 0.05546409438835167, -0.024055581468231203, -0.9981708587380747, 0.0, 0.45622622400082824, 0.08250823281795919, 0.47310643651245804, 1.0]",
  "1783608860.6169915": "[0.7846823355451744, -0.6171340240785375, 0.05847417043448699, 0.0, -0.6174118289416315, -0.7864902576159836, -0.015352789912366417, 0.0, 0.05546409438835167, -0.024055581468231203, -0.9981708587380747, 0.0, 0.45622622400082824, 0.08250823281795919, 0.47310643651245804, 1.0]",
  "1783608860.6487038": "[0.7846759506562585, -0.6171418759707415, 0.058476981668096895, 0.0, -0.617419691687301, -0.7864840587273396, -0.015354142259635589, 0.0, 0.05546689804248221, -0.024056813818229345, -0.9981706732470457, 0.0, 0.4562248159755202, 0.08250720911295042, 0.47310906163807387, 1.0]",
  "1783608860.682362": "[0.7846759506562585, -0.6171418759707415, 0.058476981668096895, 0.0, -0.617419691687301, -0.7864840587273396, -0.015354142259635589, 0.0, 0.05546689804248221, -0.024056813818229345, -0.9981706732470457, 0.0, 0.4562248159755202, 0.08250720911295042, 0.47310906163807387, 1.0]",
  "1783608860.7154133": "[0.7846812482958645, -0.6171354290312768, 0.05847393271557561, 0.0, -0.6174133728791816, -0.7864890952925117, -0.01535024351337003, 0.0, 0.05546228955602644, -0.024057539781717163, -0.9981709118266546, 0.0, 0.456224951039449, 0.08250749720005685, 0.47310662775385154, 1.0]",
  "1783608860.74872": "[0.7846812482958645, -0.6171354290312768, 0.05847393271557561, 0.0, -0.6174133728791816, -0.7864890952925117, -0.01535024351337003, 0.0, 0.05546228955602644, -0.024057539781717163, -0.9981709118266546, 0.0, 0.456224951039449, 0.08250749720005685, 0.47310662775385154, 1.0]",
  "1783608860.7823775": "[0.7846778497938263, -0.6171397609039083, 0.05847381939299229, 0.0, -0.6174176299701767, -0.7864857245389354, -0.015351719723728275, 0.0, 0.055462980851621865, -0.024056612561472877, -0.9981708957624038, 0.0, 0.45622530861564387, 0.08250848433461866, 0.4731061196123197, 1.0]",
  "1783608860.8153675": "[0.7846778497938263, -0.6171397609039083, 0.05847381939299229, 0.0, -0.6174176299701767, -0.7864857245389354, -0.015351719723728275, 0.0, 0.055462980851621865, -0.024056612561472877, -0.9981708957624038, 0.0, 0.45622530861564387, 0.08250848433461866, 0.4731061196123197, 1.0]",
  "1783608860.848724": "[0.7846818997653364, -0.6171347751246794, 0.05847209174019689, 0.0, -0.6174127437792956, -0.7864896140147695, -0.015348969536131279, 0.0, 0.055460075726459564, -0.02405735602077787, -0.9981710392621623, 0.0, 0.45622591762185044, 0.08250794489074365, 0.4731055172580471, 1.0]",
  "1783608860.886657": "[0.7846818997653364, -0.6171347751246794, 0.05847209174019689, 0.0, -0.6174127437792956, -0.7864896140147695, -0.015348969536131279, 0.0, 0.055460075726459564, -0.02405735602077787, -0.9981710392621623, 0.0, 0.45622591762185044, 0.08250794489074365, 0.4731055172580471, 1.0]",
  "1783608860.9157753": "[0.7846836965716923, -0.6171318266484028, 0.058479097737482395, 0.0, -0.6174096943923831, -0.7864919153336023, -0.015353709167050627, 0.0, 0.05546860017062372, -0.024057756597153337, -0.998170555938525, 0.0, 0.45622351139060907, 0.08251174198126113, 0.47310823922787965, 1.0]",
  "1783608860.9489017": "[0.7846836965716923, -0.6171318266484028, 0.058479097737482395, 0.0, -0.6174096943923831, -0.7864919153336023, -0.015353709167050627, 0.0, 0.05546860017062372, -0.024057756597153337, -0.998170555938525, 0.0, 0.45622351139060907, 0.08251174198126113, 0.47310823922787965, 1.0]",
  "1783608860.9820416": "[0.7846759308013856, -0.6171417200378656, 0.05847889371118129, 0.0, -0.6174196380254705, -0.7864841206818649, -0.015353126579621554, 0.0, 0.055467776244193405, -0.024058788497711495, -0.9981705768527469, 0.0, 0.4562263120985223, 0.08250680248110101, 0.4731081161588887, 1.0]",
  "1783608861.0154605": "[0.7846759308013856, -0.6171417200378656, 0.05847889371118129, 0.0, -0.6174196380254705, -0.7864841206818649, -0.015353126579621554, 0.0, 0.055467776244193405, -0.024058788497711495, -0.9981705768527469, 0.0, 0.4562263120985223, 0.08250680248110101, 0.4731081161588887, 1.0]",
  "1783608861.0506563": "[0.7846791845211534, -0.6171378539808645, 0.05847603409184833, 0.0, -0.617415627620205, -0.786487245671389, -0.015354320778884878, 0.0, 0.055466387565498834, -0.024055801381907452, -0.9981707260134955, 0.0, 0.456225414679344, 0.08250807906217081, 0.4731078340141598, 1.0]",
  "1783608861.0821276": "[0.7846791845211534, -0.6171378539808645, 0.05847603409184833, 0.0, -0.617415627620205, -0.786487245671389, -0.015354320778884878, 0.0, 0.055466387565498834, -0.024055801381907452, -0.9981707260134955, 0.0, 0.456225414679344, 0.08250807906217081, 0.4731078340141598, 1.0]",
  "1783608861.116188": "[0.7846822193364116, -0.6171341482016165, 0.058474419883817186, 0.0, -0.6174121354184753, -0.7864900788643605, -0.01534962168688828, 0.0, 0.05546232681092596, -0.024058241236582307, -0.9981708928501776, 0.0, 0.4562244541324689, 0.08250875451098953, 0.4731052762390997, 1.0]",
  "1783608861.1487167": "[0.7846822193364116, -0.6171341482016165, 0.058474419883817186, 0.0, -0.6174121354184753, -0.7864900788643605, -0.01534962168688828, 0.0, 0.05546232681092596, -0.024058241236582307, -0.9981708928501776, 0.0, 0.4562244541324689, 0.08250875451098953, 0.4731052762390997, 1.0]",
  "1783608861.1840646": "[0.7846817914941765, -0.617134408060309, 0.05847741859505941, 0.0, -0.61741226907457, -0.7864899039529867, -0.015353207359144527, 0.0, 0.055466891869659696, -0.024057293448643977, -0.9981706620304194, 0.0, 0.4562250389526565, 0.08251004228458292, 0.4731068959410022, 1.0]",
  "1783608861.2153916": "[0.7846817914941765, -0.617134408060309, 0.05847741859505941, 0.0, -0.61741226907457, -0.7864899039529867, -0.015353207359144527, 0.0, 0.055466891869659696, -0.024057293448643977, -0.9981706620304194, 0.0, 0.4562250389526565, 0.08251004228458292, 0.4731068959410022, 1.0]",
  "1783608861.248708": "[0.7846793394593325, -0.6171373368658118, 0.05847941237597301, 0.0, -0.6174151798342885, -0.7864875933014155, -0.015354520283644486, 0.0, 0.055469180053960454, -0.02405770207482981, -0.9981705250281738, 0.0, 0.45622554758489653, 0.08250932821828082, 0.47310801473667263, 1.0]",
  "1783608861.2821372": "[0.7846793394593325, -0.6171373368658118, 0.05847941237597301, 0.0, -0.6174151798342885, -0.7864875933014155, -0.015354520283644486, 0.0, 0.055469180053960454, -0.02405770207482981, -0.9981705250281738, 0.0, 0.45622554758489653, 0.08250932821828082, 0.47310801473667263, 1.0]",
  "1783608861.3160853": "[0.7846796515066808, -0.6171368403900309, 0.05848046464216437, 0.0, -0.6174149185316556, -0.786487872514015, -0.015350725159665804, 0.0, 0.05546767424277885, -0.02406130964407388, -0.9981705217508223, 0.0, 0.45622563221467094, 0.08250739850007341, 0.4731078478413257, 1.0]",
  "1783608861.3487163": "[0.7846796515066808, -0.6171368403900309, 0.05848046464216437, 0.0, -0.6174149185316556, -0.786487872514015, -0.015350725159665804, 0.0, 0.05546767424277885, -0.02406130964407388, -0.9981705217508223, 0.0, 0.45622563221467094, 0.08250739850007341, 0.4731078478413257, 1.0]",
  "1783608861.382182": "[0.7846809838710613, -0.6171351640497218, 0.05848027739730811, 0.0, -0.6174128754936141, -0.7864893504772992, -0.01535717293328489, 0.0, 0.05547156682346386, -0.024055994660768194, -0.998170433540801, 0.0, 0.45622557954901155, 0.08250958682421392, 0.4731094723316969, 1.0]",
  "1783608861.415432": "[0.7846809838710613, -0.6171351640497218, 0.05848027739730811, 0.0, -0.6174128754936141, -0.7864893504772992, -0.01535717293328489, 0.0, 0.05547156682346386, -0.024055994660768194, -0.998170433540801, 0.0, 0.45622557954901155, 0.08250958682421392, 0.4731094723316969, 1.0]",
  "1783608861.4488606": "[0.7846806952475543, -0.6171352961506033, 0.05848275601339134, 0.0, -0.617413196689864, -0.7864891436221972, -0.015354853227095986, 0.0, 0.055472074587291004, -0.024059368435799488, -0.9981703240086093, 0.0, 0.4562260014971123, 0.08250574471940905, 0.4731093821611598, 1.0]",
  "1783608861.4826293": "[0.7846806952475543, -0.6171352961506033, 0.05848275601339134, 0.0, -0.617413196689864, -0.7864891436221972, -0.015354853227095986, 0.0, 0.055472074587291004, -0.024059368435799488, -0.9981703240086093, 0.0, 0.4562260014971123, 0.08250574471940905, 0.4731093821611598, 1.0]",
  "1783608861.5156188": "[0.784678619559334, -0.6171384542836129, 0.058477279783613126, 0.0, -0.6174163887556754, -0.786486693600914, -0.015351992854440714, 0.0, 0.055465907568152076, -0.024058450347746375, -0.9981706888425979, 0.0, 0.4562260408238471, 0.0825065631512507, 0.47310712420632756, 1.0]",
  "1783608861.5487728": "[0.784678619559334, -0.6171384542836129, 0.058477279783613126, 0.0, -0.6174163887556754, -0.786486693600914, -0.015351992854440714, 0.0, 0.055465907568152076, -0.024058450347746375, -0.9981706888425979, 0.0, 0.4562260408238471, 0.0825065631512507, 0.47310712420632756, 1.0]",
  "1783608861.5821714": "[0.7846813419401548, -0.6171341123490338, 0.058486570989997204, 0.0, -0.617412004294538, -0.7864900452401249, -0.015356617179191467, 0.0, 0.055476198175426907, -0.02406026004341975, -0.9981700733455419, 0.0, 0.45622561281194385, 0.0825082052373066, 0.47311062317189445, 1.0]",
  "1783608861.6157062": "[0.7846813419401548, -0.6171341123490338, 0.058486570989997204, 0.0, -0.617412004294538, -0.7864900452401249, -0.015356617179191467, 0.0, 0.055476198175426907, -0.02406026004341975, -0.9981700733455419, 0.0, 0.45622561281194385, 0.0825082052373066, 0.47311062317189445, 1.0]",
  "1783608861.6487205": "[0.7846836516791376, -0.6171321578572355, 0.058476204784220484, 0.0, -0.617409982967448, -0.786491698102115, -0.015353232512634603, 0.0, 0.05546602310991465, -0.024056362046733587, -0.9981707327533935, 0.0, 0.4562253184920006, 0.08251001990217854, 0.4731063080964406, 1.0]",
  "1783608861.682625": "[0.7846836516791376, -0.6171321578572355, 0.058476204784220484, 0.0, -0.617409982967448, -0.786491698102115, -0.015353232512634603, 0.0, 0.05546602310991465, -0.024056362046733587, -0.9981707327533935, 0.0, 0.4562253184920006, 0.08251001990217854, 0.4731063080964406, 1.0]",
  "1783608861.7155461": "[0.7846821432490932, -0.6171333382172328, 0.058483988636755205, 0.0, -0.6174113652534963, -0.7864906169011447, -0.01535303169640198, 0.0, 0.05547197600431668, -0.02406142945278502, -0.998170279807441, 0.0, 0.45622418809602794, 0.08251012105847402, 0.4731092624685659, 1.0]",
  "1783608861.7513812": "[0.7846821432490932, -0.6171333382172328, 0.058483988636755205, 0.0, -0.6174113652534963, -0.7864906169011447, -0.01535303169640198, 0.0, 0.05547197600431668, -0.02406142945278502, -0.998170279807441, 0.0, 0.45622418809602794, 0.08251012105847402, 0.4731092624685659, 1.0]",
  "1783608861.7828329": "[0.784676224859318, -0.6171411690528484, 0.05848076265416396, 0.0, -0.617419139719423, -0.7864845149608188, -0.015352968278933662, 0.0, 0.055469163042691304, -0.024060032978571136, -0.9981704697918159, 0.0, 0.4562247273409657, 0.08250694716775887, 0.4731078715532478, 1.0]",
  "1783608861.8155358": "[0.784676224859318, -0.6171411690528484, 0.05848076265416396, 0.0, -0.617419139719423, -0.7864845149608188, -0.015352968278933662, 0.0, 0.055469163042691304, -0.024060032978571136, -0.9981704697918159, 0.0, 0.4562247273409657, 0.08250694716775887, 0.4731078715532478, 1.0]",
  "1783608861.8491464": "[0.7846785722552462, -0.617138649186547, 0.05847585761382569, 0.0, -0.6174164389858953, -0.7864866152561514, -0.015353986221792983, 0.0, 0.05546601764544459, -0.024056011787631264, -0.9981707414983816, 0.0, 0.45622513998342057, 0.08250904709896997, 0.4731068581745006, 1.0]",
  "1783608861.8821762": "[0.7846785722552462, -0.617138649186547, 0.05847585761382569, 0.0, -0.6174164389858953, -0.7864866152561514, -0.015353986221792983, 0.0, 0.05546601764544459, -0.024056011787631264, -0.9981707414983816, 0.0, 0.45622513998342057, 0.08250904709896997, 0.4731068581745006, 1.0]",
  "1783608861.915635": "[0.7846790707494729, -0.6171377951774099, 0.0584781813269616, 0.0, -0.6174155288522932, -0.7864872909905767, -0.015355970902135207, 0.0, 0.05546909643924994, -0.024055828272362894, -0.9981705748349547, 0.0, 0.4562255924574554, 0.08250800236187836, 0.47310725901965234, 1.0]",
  "1783608861.9493005": "[0.7846790707494729, -0.6171377951774099, 0.0584781813269616, 0.0, -0.6174155288522932, -0.7864872909905767, -0.015355970902135207, 0.0, 0.05546909643924994, -0.024055828272362894, -0.9981705748349547, 0.0, 0.4562255924574554, 0.08250800236187836, 0.47310725901965234, 1.0]",
  "1783608861.9822004": "[0.784682471339321, -0.6171334260375537, 0.05847865969708076, 0.0, -0.6174112958102359, -0.7864906613257301, -0.015353548558596924, 0.0, 0.055468107762400236, -0.024057724634032347, -0.9981705840720272, 0.0, 0.45622448285823325, 0.08251133883344278, 0.4731076340052766, 1.0]",
  "1783608862.0156393": "[0.784682471339321, -0.6171334260375537, 0.05847865969708076, 0.0, -0.6174112958102359, -0.7864906613257301, -0.015353548558596924, 0.0, 0.055468107762400236, -0.024057724634032347, -0.9981705840720272, 0.0, 0.45622448285823325, 0.08251133883344278, 0.4731076340052766, 1.0]",
  "1783608862.0492525": "[0.7846826174800516, -0.6171336097083187, 0.058474760307637486, 0.0, -0.6174115532949505, -0.7864905180657544, -0.015350532582879151, 0.0, 0.05546317411194199, -0.02405769650324194, -0.9981708588996105, 0.0, 0.4562251610078718, 0.08250916171440256, 0.473106041492106, 1.0]",
  "1783608862.0822515": "[0.7846826174800516, -0.6171336097083187, 0.058474760307637486, 0.0, -0.6174115532949505, -0.7864905180657544, -0.015350532582879151, 0.0, 0.05546317411194199, -0.02405769650324194, -0.9981708588996105, 0.0, 0.4562251610078718, 0.08250916171440256, 0.473106041492106, 1.0]",
  "1783608862.1154816": "[0.7846829971148231, -0.61713280339853, 0.05847817548769474, 0.0, -0.6174106543734496, -0.7864911628759117, -0.015353650518518464, 0.0, 0.05546780962907327, -0.024057300088898403, -0.9981706108714008, 0.0, 0.45622426822073353, 0.08250840610637156, 0.4731070387555955, 1.0]",
  "1783608862.149578": "[0.7846829971148231, -0.61713280339853, 0.05847817548769474, 0.0, -0.6174106543734496, -0.7864911628759117, -0.015353650518518464, 0.0, 0.05546780962907327, -0.024057300088898403, -0.9981706108714008, 0.0, 0.45622426822073353, 0.08250840610637156, 0.4731070387555955, 1.0]",
  "1783608862.1824267": "[0.7846815770614222, -0.6171347713802614, 0.05847646170752912, 0.0, -0.617412538277558, -0.7864896673843198, -0.015354500166588153, 0.0, 0.05546692886813203, -0.024055707246627714, -0.9981706982028691, 0.0, 0.4562253015354335, 0.08250830417358537, 0.47310707825298637, 1.0]",
  "1783608862.218876": "[0.7846815770614222, -0.6171347713802614, 0.05847646170752912, 0.0, -0.617412538277558, -0.7864896673843198, -0.015354500166588153, 0.0, 0.05546692886813203, -0.024055707246627714, -0.9981706982028691, 0.0, 0.4562253015354335, 0.08250830417358537, 0.47310707825298637, 1.0]",
  "1783608862.2494857": "[0.7846833957402755, -0.6171320772746606, 0.05848048946591178, 0.0, -0.617410026183094, -0.7864916713703842, -0.015352864019810748, 0.0, 0.055469162767264296, -0.024059303058944954, -0.9981704874009332, 0.0, 0.4562255171663335, 0.08250924071633838, 0.47310790650015816, 1.0]",
  "1783608862.283017": "[0.7846833957402755, -0.6171320772746606, 0.05848048946591178, 0.0, -0.617410026183094, -0.7864916713703842, -0.015352864019810748, 0.0, 0.055469162767264296, -0.024059303058944954, -0.9981704874009332, 0.0, 0.4562255171663335, 0.08250924071633838, 0.47310790650015816, 1.0]",
  "1783608862.3154588": "[0.7847135014437835, -0.6170763072203095, 0.058664739999281956, 0.0, -0.6173485155568904, -0.7865364083091764, -0.015533471724136168, 0.0, 0.05572729126326795, -0.02402726516786275, -0.9981568812250967, 0.0, 0.4561381131766624, 0.0824609599407749, 0.47314063126370043, 1.0]",
  "1783608862.349734": "[0.7847135014437835, -0.6170763072203095, 0.058664739999281956, 0.0, -0.6173485155568904, -0.7865364083091764, -0.015533471724136168, 0.0, 0.05572729126326795, -0.02402726516786275, -0.9981568812250967, 0.0, 0.4561381131766624, 0.0824609599407749, 0.47314063126370043, 1.0]",
  "1783608862.3820658": "[0.7847316748907618, -0.6169295375459456, 0.059951181193415096, 0.0, -0.6171902943165142, -0.7866454600352044, -0.016280688176381727, 0.0, 0.057204361937132825, -0.02422531546436028, -0.9980685322491729, 0.0, 0.45521217800612973, 0.08181219168990145, 0.47308224778136276, 1.0]",
  "1783608862.4153852": "[0.7847316748907618, -0.6169295375459456, 0.059951181193415096, 0.0, -0.6171902943165142, -0.7866454600352044, -0.016280688176381727, 0.0, 0.057204361937132825, -0.02422531546436028, -0.9980685322491729, 0.0, 0.45521217800612973, 0.08181219168990145, 0.47308224778136276, 1.0]",
  "1783608862.4487019": "[0.7840385863123326, -0.6176694103002772, 0.06138399427103825, 0.0, -0.6179251981997812, -0.7860530201333213, -0.017002910605124728, 0.0, 0.05875325185145181, -0.02459977883218858, -0.9979693914536096, 0.0, 0.4542447929712742, 0.0808559219807008, 0.472791354224257, 1.0]",
  "1783608862.482157": "[0.7840385863123326, -0.6176694103002772, 0.06138399427103825, 0.0, -0.6179251981997812, -0.7860530201333213, -0.017002910605124728, 0.0, 0.05875325185145181, -0.02459977883218858, -0.9979693914536096, 0.0, 0.4542447929712742, 0.0808559219807008, 0.472791354224257, 1.0]",
  "1783608862.5155916": "[0.7833753127239428, -0.6184878197821199, 0.061611169408028806, 0.0, -0.6187638533414844, -0.7853975796169608, -0.01679094189788087, 0.0, 0.05877425637694494, -0.024969155231604902, -0.9979589811582226, 0.0, 0.45327333996483454, 0.07974620870862087, 0.47178234247023926, 1.0]",
  "1783608862.5487075": "[0.7833753127239428, -0.6184878197821199, 0.061611169408028806, 0.0, -0.6187638533414844, -0.7853975796169608, -0.01679094189788087, 0.0, 0.05877425637694494, -0.024969155231604902, -0.9979589811582226, 0.0, 0.45327333996483454, 0.07974620870862087, 0.47178234247023926, 1.0]",
  "1783608862.5821629": "[0.7829342808259266, -0.6190829390157441, 0.061239093128634, 0.0, -0.6193861719385475, -0.7849194772508075, -0.016192104360819377, 0.0, 0.058092012522386605, -0.02525329388313634, -0.9979917781370502, 0.0, 0.4522659086352579, 0.07848140465311032, 0.4704196166823465, 1.0]",
  "1783608862.6156821": "[0.7829342808259266, -0.6190829390157441, 0.061239093128634, 0.0, -0.6193861719385475, -0.7849194772508075, -0.016192104360819377, 0.0, 0.058092012522386605, -0.02525329388313634, -0.9979917781370502, 0.0, 0.4522659086352579, 0.07848140465311032, 0.4704196166823465, 1.0]",
  "1783608862.648781": "[0.7825270348067921, -0.619629577146069, 0.06091491543352243, 0.0, -0.6199558252822012, -0.7844801118590732, -0.015675739097132317, 0.0, 0.057499691261383844, -0.025497867035501033, -0.9980198616668337, 0.0, 0.45126845531530557, 0.07732041068402704, 0.46906142763663317, 1.0]",
  "1783608862.6861458": "[0.7825270348067921, -0.619629577146069, 0.06091491543352243, 0.0, -0.6199558252822012, -0.7844801118590732, -0.015675739097132317, 0.0, 0.057499691261383844, -0.025497867035501033, -0.9980198616668337, 0.0, 0.45126845531530557, 0.07732041068402704, 0.46906142763663317, 1.0]",
  "1783608862.7156634": "[0.7825604265547463, -0.6196008413446399, 0.06077808976487888, 0.0, -0.6199537355405811, -0.7844921157117306, -0.015148801121278324, 0.0, 0.05706614214867398, -0.025824751521496832, -0.9980363408359039, 0.0, 0.4502223312717909, 0.07619114592249585, 0.4678442460887651, 1.0]",
  "1783608862.7487066": "[0.7825604265547463, -0.6196008413446399, 0.06077808976487888, 0.0, -0.6199537355405811, -0.7844921157117306, -0.015148801121278324, 0.0, 0.05706614214867398, -0.025824751521496832, -0.9980363408359039, 0.0, 0.4502223312717909, 0.07619114592249585, 0.4678442460887651, 1.0]",
  "1783608862.7821226": "[0.7827044352038219, -0.6193859544043222, 0.0611130640609096, 0.0, -0.6197458732279814, -0.7846559451227444, -0.01516906063073864, 0.0, 0.05734823213624695, -0.026001678218511175, -0.998015577534072, 0.0, 0.4492043672416277, 0.07503323567366443, 0.46685324433821707, 1.0]",
  "1783608862.8160796": "[0.7827044352038219, -0.6193859544043222, 0.0611130640609096, 0.0, -0.6197458732279814, -0.7846559451227444, -0.01516906063073864, 0.0, 0.05734823213624695, -0.026001678218511175, -0.998015577534072, 0.0, 0.4492043672416277, 0.07503323567366443, 0.46685324433821707, 1.0]",
  "1783608862.8487277": "[0.7827996553569718, -0.6192104368292857, 0.061669558898141255, 0.0, -0.6195836421917413, -0.7847837522590935, -0.015184614534267359, 0.0, 0.05779973963109446, -0.026322938890315513, -0.9979811085319974, 0.0, 0.44816523272883385, 0.0738939535755293, 0.4658789404542914, 1.0]",
  "1783608862.8835552": "[0.7827996553569718, -0.6192104368292857, 0.061669558898141255, 0.0, -0.6195836421917413, -0.7847837522590935, -0.015184614534267359, 0.0, 0.05779973963109446, -0.026322938890315513, -0.9979811085319974, 0.0, 0.44816523272883385, 0.0738939535755293, 0.4658789404542914, 1.0]",
  "1783608862.9154143": "[0.7828143353436616, -0.6191564039156003, 0.06202470371362658, 0.0, -0.6195393870202257, -0.7848188508309126, -0.015176274610359444, 0.0, 0.05807464430424202, -0.02654654159674991, -0.9979592260298955, 0.0, 0.44714524968728403, 0.07281122725444392, 0.4649246796176921, 1.0]",
  "1783608862.952419": "[0.7828143353436616, -0.6191564039156003, 0.06202470371362658, 0.0, -0.6195393870202257, -0.7848188508309126, -0.015176274610359444, 0.0, 0.05807464430424202, -0.02654654159674991, -0.9979592260298955, 0.0, 0.44714524968728403, 0.07281122725444392, 0.4649246796176921, 1.0]",
  "1783608862.9823205": "[0.7828161350305616, -0.6191511059110132, 0.06205486914806045, 0.0, -0.6195452441597761, -0.7848176526711896, -0.014998083033748302, 0.0, 0.05798783643848909, -0.026705057664291782, -0.9979600446512524, 0.0, 0.4460551485314539, 0.07161984287195744, 0.4637502763982619, 1.0]",
  "1783608863.0155916": "[0.7828161350305616, -0.6191511059110132, 0.06205486914806045, 0.0, -0.6195452441597761, -0.7848176526711896, -0.014998083033748302, 0.0, 0.05798783643848909, -0.026705057664291782, -0.9979600446512524, 0.0, 0.4460551485314539, 0.07161984287195744, 0.4637502763982619, 1.0]",
  "1783608863.0487294": "[0.7825144764952212, -0.6195263673207032, 0.06211420344674069, 0.0, -0.619924952865772, -0.7845183784516541, -0.014965516561677113, 0.0, 0.05800126627738679, -0.026795411286274363, -0.9979568422753657, 0.0, 0.44506623585134303, 0.07032967714025745, 0.4627074781828908, 1.0]",
  "1783608863.0820723": "[0.7825144764952212, -0.6195263673207032, 0.06211420344674069, 0.0, -0.619924952865772, -0.7845183784516541, -0.014965516561677113, 0.0, 0.05800126627738679, -0.026795411286274363, -0.9979568422753657, 0.0, 0.44506623585134303, 0.07032967714025745, 0.4627074781828908, 1.0]",
  "1783608863.115427": "[0.7821181106579181, -0.6200213395140557, 0.06216751183765251, 0.0, -0.6204306121022178, -0.7841211523604863, -0.014828148479521734, 0.0, 0.057940629504310615, -0.026973263948948, -0.9979555734022358, 0.0, 0.44399423783650066, 0.0691512082919547, 0.4616166682499897, 1.0]",
  "1783608863.1487303": "[0.7821181106579181, -0.6200213395140557, 0.06216751183765251, 0.0, -0.6204306121022178, -0.7841211523604863, -0.014828148479521734, 0.0, 0.057940629504310615, -0.026973263948948, -0.9979555734022358, 0.0, 0.44399423783650066, 0.0691512082919547, 0.4616166682499897, 1.0]",
  "1783608863.1834896": "[0.7817174992246875, -0.620539066050214, 0.062040461889228814, 0.0, -0.6209559850823533, -0.783708340934161, -0.014659500012932026, 0.0, 0.0577184199047845, -0.027064808437396778, -0.9979659714378752, 0.0, 0.4429638957498861, 0.06804537149279616, 0.4605225716304834, 1.0]",
  "1783608863.215382": "[0.7817174992246875, -0.620539066050214, 0.062040461889228814, 0.0, -0.6209559850823533, -0.783708340934161, -0.014659500012932026, 0.0, 0.0577184199047845, -0.027064808437396778, -0.9979659714378752, 0.0, 0.4429638957498861, 0.06804537149279616, 0.4605225716304834, 1.0]",
  "1783608863.2501535": "[0.781584543169056, -0.6207157637140471, 0.0619479019507948, 0.0, -0.6211439498301646, -0.7835636639508916, -0.014428379161772857, 0.0, 0.05749604741719105, -0.02720156636558428, -0.9979750895281199, 0.0, 0.44185747682382714, 0.0669438671880902, 0.45932855408319906, 1.0]",
  "1783608863.2821028": "[0.781584543169056, -0.6207157637140471, 0.0619479019507948, 0.0, -0.6211439498301646, -0.7835636639508916, -0.014428379161772857, 0.0, 0.05749604741719105, -0.02720156636558428, -0.9979750895281199, 0.0, 0.44185747682382714, 0.0669438671880902, 0.45932855408319906, 1.0]",
  "1783608863.3160908": "[0.7817572764112874, -0.6204989629070987, 0.06194027614743886, 0.0, -0.6209397676663233, -0.7837297242353685, -0.014195924783045055, 0.0, 0.05735299214948147, -0.02736341318564579, -0.9979788965255394, 0.0, 0.4407964757873302, 0.0658566908062497, 0.45812117714914785, 1.0]",
  "1783608863.3487668": "[0.7817572764112874, -0.6204989629070987, 0.06194027614743886, 0.0, -0.6209397676663233, -0.7837297242353685, -0.014195924783045055, 0.0, 0.05735299214948147, -0.02736341318564579, -0.9979788965255394, 0.0, 0.4407964757873302, 0.0658566908062497, 0.45812117714914785, 1.0]",
  "1783608863.3825223": "[0.7816337965516515, -0.6206648251678234, 0.0618367438312093, 0.0, -0.6210990762002367, -0.7836021734135934, -0.01426784373006228, 0.0, 0.05731095559719614, -0.027254515605460525, -0.9979842913331094, 0.0, 0.43975572141434005, 0.06471564467629096, 0.45707225243738886, 1.0]",
  "1783608863.4154148": "[0.7816337965516515, -0.6206648251678234, 0.0618367438312093, 0.0, -0.6210990762002367, -0.7836021734135934, -0.01426784373006228, 0.0, 0.05731095559719614, -0.027254515605460525, -0.9979842913331094, 0.0, 0.43975572141434005, 0.06471564467629096, 0.45707225243738886, 1.0]",
  "1783608863.4492576": "[0.7816389300811766, -0.6206525903280428, 0.06189462901289858, 0.0, -0.6210907265761493, -0.783609528771628, -0.014227289953418269, 0.0, 0.057331425437229355, -0.027321576407637858, -0.9979812819486833, 0.0, 0.43879134781369483, 0.06372603005995334, 0.4561037234033979, 1.0]",
  "1783608863.484368": "[0.7816389300811766, -0.6206525903280428, 0.06189462901289858, 0.0, -0.6210907265761493, -0.783609528771628, -0.014227289953418269, 0.0, 0.057331425437229355, -0.027321576407637858, -0.9979812819486833, 0.0, 0.43879134781369483, 0.06372603005995334, 0.4561037234033979, 1.0]",
  "1783608863.5160444": "[0.7819002277551417, -0.6202880591631682, 0.062247550120847595, 0.0, -0.6207248412070604, -0.7838961837219753, -0.014402939095644666, 0.0, 0.057729588123657555, -0.02737693930506366, -0.9979568116152921, 0.0, 0.4375920819926011, 0.062472514438820646, 0.4549858370835189, 1.0]",
