{
  "1783608389.8988187": "[0.76022325181664, -0.6471513978148637, 0.05705852875426803, 0.0, -0.6477789901685185, -0.7617726275005665, -0.009211074157661788, 0.0, 0.04942658488696256, -0.029958843388079255, -0.9983283429860443, 0.0, 0.45623573198243117, 0.08379725808194496, 0.4688362857548063, 1.0]",
  "1783608389.9310791": "[0.7592021554199954, -0.6483668990543878, 0.05685465166748058, 0.0, -0.6489800844686777, -0.7607469665825055, -0.009428828057826456, 0.0, 0.04936534380171079, -0.029739150057012418, -0.9983379416736726, 0.0, 0.45636604622776794, 0.08303847151737784, 0.46885304313058074, 1.0]",
  "1783608389.9664981": "[0.7592021554199954, -0.6483668990543878, 0.05685465166748058, 0.0, -0.6489800844686777, -0.7607469665825055, -0.009428828057826456, 0.0, 0.04936534380171079, -0.029739150057012418, -0.9983379416736726, 0.0, 0.45636604622776794, 0.08303847151737784, 0.46885304313058074, 1.0]",
  "1783608389.99768": "[0.7592013250089209, -0.6483675454702341, 0.05685836865055652, 0.0, -0.6489807143537608, -0.7607463969517767, -0.009431432646837292, 0.0, 0.04936983392296446, -0.029739628541616384, -0.9983377053846185, 0.0, 0.4563656541334275, 0.08303821360982336, 0.46885478471614966, 1.0]",
  "1783608390.0314445": "[0.7592040345073623, -0.6483643473826788, 0.056858658362441784, 0.0, -0.6489775087084355, -0.7607491291943687, -0.009431628735392626, 0.0, 0.049370306646166255, -0.02973945986467587, -0.9983376870321088, 0.0, 0.4563665746130951, 0.08303839438241103, 0.46885537471433336, 1.0]",
  "1783608390.0650477": "[0.7592040345073623, -0.6483643473826788, 0.056858658362441784, 0.0, -0.6489775087084355, -0.7607491291943687, -0.009431628735392626, 0.0, 0.049370306646166255, -0.02973945986467587, -0.9983376870321088, 0.0, 0.4563665746130951, 0.08303839438241103, 0.46885537471433336, 1.0]",
  "1783608390.0979457": "[0.7592043475478024, -0.6483643538379493, 0.05685440472658293, 0.0, -0.6489774672873618, -0.7607491843535032, -0.009430029626688083, 0.0, 0.04936603708823227, -0.029737908093502234, -0.9983379443877836, 0.0, 0.4563664550194404, 0.0830376070383457, 0.46885376709315724, 1.0]",
  "1783608390.1310132": "[0.7592043475478024, -0.6483643538379493, 0.05685440472658293, 0.0, -0.6489774672873618, -0.7607491843535032, -0.009430029626688083, 0.0, 0.04936603708823227, -0.029737908093502234, -0.9983379443877836, 0.0, 0.4563664550194404, 0.0830376070383457, 0.46885376709315724, 1.0]",
  "1783608390.1658719": "[0.759205155952117, -0.648363342074939, 0.05685514778045487, 0.0, -0.6489766854028681, -0.7607499039316565, -0.009425787578892043, 0.0, 0.04936388334834007, -0.029741558825845567, -0.9983379421315111, 0.0, 0.45636636261896796, 0.083037851214383, 0.46885198020691027, 1.0]",
  "1783608390.1976929": "[0.759205155952117, -0.648363342074939, 0.05685514778045487, 0.0, -0.6489766854028681, -0.7607499039316565, -0.009425787578892043, 0.0, 0.04936388334834007, -0.029741558825845567, -0.9983379421315111, 0.0, 0.45636636261896796, 0.083037851214383, 0.46885198020691027, 1.0]",
  "1783608390.2322266": "[0.7592042784156835, -0.6483637987696248, 0.05686165738301059, 0.0, -0.6489770705415449, -0.7607495085093507, -0.009431183069776307, 0.0, 0.049372315589164356, -0.029741717297467496, -0.9983375204336262, 0.0, 0.4563660830550904, 0.08303972675943451, 0.4688560865853767, 1.0]",
  "1783608390.2643304": "[0.7592042784156835, -0.6483637987696248, 0.05686165738301059, 0.0, -0.6489770705415449, -0.7607495085093507, -0.009431183069776307, 0.0, 0.049372315589164356, -0.029741717297467496, -0.9983375204336262, 0.0, 0.4563660830550904, 0.08303972675943451, 0.4688560865853767, 1.0]",
  "1783608390.298481": "[0.7592042286885268, -0.6483643354429744, 0.05685620165865309, 0.0, -0.6489774556222543, -0.7607491825554822, -0.009430977427125762, 0.0, 0.04936801834714607, -0.02973835514543856, -0.9983378330994575, 0.0, 0.45636715776043413, 0.0830378726941143, 0.46885410804748884, 1.0]",
  "1783608390.3312647": "[0.7592042286885268, -0.6483643354429744, 0.05685620165865309, 0.0, -0.6489774556222543, -0.7607491825554822, -0.009430977427125762, 0.0, 0.04936801834714607, -0.02973835514543856, -0.9983378330994575, 0.0, 0.45636715776043413, 0.0830378726941143, 0.46885410804748884, 1.0]",
  "1783608390.3642898": "[0.7592036333879141, -0.6483646143830105, 0.05686096962380897, 0.0, -0.6489778601847208, -0.7607488331033587, -0.009431326626661117, 0.0, 0.049371854741853564, -0.029741212951858657, -0.9983375582494636, 0.0, 0.4563658065636639, 0.08303705255508051, 0.46885625454200586, 1.0]",
  "1783608390.3989847": "[0.7592036333879141, -0.6483646143830105, 0.05686096962380897, 0.0, -0.6489778601847208, -0.7607488331033587, -0.009431326626661117, 0.0, 0.049371854741853564, -0.029741212951858657, -0.9983375582494636, 0.0, 0.4563658065636639, 0.08303705255508051, 0.46885625454200586, 1.0]",
  "1783608390.431247": "[0.7592061137825783, -0.648362011177626, 0.056857534741305345, 0.0, -0.6489753853673061, -0.7607510035140481, -0.009426549725388445, 0.0, 0.04936624335020164, -0.02974244633638324, -0.9983377989956184, 0.0, 0.4563655537798028, 0.08304014191457106, 0.4688531982399227, 1.0]",
  "1783608390.4649417": "[0.7592061137825783, -0.648362011177626, 0.056857534741305345, 0.0, -0.6489753853673061, -0.7607510035140481, -0.009426549725388445, 0.0, 0.04936624335020164, -0.02974244633638324, -0.9983377989956184, 0.0, 0.4563655537798028, 0.08304014191457106, 0.4688531982399227, 1.0]",
  "1783608390.497643": "[0.7592065198779703, -0.6483614881545942, 0.056858076407323724, 0.0, -0.6489747770549662, -0.7607514972880318, -0.009428579981864641, 0.0, 0.04936799490801522, -0.029741218064794604, -0.9983377489741556, 0.0, 0.456366347445823, 0.08303690398391772, 0.46885451579788395, 1.0]",
  "1783608390.5310647": "[0.7592065198779703, -0.6483614881545942, 0.056858076407323724, 0.0, -0.6489747770549662, -0.7607514972880318, -0.009428579981864641, 0.0, 0.04936799490801522, -0.029741218064794604, -0.9983377489741556, 0.0, 0.456366347445823, 0.08303690398391772, 0.46885451579788395, 1.0]",
  "1783608390.5659401": "[0.7592034568139756, -0.6483649725610231, 0.05685924302744105, 0.0, -0.6489783189858928, -0.7607484796681707, -0.009428264358393607, 0.0, 0.04936853905023676, -0.029742445066110616, -0.9983376855120389, 0.0, 0.4563657304192849, 0.08304025183275393, 0.46885453739520894, 1.0]",
  "1783608390.5976524": "[0.7592034568139756, -0.6483649725610231, 0.05685924302744105, 0.0, -0.6489783189858928, -0.7607484796681707, -0.009428264358393607, 0.0, 0.04936853905023676, -0.029742445066110616, -0.9983376855120389, 0.0, 0.4563657304192849, 0.08304025183275393, 0.46885453739520894, 1.0]",
  "1783608390.6314058": "[0.759201192299117, -0.6483679676281368, 0.05685532662256462, 0.0, -0.6489811242337448, -0.7607460667592518, -0.009429862068577087, 0.0, 0.0493664866068456, -0.02973887126450881, -0.9983378934689442, 0.0, 0.45636686059614484, 0.083038059749133, 0.46885310011968334, 1.0]",
  "1783608390.6643353": "[0.759201192299117, -0.6483679676281368, 0.05685532662256462, 0.0, -0.6489811242337448, -0.7607460667592518, -0.009429862068577087, 0.0, 0.0493664866068456, -0.02973887126450881, -0.9983378934689442, 0.0, 0.45636686059614484, 0.083038059749133, 0.46885310011968334, 1.0]",
  "1783608390.6981065": "[0.7592070938284239, -0.6483609312987536, 0.05685676253544203, 0.0, -0.6489741027703136, -0.7607520531806908, -0.00943013864320143, 0.0, 0.049368032309026935, -0.0297391382991592, -0.9983378090802524, 0.0, 0.45636614432214107, 0.08303899741898801, 0.4688542673650191, 1.0]",
  "1783608390.731069": "[0.7592070938284239, -0.6483609312987536, 0.05685676253544203, 0.0, -0.6489741027703136, -0.7607520531806908, -0.00943013864320143, 0.0, 0.049368032309026935, -0.0297391382991592, -0.9983378090802524, 0.0, 0.45636614432214107, 0.08303899741898801, 0.4688542673650191, 1.0]",
  "1783608390.7644024": "[0.7591989353556274, -0.6483703656922909, 0.05685811680777513, 0.0, -0.6489835475040208, -0.7607439837138137, -0.009431135262144242, 0.0, 0.04936933890562214, -0.02973987450009307, -0.9983377225371883, 0.0, 0.4563654793552282, 0.08303643461179191, 0.46885515938391736, 1.0]",
  "1783608390.7976434": "[0.7591989353556274, -0.6483703656922909, 0.05685811680777513, 0.0, -0.6489835475040208, -0.7607439837138137, -0.009431135262144242, 0.0, 0.04936933890562214, -0.02973987450009307, -0.9983377225371883, 0.0, 0.4563654793552282, 0.08303643461179191, 0.46885515938391736, 1.0]",
  "1783608390.8313332": "[0.7592050874733671, -0.6483631934662935, 0.05685775683885873, 0.0, -0.6489763067243879, -0.7607501498618503, -0.009432009093828077, 0.0, 0.049369914572847895, -0.029738507752786497, -0.9983377347830282, 0.0, 0.4563663941068188, 0.08304105067567866, 0.46885478783768, 1.0]",
  "1783608390.8643105": "[0.7592050874733671, -0.6483631934662935, 0.05685775683885873, 0.0, -0.6489763067243879, -0.7607501498618503, -0.009432009093828077, 0.0, 0.049369914572847895, -0.029738507752786497, -0.9983377347830282, 0.0, 0.4563663941068188, 0.08304105067567866, 0.46885478783768, 1.0]",
  "1783608390.898582": "[0.7591985945909805, -0.6483704340799626, 0.05686188690186732, 0.0, -0.6489835115321402, -0.7607439599821304, -0.009435523839179455, 0.0, 0.049375051701163186, -0.02973899059598252, -0.9983374663448428, 0.0, 0.45636756435556314, 0.08303443629864411, 0.46885625401036557, 1.0]",
  "1783608390.9327264": "[0.7591985945909805, -0.6483704340799626, 0.05686188690186732, 0.0, -0.6489835115321402, -0.7607439599821304, -0.009435523839179455, 0.0, 0.049375051701163186, -0.02973899059598252, -0.9983374663448428, 0.0, 0.45636756435556314, 0.08303443629864411, 0.46885625401036557, 1.0]",
  "1783608390.9644654": "[0.7592012093683707, -0.6483676206376933, 0.056859055586771616, 0.0, -0.648980581809029, -0.7607464527595948, -0.00943605047187928, 0.0, 0.04937335443756668, -0.029736562045903227, -0.9983376226253684, 0.0, 0.45636720976247563, 0.08303668991492093, 0.4688566456695608, 1.0]",
  "1783608390.9976764": "[0.7592012093683707, -0.6483676206376933, 0.056859055586771616, 0.0, -0.648980581809029, -0.7607464527595948, -0.00943605047187928, 0.0, 0.04937335443756668, -0.029736562045903227, -0.9983376226253684, 0.0, 0.45636720976247563, 0.08303668991492093, 0.4688566456695608, 1.0]",
  "1783608391.033114": "[0.759203271560313, -0.6483658633716339, 0.056851558171026585, 0.0, -0.6489791006559879, -0.7607478425253644, -0.009425868912123096, 0.0, 0.04936111185805026, -0.029739322577341902, -0.9983381457846725, 0.0, 0.4563660348480598, 0.08303745457951256, 0.468851405257772, 1.0]",
  "1783608391.0646405": "[0.759203271560313, -0.6483658633716339, 0.056851558171026585, 0.0, -0.6489791006559879, -0.7607478425253644, -0.009425868912123096, 0.0, 0.04936111185805026, -0.029739322577341902, -0.9983381457846725, 0.0, 0.4563660348480598, 0.08303745457951256, 0.468851405257772, 1.0]",
  "1783608391.0976338": "[0.7592029862046955, -0.6483660212033441, 0.056853568813379496, 0.0, -0.6489789992586062, -0.760747848921568, -0.00943233176392742, 0.0, 0.04936683359474034, -0.029735717750740232, -0.9983379702438835, 0.0, 0.45636703686939123, 0.08303698456384226, 0.4688533522732864, 1.0]",
  "1783608391.1312122": "[0.7592029862046955, -0.6483660212033441, 0.056853568813379496, 0.0, -0.6489789992586062, -0.760747848921568, -0.00943233176392742, 0.0, 0.04936683359474034, -0.029735717750740232, -0.9983379702438835, 0.0, 0.45636703686939123, 0.08303698456384226, 0.4688533522732864, 1.0]",
  "1783608391.1642988": "[0.7592052526576291, -0.6483627833735326, 0.05686022751617568, 0.0, -0.6489760183128874, -0.7607504081237901, -0.009431022968757342, 0.0, 0.04937116559102545, -0.029740841877997255, -0.9983376033850329, 0.0, 0.45636619637773834, 0.08303742122181051, 0.46885533639585053, 1.0]",
  "1783608391.197658": "[0.7592052526576291, -0.6483627833735326, 0.05686022751617568, 0.0, -0.6489760183128874, -0.7607504081237901, -0.009431022968757342, 0.0, 0.04937116559102545, -0.029740841877997255, -0.9983376033850329, 0.0, 0.45636619637773834, 0.08303742122181051, 0.46885533639585053, 1.0]",
  "1783608391.231144": "[0.7592044446694131, -0.6483636374605585, 0.05686127692130627, 0.0, -0.6489768673978925, -0.7607496742483177, -0.009431792697940013, 0.0, 0.04937242931663745, -0.029740994435156855, -0.998337536343987, 0.0, 0.45636693109677945, 0.08303855326845312, 0.4688542348652049, 1.0]",
  "1783608391.2643123": "[0.7592044446694131, -0.6483636374605585, 0.05686127692130627, 0.0, -0.6489768673978925, -0.7607496742483177, -0.009431792697940013, 0.0, 0.04937242931663745, -0.029740994435156855, -0.998337536343987, 0.0, 0.45636693109677945, 0.08303855326845312, 0.4688542348652049, 1.0]",
  "1783608391.2976654": "[0.7592053046267706, -0.6483628188618675, 0.05685912894219835, 0.0, -0.6489760204214976, -0.7607504061598349, -0.00943103629100568, 0.0, 0.04937033871109683, -0.02974011844528158, -0.9983376658277558, 0.0, 0.4563675291228255, 0.08303863899245653, 0.4688547022427313, 1.0]",
  "1783608391.3310633": "[0.7592053046267706, -0.6483628188618675, 0.05685912894219835, 0.0, -0.6489760204214976, -0.7607504061598349, -0.00943103629100568, 0.0, 0.04937033871109683, -0.02974011844528158, -0.9983376658277558, 0.0, 0.4563675291228255, 0.08303863899245653, 0.4688547022427313, 1.0]",
  "1783608391.3652003": "[0.7592036998092596, -0.6483643006342793, 0.056863660266935186, 0.0, -0.648977599248245, -0.7607490489663364, -0.009431869952367247, 0.0, 0.04937426323415587, -0.02974253116054643, -0.9983373998655203, 0.0, 0.4563665803550113, 0.08303633797908022, 0.4688558327591391, 1.0]",
  "1783608391.3976443": "[0.7592036998092596, -0.6483643006342793, 0.056863660266935186, 0.0, -0.648977599248245, -0.7607490489663364, -0.009431869952367247, 0.0, 0.04937426323415587, -0.02974253116054643, -0.9983373998655203, 0.0, 0.4563665803550113, 0.08303633797908022, 0.4688558327591391, 1.0]",
  "1783608391.4313014": "[0.7592036998092596, -0.6483643006342793, 0.056863660266935186, 0.0, -0.648977599248245, -0.7607490489663364, -0.009431869952367247, 0.0, 0.04937426323415587, -0.02974253116054643, -0.9983373998655203, 0.0, 0.4563665803550113, 0.08303633797908022, 0.4688558327591391, 1.0]",
  "1783608391.4643233": "[0.7592019577092646, -0.6483666762381936, 0.05685983252048385, 0.0, -0.6489798023378489, -0.7607471537388233, -0.009433145594428233, 0.0, 0.04937209300755467, -0.029739220267460363, -0.9983376058277764, 0.0, 0.45636647162780347, 0.08303941159944941, 0.46885566144343754, 1.0]",
  "1783608391.4976537": "[0.7591990466191954, -0.6483702793982257, 0.05685761519419942, 0.0, -0.6489834124120796, -0.7607440905234517, -0.009431815711666477, 0.0, 0.04936940374844939, -0.02973902363415931, -0.9983377446770252, 0.0, 0.45636757147451784, 0.08303606082991316, 0.46885327734337134, 1.0]",
  "1783608391.531084": "[0.7591990466191954, -0.6483702793982257, 0.05685761519419942, 0.0, -0.6489834124120796, -0.7607440905234517, -0.009431815711666477, 0.0, 0.04936940374844939, -0.02973902363415931, -0.9983377446770252, 0.0, 0.45636757147451784, 0.08303606082991316, 0.46885327734337134, 1.0]",
  "1783608391.5643919": "[0.759205051126989, -0.6483636319121381, 0.05685324227313058, 0.0, -0.6489767824534572, -0.7607497869321151, -0.009428548090722234, 0.0, 0.04936421962944295, -0.02973823290719312, -0.9983380245808195, 0.0, 0.45636651968525693, 0.08303802878286667, 0.4688527123081944, 1.0]",
  "1783608391.5982537": "[0.759205051126989, -0.6483636319121381, 0.05685324227313058, 0.0, -0.6489767824534572, -0.7607497869321151, -0.009428548090722234, 0.0, 0.04936421962944295, -0.02973823290719312, -0.9983380245808195, 0.0, 0.45636651968525693, 0.08303802878286667, 0.4688527123081944, 1.0]",
  "1783608391.6313822": "[0.759201469121767, -0.6483676083666451, 0.0568557271017394, 0.0, -0.6489806373047607, -0.760746447330197, -0.009432670777163452, 0.0, 0.04936863059532287, -0.02973696849714794, -0.9983378441277992, 0.0, 0.45636659571051347, 0.08303804007386628, 0.46885311951713693, 1.0]",
  "1783608391.6652977": "[0.759201469121767, -0.6483676083666451, 0.0568557271017394, 0.0, -0.6489806373047607, -0.760746447330197, -0.009432670777163452, 0.0, 0.04936863059532287, -0.02973696849714794, -0.9983378441277992, 0.0, 0.45636659571051347, 0.08303804007386628, 0.46885311951713693, 1.0]",
  "1783608391.697642": "[0.7592008703134385, -0.6483677312542557, 0.05686232129914115, 0.0, -0.6489808896697218, -0.7607462150911442, -0.009434037735509222, 0.0, 0.04937452135275733, -0.029740230206033773, -0.998337455647377, 0.0, 0.45636720760404503, 0.0830370508218716, 0.4688558464721218, 1.0]",
  "1783608391.7340755": "[0.7592008703134385, -0.6483677312542557, 0.05686232129914115, 0.0, -0.6489808896697218, -0.7607462150911442, -0.009434037735509222, 0.0, 0.04937452135275733, -0.029740230206033773, -0.998337455647377, 0.0, 0.45636720760404503, 0.0830370508218716, 0.4688558464721218, 1.0]",
  "1783608391.7642565": "[0.7592010631472327, -0.6483680143078466, 0.05685651887524999, 0.0, -0.6489811640181907, -0.7607460221461955, -0.009430723107744392, 0.0, 0.04936794978228186, -0.029738994792035255, -0.9983378174360891, 0.0, 0.45636667777677903, 0.08303713524148201, 0.4688529338781666, 1.0]",
  "1783608391.7977245": "[0.7592010631472327, -0.6483680143078466, 0.05685651887524999, 0.0, -0.6489811640181907, -0.7607460221461955, -0.009430723107744392, 0.0, 0.04936794978228186, -0.029738994792035255, -0.9983378174360891, 0.0, 0.45636667777677903, 0.08303713524148201, 0.4688529338781666, 1.0]",
  "1783608391.8312566": "[0.7592011455133765, -0.6483680778008306, 0.05685469496913128, 0.0, -0.6489811151787847, -0.7607460492639364, -0.009431896448376654, 0.0, 0.0493673251501233, -0.029736916756245357, -0.9983379102234642, 0.0, 0.45636841520120647, 0.08303503066765171, 0.46885379339627453, 1.0]",
  "1783608391.8643367": "[0.7592011455133765, -0.6483680778008306, 0.05685469496913128, 0.0, -0.6489811151787847, -0.7607460492639364, -0.009431896448376654, 0.0, 0.0493673251501233, -0.029736916756245357, -0.9983379102234642, 0.0, 0.45636841520120647, 0.08303503066765171, 0.46885379339627453, 1.0]",
  "1783608391.897664": "[0.7591992136036266, -0.6483701805522261, 0.05685651268156249, 0.0, -0.6489834306393555, -0.7607441126220797, -0.009428778628067689, 0.0, 0.0493665961881885, -0.029740613334598785, -0.9983378361553137, 0.0, 0.45636710574399547, 0.08303638270894292, 0.4688531938375255, 1.0]",
  "1783608391.9309852": "[0.7591992136036266, -0.6483701805522261, 0.05685651268156249, 0.0, -0.6489834306393555, -0.7607441126220797, -0.009428778628067689, 0.0, 0.0493665961881885, -0.029740613334598785, -0.9983378361553137, 0.0, 0.45636710574399547, 0.08303638270894292, 0.4688531938375255, 1.0]",
  "1783608391.9658954": "[0.7592007129698463, -0.6483682665897907, 0.05685831782094007, 0.0, -0.6489813685836348, -0.7607458220802918, -0.009432784249282376, 0.0, 0.04937064570561625, -0.029738612387451045, -0.9983376955098309, 0.0, 0.45636610650921877, 0.08303851860068956, 0.4688540588085144, 1.0]",
  "1783608391.99766": "[0.7592007129698463, -0.6483682665897907, 0.05685831782094007, 0.0, -0.6489813685836348, -0.7607458220802918, -0.009432784249282376, 0.0, 0.04937064570561625, -0.029738612387451045, -0.9983376955098309, 0.0, 0.45636610650921877, 0.08303851860068956, 0.4688540588085144, 1.0]",
  "1783608392.0311885": "[0.7592007129698463, -0.6483682665897907, 0.05685831782094007, 0.0, -0.6489813685836348, -0.7607458220802918, -0.009432784249282376, 0.0, 0.04937064570561625, -0.029738612387451045, -0.9983376955098309, 0.0, 0.45636610650921877, 0.08303851860068956, 0.4688540588085144, 1.0]",
  "1783608392.0643165": "[0.759296851337794, -0.6482301166040523, 0.05714899365700759, 0.0, -0.6488340997882609, -0.7608669821382532, -0.009785011179564774, 0.0, 0.049825721273946764, -0.029650487674300903, -0.9983177079868948, 0.0, 0.45627336388114276, 0.08296152364177209, 0.4688922839927305, 1.0]",
  "1783608392.1013734": "[0.7596617299440266, -0.6476911101178, 0.05839761923932033, 0.0, -0.6482954795656184, -0.7613165523304846, -0.010491821691679242, 0.0, 0.05125453378222946, -0.029888677153680238, -0.998238268022605, 0.0, 0.45535072275064264, 0.08230736073534514, 0.4687810601619071, 1.0]",
  "1783608392.1310248": "[0.7596617299440266, -0.6476911101178, 0.05839761923932033, 0.0, -0.6482954795656184, -0.7613165523304846, -0.010491821691679242, 0.0, 0.05125453378222946, -0.029888677153680238, -0.998238268022605, 0.0, 0.45535072275064264, 0.08230736073534514, 0.4687810601619071, 1.0]",
  "1783608392.1646326": "[0.7592511512724193, -0.6480587663735785, 0.05964498820405237, 0.0, -0.6486731211195015, -0.7609870485354566, -0.011040556977743875, 0.0, 0.05254399326840785, -0.03030754506141772, -0.9981585953563488, 0.0, 0.4542737785085004, 0.08126719586354245, 0.4683650283559563, 1.0]",
  "1783608392.1976466": "[0.7592511512724193, -0.6480587663735785, 0.05964498820405237, 0.0, -0.6486731211195015, -0.7609870485354566, -0.011040556977743875, 0.0, 0.05254399326840785, -0.03030754506141772, -0.9981585953563488, 0.0, 0.4542737785085004, 0.08126719586354245, 0.4683650283559563, 1.0]",
  "1783608392.2311537": "[0.7590325879944443, -0.6482934183092051, 0.05987632369661835, 0.0, -0.6489205685405304, -0.7607774751281999, -0.010942077617884639, 0.0, 0.05264623526417519, -0.030549584522987352, -0.9981458294247298, 0.0, 0.4533976304318898, 0.08013885130228988, 0.4673532142225667, 1.0]",
  "1783608392.2643151": "[0.7590325879944443, -0.6482934183092051, 0.05987632369661835, 0.0, -0.6489205685405304, -0.7607774751281999, -0.010942077617884639, 0.0, 0.05264623526417519, -0.030549584522987352, -0.9981458294247298, 0.0, 0.4533976304318898, 0.08013885130228988, 0.4673532142225667, 1.0]",
  "1783608392.2979567": "[0.7582860825108766, -0.6491808921338017, 0.0597192293877726, 0.0, -0.649830518106952, -0.7600071566102102, -0.01046038422398549, 0.0, 0.05217772328454321, -0.030875413999239657, -0.9981604049466282, 0.0, 0.4523430372119264, 0.0788593010068721, 0.4659663909116626, 1.0]",
  "1783608392.3315597": "[0.7582860825108766, -0.6491808921338017, 0.0597192293877726, 0.0, -0.649830518106952, -0.7600071566102102, -0.01046038422398549, 0.0, 0.05217772328454321, -0.030875413999239657, -0.9981604049466282, 0.0, 0.4523430372119264, 0.0788593010068721, 0.4659663909116626, 1.0]",
  "1783608392.3653793": "[0.7576376205561202, -0.6499680922072306, 0.05938615184159898, 0.0, -0.6506391258857851, -0.7593227653332306, -0.009882606603369988, 0.0, 0.051516635998889046, -0.03115151937206903, -0.9981861645285259, 0.0, 0.4513350656647307, 0.0776048813401183, 0.4646834371303671, 1.0]",
  "1783608392.3976653": "[0.7576376205561202, -0.6499680922072306, 0.05938615184159898, 0.0, -0.6506391258857851, -0.7593227653332306, -0.009882606603369988, 0.0, 0.051516635998889046, -0.03115151937206903, -0.9981861645285259, 0.0, 0.4513350656647307, 0.0776048813401183, 0.4646834371303671, 1.0]",
  "1783608392.4310942": "[0.7568112829886321, -0.6509030285391264, 0.05968190160923006, 0.0, -0.6515858355142918, -0.7585106352294113, -0.00987497853249214, 0.0, 0.051697010534874306, -0.03141438655247135, -0.9981686006979427, 0.0, 0.4503716845406761, 0.07637241078630896, 0.4636137223164115, 1.0]",
  "1783608392.4666": "[0.7568112829886321, -0.6509030285391264, 0.05968190160923006, 0.0, -0.6515858355142918, -0.7585106352294113, -0.00987497853249214, 0.0, 0.051697010534874306, -0.03141438655247135, -0.9981686006979427, 0.0, 0.4503716845406761, 0.07637241078630896, 0.4636137223164115, 1.0]",
  "1783608392.497609": "[0.7564668288218628, -0.6513034919875827, 0.059679964954541254, 0.0, -0.651995932556008, -0.758160351495792, -0.009704913714125839, 0.0, 0.05156782739863988, -0.031569649104131424, -0.9981703844699192, 0.0, 0.44935668756284347, 0.07517914556477552, 0.46247100465956154, 1.0]",
  "1783608392.531005": "[0.7564668288218628, -0.6513034919875827, 0.059679964954541254, 0.0, -0.651995932556008, -0.758160351495792, -0.009704913714125839, 0.0, 0.05156782739863988, -0.031569649104131424, -0.9981703844699192, 0.0, 0.44935668756284347, 0.07517914556477552, 0.46247100465956154, 1.0]",
  "1783608392.5643303": "[0.7560259711356494, -0.6517868221888232, 0.059988910553481205, 0.0, -0.6524873659642858, -0.7577367593817721, -0.00975913616049293, 0.0, 0.051816679026993544, -0.0317638458409264, -0.9981513361570018, 0.0, 0.448366169560986, 0.07403966578747126, 0.4614390950375482, 1.0]",
  "1783608392.600237": "[0.7560259711356494, -0.6517868221888232, 0.059988910553481205, 0.0, -0.6524873659642858, -0.7577367593817721, -0.00975913616049293, 0.0, 0.051816679026993544, -0.0317638458409264, -0.9981513361570018, 0.0, 0.448366169560986, 0.07403966578747126, 0.4614390950375482, 1.0]",
  "1783608392.6310112": "[0.7562527519506804, -0.6515029136499872, 0.06021402388646659, 0.0, -0.6522279187189199, -0.7579644502543685, -0.009414573499570566, 0.0, 0.05177371157845125, -0.03215347035966924, -0.9981410907948942, 0.0, 0.4472370985546836, 0.07297132416660487, 0.46030917137419164, 1.0]",
  "1783608392.6644092": "[0.7562527519506804, -0.6515029136499872, 0.06021402388646659, 0.0, -0.6522279187189199, -0.7579644502543685, -0.009414573499570566, 0.0, 0.05177371157845125, -0.03215347035966924, -0.9981410907948942, 0.0, 0.4472370985546836, 0.07297132416660487, 0.46030917137419164, 1.0]",
  "1783608392.6976256": "[0.7566069497268677, -0.6510827893581145, 0.06030858169997118, 0.0, -0.6518213303989376, -0.7583168332152403, -0.009194220976710554, 0.0, 0.05171921172991632, -0.03235400846984448, -0.9981374360647783, 0.0, 0.44621915039478416, 0.07194507226136648, 0.4592891824398575, 1.0]",
  "1783608392.7313259": "[0.7566069497268677, -0.6510827893581145, 0.06030858169997118, 0.0, -0.6518213303989376, -0.7583168332152403, -0.009194220976710554, 0.0, 0.05171921172991632, -0.03235400846984448, -0.9981374360647783, 0.0, 0.44621915039478416, 0.07194507226136648, 0.4592891824398575, 1.0]",
  "1783608392.7643301": "[0.7566009808390853, -0.6510708046502434, 0.06051250387662637, 0.0, -0.6518207669569085, -0.7583184346186846, -0.009101619700633497, 0.0, 0.051813546076692356, -0.032557012294621865, -0.9981259426512299, 0.0, 0.4451725026463498, 0.07078026486814837, 0.45822151749396134, 1.0]",
  "1783608392.799881": "[0.7566009808390853, -0.6510708046502434, 0.06051250387662637, 0.0, -0.6518207669569085, -0.7583184346186846, -0.009101619700633497, 0.0, 0.051813546076692356, -0.032557012294621865, -0.9981259426512299, 0.0, 0.4451725026463498, 0.07078026486814837, 0.45822151749396134, 1.0]",
  "1783608392.8309531": "[0.7568061477283083, -0.6508399210523802, 0.0604305545661253, 0.0, -0.6516059562979343, -0.758507403020519, -0.008729105344930816, 0.0, 0.05151827324059413, -0.032770668708462895, -0.9981342348575706, 0.0, 0.4441162750813392, 0.06964661000543426, 0.45712017015696016, 1.0]",
  "1783608392.8660152": "[0.7568061477283083, -0.6508399210523802, 0.0604305545661253, 0.0, -0.6516059562979343, -0.758507403020519, -0.008729105344930816, 0.0, 0.05151827324059413, -0.032770668708462895, -0.9981342348575706, 0.0, 0.4441162750813392, 0.06964661000543426, 0.45712017015696016, 1.0]",
  "1783608392.8983335": "[0.7572079540783958, -0.6503434357227391, 0.06074150058035837, 0.0, -0.6511169459919208, -0.7589268508714448, -0.008761145387813026, 0.0, 0.05179610914503415, -0.03291581137836014, -0.9981150797572096, 0.0, 0.4430333845337248, 0.06853758775527505, 0.45608989825213475, 1.0]",
  "1783608392.9313092": "[0.7572079540783958, -0.6503434357227391, 0.06074150058035837, 0.0, -0.6511169459919208, -0.7589268508714448, -0.008761145387813026, 0.0, 0.05179610914503415, -0.03291581137836014, -0.9981150797572096, 0.0, 0.4430333845337248, 0.06853758775527505, 0.45608989825213475, 1.0]",
  "1783608392.9643395": "[0.7570980798061822, -0.6504581310748071, 0.06088281590449669, 0.0, -0.6512397124145873, -0.7588222002310525, -0.00870088562559534, 0.0, 0.0518587941236327, -0.03306188372088325, -0.9981069969281195, 0.0, 0.4419183263461073, 0.06739858890229478, 0.45497053031043677, 1.0]",
  "1783608392.9985876": "[0.7570980798061822, -0.6504581310748071, 0.06088281590449669, 0.0, -0.6512397124145873, -0.7588222002310525, -0.00870088562559534, 0.0, 0.0518587941236327, -0.03306188372088325, -0.9981069969281195, 0.0, 0.4419183263461073, 0.06739858890229478, 0.45497053031043677, 1.0]",
  "1783608393.0310042": "[0.7567216947665629, -0.650895252299344, 0.060890452484721636, 0.0, -0.651684346321784, -0.7584417529861998, -0.008580214820707834, 0.0, 0.05176668261314238, -0.033188520024156246, -0.9981075757200908, 0.0, 0.440909433815463, 0.0662950303233994, 0.45383171425497143, 1.0]",
  "1783608393.0643296": "[0.7567216947665629, -0.650895252299344, 0.060890452484721636, 0.0, -0.651684346321784, -0.7584417529861998, -0.008580214820707834, 0.0, 0.05176668261314238, -0.033188520024156246, -0.9981075757200908, 0.0, 0.440909433815463, 0.0662950303233994, 0.45383171425497143, 1.0]",
  "1783608393.0976398": "[0.7561685815712902, -0.6515652776556464, 0.060595092193868834, 0.0, -0.652357383944046, -0.7578653861379736, -0.008360628422593086, 0.0, 0.05137041812311507, -0.03320761128808372, -0.9981274140581431, 0.0, 0.439826985252763, 0.0651073660489333, 0.4525824637710504, 1.0]",
  "1783608393.1317835": "[0.7561685815712902, -0.6515652776556464, 0.060595092193868834, 0.0, -0.652357383944046, -0.7578653861379736, -0.008360628422593086, 0.0, 0.05137041812311507, -0.03320761128808372, -0.9981274140581431, 0.0, 0.439826985252763, 0.0651073660489333, 0.4525824637710504, 1.0]",
  "1783608393.164294": "[0.7558994061499417, -0.6518858756043602, 0.06050531356585421, 0.0, -0.6526714001184846, -0.7575940437305866, -0.008444428418531307, 0.0, 0.05134326878513521, -0.0331069492927905, -0.9981321549068454, 0.0, 0.438808529976727, 0.06385116684751355, 0.4514891861620622, 1.0]",
  "1783608393.197643": "[0.7558994061499417, -0.6518858756043602, 0.06050531356585421, 0.0, -0.6526714001184846, -0.7575940437305866, -0.008444428418531307, 0.0, 0.05134326878513521, -0.0331069492927905, -0.9981321549068454, 0.0, 0.438808529976727, 0.06385116684751355, 0.4514891861620622, 1.0]",
  "1783608393.2323058": "[0.7561162131961536, -0.6516267781266202, 0.060587244286479366, 0.0, -0.652402224492388, -0.7578231799325352, -0.008681326760617745, 0.0, 0.051571403115414846, -0.032963161032606145, -0.9981251526714705, 0.0, 0.4377131857676454, 0.0626469382491311, 0.45036910984567247, 1.0]",
  "1783608393.2643657": "[0.7561162131961536, -0.6516267781266202, 0.060587244286479366, 0.0, -0.652402224492388, -0.7578231799325352, -0.008681326760617745, 0.0, 0.051571403115414846, -0.032963161032606145, -0.9981251526714705, 0.0, 0.4377131857676454, 0.0626469382491311, 0.45036910984567247, 1.0]",
  "1783608393.2978117": "[0.7559827256845715, -0.6517903321181115, 0.060493647797830896, 0.0, -0.6525647583171115, -0.7576836042839248, -0.008648236921533426, 0.0, 0.05147188231506521, -0.032938104934605195, -0.998131116925157, 0.0, 0.43666185402981034, 0.06155245123913538, 0.4493401852921003, 1.0]",
  "1783608393.3311086": "[0.7559827256845715, -0.6517903321181115, 0.060493647797830896, 0.0, -0.6525647583171115, -0.7576836042839248, -0.008648236921533426, 0.0, 0.05147188231506521, -0.032938104934605195, -0.998131116925157, 0.0, 0.43666185402981034, 0.06155245123913538, 0.4493401852921003, 1.0]",
  "1783608393.3643298": "[0.75574015231536, -0.6520463794444231, 0.06076463800415532, 0.0, -0.6528160478764438, -0.757463900648117, -0.008924508385337971, 0.0, 0.05184621310507933, -0.032923521506040415, -0.9981122241102469, 0.0, 0.4355655979525767, 0.06036159016987396, 0.4483016306150688, 1.0]",
  "1783608393.3976395": "[0.75574015231536, -0.6520463794444231, 0.06076463800415532, 0.0, -0.6528160478764438, -0.757463900648117, -0.008924508385337971, 0.0, 0.05184621310507933, -0.032923521506040415, -0.9981122241102469, 0.0, 0.4355655979525767, 0.06036159016987396, 0.4483016306150688, 1.0]",
  "1783608393.431168": "[0.7557953699755979, -0.6519603662355163, 0.061000324437664566, 0.0, -0.6527390685589812, -0.7575305587541024, -0.008897242856672389, 0.0, 0.05201025956676804, -0.03309279999861538, -0.9980980911153214, 0.0, 0.43453799014618755, 0.059239209575350484, 0.44727845471134364, 1.0]",
  "1783608393.4643285": "[0.7557953699755979, -0.6519603662355163, 0.061000324437664566, 0.0, -0.6527390685589812, -0.7575305587541024, -0.008897242856672389, 0.0, 0.05201025956676804, -0.03309279999861538, -0.9980980911153214, 0.0, 0.43453799014618755, 0.059239209575350484, 0.44727845471134364, 1.0]",
  "1783608393.499096": "[0.7556133911724191, -0.6521533195710982, 0.06119191820260059, 0.0, -0.6529332688688334, -0.7573619185288114, -0.009003930620441612, 0.0, 0.05221637181168853, -0.033150748630385196, -0.9980854063556226, 0.0, 0.4334354047703107, 0.058053583725597456, 0.44619922338283274, 1.0]",
  "1783608393.5309794": "[0.7556133911724191, -0.6521533195710982, 0.06119191820260059, 0.0, -0.6529332688688334, -0.7573619185288114, -0.009003930620441612, 0.0, 0.05221637181168853, -0.033150748630385196, -0.9980854063556226, 0.0, 0.4334354047703107, 0.058053583725597456, 0.44619922338283274, 1.0]",
  "1783608393.5653596": "[0.7553351675505993, -0.6524988204911334, 0.06094320240180746, 0.0, -0.6532833767312113, -0.7570626678660619, -0.008771921692935183, 0.0, 0.051861491956694546, -0.03318744011219251, -0.9981026898424958, 0.0, 0.4322574232847381, 0.05700528897158482, 0.4449809087444549, 1.0]",
  "1783608393.5976388": "[0.7553351675505993, -0.6524988204911334, 0.06094320240180746, 0.0, -0.6532833767312113, -0.7570626678660619, -0.008771921692935183, 0.0, 0.051861491956694546, -0.03318744011219251, -0.9981026898424958, 0.0, 0.4322574232847381, 0.05700528897158482, 0.4449809087444549, 1.0]",
  "1783608393.631842": "[0.7552971853375705, -0.6525534709790775, 0.060828688415106406, 0.0, -0.6533442232863345, -0.7570123445266408, -0.008581149844575893, 0.0, 0.05164772714766978, -0.033260753861526035, -0.9981113337363938, 0.0, 0.43113607152416994, 0.05593660331771974, 0.44379325445755663, 1.0]",
  "1783608393.6646748": "[0.7552971853375705, -0.6525534709790775, 0.060828688415106406, 0.0, -0.6533442232863345, -0.7570123445266408, -0.008581149844575893, 0.0, 0.05164772714766978, -0.033260753861526035, -0.9981113337363938, 0.0, 0.43113607152416994, 0.05593660331771974, 0.44379325445755663, 1.0]",
  "1783608393.6982408": "[0.7550527803758804, -0.6528540807374004, 0.060637019313093746, 0.0, -0.6536493204067393, -0.7567511398639164, -0.00838321218098016, 0.0, 0.05136014776517438, -0.03330557879976402, -0.998124678405635, 0.0, 0.4300077889546852, 0.05480504359918583, 0.44255998254873796, 1.0]",
  "1783608393.7312272": "[0.7550527803758804, -0.6528540807374004, 0.060637019313093746, 0.0, -0.6536493204067393, -0.7567511398639164, -0.00838321218098016, 0.0, 0.05136014776517438, -0.03330557879976402, -0.998124678405635, 0.0, 0.4300077889546852, 0.05480504359918583, 0.44255998254873796, 1.0]",
  "1783608393.7643614": "[0.7551140346802171, -0.6528127855134884, 0.06031800476710139, 0.0, -0.6536085524214881, -0.756788757199425, -0.00816315980713726, 0.0, 0.05097700295673267, -0.033260247243070765, -0.9981458315911955, 0.0, 0.4288987385361719, 0.05366066842689731, 0.4414024918878607, 1.0]",
  "1783608393.7993078": "[0.7551140346802171, -0.6528127855134884, 0.06031800476710139, 0.0, -0.6536085524214881, -0.756788757199425, -0.00816315980713726, 0.0, 0.05097700295673267, -0.033260247243070765, -0.9981458315911955, 0.0, 0.4288987385361719, 0.05366066842689731, 0.4414024918878607, 1.0]",
  "1783608393.831378": "[0.7553852992219927, -0.6524826146064908, 0.06049369682519195, 0.0, -0.6532767346471073, -0.7570737687280236, -0.008295581520322164, 0.0, 0.05121091375979963, -0.033252764399744485, -0.9981341072078751, 0.0, 0.4277485295835199, 0.05250762428030996, 0.440308354358836, 1.0]",
  "1783608393.8654075": "[0.7553852992219927, -0.6524826146064908, 0.06049369682519195, 0.0, -0.6532767346471073, -0.7570737687280236, -0.008295581520322164, 0.0, 0.05121091375979963, -0.033252764399744485, -0.9981341072078751, 0.0, 0.4277485295835199, 0.05250762428030996, 0.440308354358836, 1.0]",
  "1783608393.8977568": "[0.7555701731134011, -0.6522685435279926, 0.060493475890018106, 0.0, -0.6530677050607924, -0.7572552625206759, -0.008187795269282356, 0.0, 0.051149644260884045, -0.033319881581615744, -0.9981350105989526, 0.0, 0.4265955220824669, 0.051347352456128856, 0.43918869140712186, 1.0]",
  "1783608393.9315405": "[0.7555701731134011, -0.6522685435279926, 0.060493475890018106, 0.0, -0.6530677050607924, -0.7572552625206759, -0.008187795269282356, 0.0, 0.051149644260884045, -0.033319881581615744, -0.9981350105989526, 0.0, 0.4265955220824669, 0.051347352456128856, 0.43918869140712186, 1.0]",
  "1783608393.9642313": "[0.755849139009279, -0.6519319790601368, 0.06063640604179241, 0.0, -0.6527240627325308, -0.7575491228706486, -0.008403830546278971, 0.0, 0.05141378209071, -0.033226813218313264, -0.9981245422764058, 0.0, 0.42549033051982704, 0.050245835317877116, 0.43817841302085436, 1.0]",
  "1783608393.9976606": "[0.755849139009279, -0.6519319790601368, 0.06063640604179241, 0.0, -0.6527240627325308, -0.7575491228706486, -0.008403830546278971, 0.0, 0.05141378209071, -0.033226813218313264, -0.9981245422764058, 0.0, 0.42549033051982704, 0.050245835317877116, 0.43817841302085436, 1.0]",
  "1783608394.0318391": "[0.7561962431614926, -0.6515247059166958, 0.06068607260820291, 0.0, -0.6523181083296239, -0.7578988385677035, -0.00839261836307964, 0.0, 0.051461902157868805, -0.03324015760928814, -0.9981216181149493, 0.0, 0.4243172729211757, 0.049240315625755426, 0.437018210831282, 1.0]",
  "1783608394.0663617": "[0.7561962431614926, -0.6515247059166958, 0.06068607260820291, 0.0, -0.6523181083296239, -0.7578988385677035, -0.00839261836307964, 0.0, 0.051461902157868805, -0.03324015760928814, -0.9981216181149493, 0.0, 0.4243172729211757, 0.049240315625755426, 0.437018210831282, 1.0]",
  "1783608394.0976207": "[0.7560171995700424, -0.6517375144848921, 0.06063172574919438, 0.0, -0.6525244944236345, -0.7577200547818499, -0.008491334322149892, 0.0, 0.051475995681975896, -0.03314409139568077, -0.9981240860104037, 0.0, 0.42321275731737007, 0.04819755749698524, 0.43597444456648027, 1.0]",
  "1783608394.13143": "[0.7560171995700424, -0.6517375144848921, 0.06063172574919438, 0.0, -0.6525244944236345, -0.7577200547818499, -0.008491334322149892, 0.0, 0.051475995681975896, -0.03314409139568077, -0.9981240860104037, 0.0, 0.42321275731737007, 0.04819755749698524, 0.43597444456648027, 1.0]",
  "1783608394.165715": "[0.7554858438423767, -0.6523523416658356, 0.06064290623702716, 0.0, -0.6531302320162459, -0.7571956052751032, -0.008701458410815105, 0.0, 0.05159495886399022, -0.03303388677057499, -0.9981215970735491, 0.0, 0.42198166353135164, 0.0470964634508194, 0.4348093854974113, 1.0]",
  "1783608394.197643": "[0.7554858438423767, -0.6523523416658356, 0.06064290623702716, 0.0, -0.6531302320162459, -0.7571956052751032, -0.008701458410815105, 0.0, 0.05159495886399022, -0.03303388677057499, -0.9981215970735491, 0.0, 0.42198166353135164, 0.0470964634508194, 0.4348093854974113, 1.0]",
  "1783608394.2309732": "[0.7553709130000499, -0.65251075149455, 0.06036971904430829, 0.0, -0.6532822320887975, -0.7570649748613714, -0.008657313395594257, 0.0, 0.05135278990035035, -0.032898982084081714, -0.9981385414596922, 0.0, 0.4208399734897801, 0.04601120848621654, 0.43365645395805624, 1.0]",
  "1783608394.2643633": "[0.7553709130000499, -0.65251075149455, 0.06036971904430829, 0.0, -0.6532822320887975, -0.7570649748613714, -0.008657313395594257, 0.0, 0.05135278990035035, -0.032898982084081714, -0.9981385414596922, 0.0, 0.4208399734897801, 0.04601120848621654, 0.43365645395805624, 1.0]",
  "1783608394.2976475": "[0.7555367853957817, -0.6523413880439229, 0.060123866797939664, 0.0, -0.6531099042122411, -0.7572148676932626, -0.008549687956404664, 0.0, 0.05110400115143266, -0.03280788913055291, -0.9981543084499069, 0.0, 0.41967832716681003, 0.04493506160729177, 0.4324599773529605, 1.0]",
