{
  "1783609442.164647": "[0.8052528499103151, -0.5897065311707946, 0.061758034342295993, 0.0, -0.5897573288327237, -0.8073486691060943, -0.019349924565981634, 0.0, 0.06127104372708269, -0.020840671465365772, -0.9979035652874815, 0.0, 0.4566076681093404, 0.07811303992378743, 0.47744830536517, 1.0]",
  "1783609442.1931417": "[0.8052528499103151, -0.5897065311707946, 0.061758034342295993, 0.0, -0.5897573288327237, -0.8073486691060943, -0.019349924565981634, 0.0, 0.06127104372708269, -0.020840671465365772, -0.9979035652874815, 0.0, 0.4566076681093404, 0.07811303992378743, 0.47744830536517, 1.0]",
  "1783609442.2264898": "[0.8086578396676287, -0.5849481509254478, 0.06251527071830641, 0.0, -0.5850501818755048, -0.8107842948603836, -0.018577187494052037, 0.0, 0.06155309116138915, -0.021551982197700978, -0.9978710984049131, 0.0, 0.45612457891592806, 0.08091937692734233, 0.4774362491528494, 1.0]",
  "1783609442.2597916": "[0.8086578396676287, -0.5849481509254478, 0.06251527071830641, 0.0, -0.5850501818755048, -0.8107842948603836, -0.018577187494052037, 0.0, 0.06155309116138915, -0.021551982197700978, -0.9978710984049131, 0.0, 0.45612457891592806, 0.08091937692734233, 0.4774362491528494, 1.0]",
  "1783609442.2931325": "[0.8104924190543381, -0.5823564333999259, 0.06295254667735802, 0.0, -0.5824816859301288, -0.8126390342015541, -0.018245154095271686, 0.0, 0.06178287959817094, -0.021881146443526713, -0.997849733787044, 0.0, 0.4558537966520444, 0.08243916424994417, 0.4774650815717614, 1.0]",
  "1783609442.3271065": "[0.8104924190543381, -0.5823564333999259, 0.06295254667735802, 0.0, -0.5824816859301288, -0.8126390342015541, -0.018245154095271686, 0.0, 0.06178287959817094, -0.021881146443526713, -0.997849733787044, 0.0, 0.4558537966520444, 0.08243916424994417, 0.4774650815717614, 1.0]",
  "1783609442.3600433": "[0.8104538640913915, -0.5824162768858439, 0.06289526689477042, 0.0, -0.5825421994647975, -0.8125962980554375, -0.018216537248199993, 0.0, 0.061718068845748084, -0.021875484109636564, -0.9978538686465674, 0.0, 0.45586090135727214, 0.08240203582693059, 0.4774375221484096, 1.0]",
  "1783609442.393856": "[0.8102790223683585, -0.5826596059204546, 0.06289427269948872, 0.0, -0.5827812143785583, -0.812423104699195, -0.01829631433851693, 0.0, 0.06175728359659348, -0.021828480926106564, -0.997852471732785, 0.0, 0.45588236082682093, 0.08225938311290815, 0.47746357738769374, 1.0]",
  "1783609442.4264758": "[0.8102790223683585, -0.5826596059204546, 0.06289427269948872, 0.0, -0.5827812143785583, -0.812423104699195, -0.01829631433851693, 0.0, 0.06175728359659348, -0.021828480926106564, -0.997852471732785, 0.0, 0.45588236082682093, 0.08225938311290815, 0.47746357738769374, 1.0]",
  "1783609442.460062": "[0.8102790223683585, -0.5826596059204546, 0.06289427269948872, 0.0, -0.5827812143785583, -0.812423104699195, -0.01829631433851693, 0.0, 0.06175728359659348, -0.021828480926106564, -0.997852471732785, 0.0, 0.45588236082682093, 0.08225938311290815, 0.47746357738769374, 1.0]",
  "1783609442.4931152": "[0.8102836076321024, -0.5826581011041285, 0.06284912426149096, 0.0, -0.5827804053600074, -0.812424299774444, -0.018268997357000997, 0.0, 0.06170473507868535, -0.021824169027381057, -0.9978558168969773, 0.0, 0.45588477369418823, 0.08225973757484686, 0.47744050304748564, 1.0]",
  "1783609442.5306122": "[0.8102836076321024, -0.5826581011041285, 0.06284912426149096, 0.0, -0.5827804053600074, -0.812424299774444, -0.018268997357000997, 0.0, 0.06170473507868535, -0.021824169027381057, -0.9978558168969773, 0.0, 0.45588477369418823, 0.08225973757484686, 0.47744050304748564, 1.0]",
  "1783609442.5599587": "[0.8102841541091228, -0.5826532432583774, 0.06288710297157497, 0.0, -0.5827752158475813, -0.8124276034553084, -0.01828761705825935, 0.0, 0.061746557745905886, -0.021830878689565427, -0.9978530830448806, 0.0, 0.4558827870694628, 0.08226078350114718, 0.47745850026293646, 1.0]",
  "1783609442.5938277": "[0.8102841541091228, -0.5826532432583774, 0.06288710297157497, 0.0, -0.5827752158475813, -0.8124276034553084, -0.01828761705825935, 0.0, 0.061746557745905886, -0.021830878689565427, -0.9978530830448806, 0.0, 0.4558827870694628, 0.08226078350114718, 0.47745850026293646, 1.0]",
  "1783609442.626482": "[0.8102837895912117, -0.582654782043523, 0.06287754199648485, 0.0, -0.5827765286051186, -0.8124266543580783, -0.018287946727498148, 0.0, 0.06173895069299771, -0.021825128873734587, -0.9978536795126696, 0.0, 0.4558834525019083, 0.08226393684715527, 0.4774548797408691, 1.0]",
  "1783609442.6607158": "[0.8102826311166864, -0.5826564079715627, 0.06287740421085822, 0.0, -0.5827783565568948, -0.8124254161441204, -0.01828470212766257, 0.0, 0.061736900144602425, -0.021827813741380226, -0.9978537476543379, 0.0, 0.45588398512172085, 0.0822587330769396, 0.4774540188124743, 1.0]",
  "1783609442.6932013": "[0.8102826311166864, -0.5826564079715627, 0.06287740421085822, 0.0, -0.5827783565568948, -0.8124254161441204, -0.01828470212766257, 0.0, 0.061736900144602425, -0.021827813741380226, -0.9978537476543379, 0.0, 0.45588398512172085, 0.0822587330769396, 0.4774540188124743, 1.0]",
  "1783609442.7272763": "[0.81028172164635, -0.5826583988661405, 0.06287067517191602, 0.0, -0.5827806245913272, -0.8124239417797807, -0.018277921762214017, 0.0, 0.06172742637409643, -0.021829545431563617, -0.9978542958666266, 0.0, 0.4558840418692838, 0.0822598495723435, 0.47745040005298295, 1.0]",
  "1783609442.760138": "[0.81028172164635, -0.5826583988661405, 0.06287067517191602, 0.0, -0.5827806245913272, -0.8124239417797807, -0.018277921762214017, 0.0, 0.06172742637409643, -0.021829545431563617, -0.9978542958666266, 0.0, 0.4558840418692838, 0.0822598495723435, 0.47745040005298295, 1.0]",
  "1783609442.7934709": "[0.8102797317464108, -0.5826605203706667, 0.06287665959915839, 0.0, -0.5827825582602382, -0.8124224365837098, -0.01828317048655281, 0.0, 0.06173529062551324, -0.021828938058737788, -0.9978538226386726, 0.0, 0.455883657295417, 0.08226000449616824, 0.4774537029058139, 1.0]",
  "1783609442.8307376": "[0.8102797317464108, -0.5826605203706667, 0.06287665959915839, 0.0, -0.5827825582602382, -0.8124224365837098, -0.01828317048655281, 0.0, 0.06173529062551324, -0.021828938058737788, -0.9978538226386726, 0.0, 0.455883657295417, 0.08226000449616824, 0.4774537029058139, 1.0]",
  "1783609442.8603737": "[0.8102814913807582, -0.58265905846274, 0.06286752991081855, 0.0, -0.5827812880632661, -0.8124234917127189, -0.018276772051832167, 0.0, 0.06172418496095964, -0.02182868994299801, -0.9978545150903904, 0.0, 0.4558843098113816, 0.08225764136235544, 0.4774498770584174, 1.0]",
  "1783609442.8931818": "[0.8102814913807582, -0.58265905846274, 0.06286752991081855, 0.0, -0.5827812880632661, -0.8124234917127189, -0.018276772051832167, 0.0, 0.06172418496095964, -0.02182868994299801, -0.9978545150903904, 0.0, 0.4558843098113816, 0.08225764136235544, 0.4774498770584174, 1.0]",
  "1783609442.9279082": "[0.8102808271525332, -0.5826585417846061, 0.0628808781303421, 0.0, -0.582780533028972, -0.8124238406355726, -0.01828533536505547, 0.0, 0.061740031353035636, -0.021829495009771983, -0.9978535171437457, 0.0, 0.45588269592081954, 0.08226154145238165, 0.4774558155452085, 1.0]",
  "1783609442.959802": "[0.8102808271525332, -0.5826585417846061, 0.0628808781303421, 0.0, -0.582780533028972, -0.8124238406355726, -0.01828533536505547, 0.0, 0.061740031353035636, -0.021829495009771983, -0.9978535171437457, 0.0, 0.45588269592081954, 0.08226154145238165, 0.4774558155452085, 1.0]",
  "1783609442.9949198": "[0.8102808271525332, -0.5826585417846061, 0.0628808781303421, 0.0, -0.582780533028972, -0.8124238406355726, -0.01828533536505547, 0.0, 0.061740031353035636, -0.021829495009771983, -0.9978535171437457, 0.0, 0.45588269592081954, 0.08226154145238165, 0.4774558155452085, 1.0]",
  "1783609443.026458": "[0.8102834234113082, -0.5826562213219489, 0.06286892316302765, 0.0, -0.5827782352898362, -0.8124255947559027, -0.018280630677920257, 0.0, 0.061727645486564994, -0.02182614808769855, -0.9978543566284306, 0.0, 0.45588394624145423, 0.08226024501053905, 0.4774506064464225, 1.0]",
  "1783609443.0638094": "[0.8102834234113082, -0.5826562213219489, 0.06286892316302765, 0.0, -0.5827782352898362, -0.8124255947559027, -0.018280630677920257, 0.0, 0.061727645486564994, -0.02182614808769855, -0.9978543566284306, 0.0, 0.45588394624145423, 0.08226024501053905, 0.4774506064464225, 1.0]",
  "1783609443.0934942": "[0.8102813514838214, -0.5826572854856795, 0.0628857623632809, 0.0, -0.5827792967000667, -0.812424696997682, -0.01828669040586721, 0.0, 0.06174481982585634, -0.021831156146288055, -0.9978531845146301, 0.0, 0.45588242627515807, 0.08226066990202097, 0.4774575742306156, 1.0]",
  "1783609443.126528": "[0.8102813514838214, -0.5826572854856795, 0.0628857623632809, 0.0, -0.5827792967000667, -0.812424696997682, -0.01828669040586721, 0.0, 0.06174481982585634, -0.021831156146288055, -0.9978531845146301, 0.0, 0.45588242627515807, 0.08226066990202097, 0.4774575742306156, 1.0]",
  "1783609443.1597958": "[0.8102830485067403, -0.5826560266031269, 0.06287555936673687, 0.0, -0.582777993826574, -0.8124256982073341, -0.018283730576652547, 0.0, 0.06173484602797235, -0.02182749539874464, -0.9978538817033886, 0.0, 0.455884415987304, 0.08225793042897582, 0.47745312841428406, 1.0]",
  "1783609443.1931174": "[0.8102830485067403, -0.5826560266031269, 0.06287555936673687, 0.0, -0.582777993826574, -0.8124256982073341, -0.018283730576652547, 0.0, 0.06173484602797235, -0.02182749539874464, -0.9978538817033886, 0.0, 0.455884415987304, 0.08225793042897582, 0.47745312841428406, 1.0]",
  "1783609443.2268784": "[0.810282680371972, -0.5826565953323023, 0.06287503324040636, 0.0, -0.5827785602051542, -0.812425294721602, -0.018283606365413957, 0.0, 0.06173433124623577, -0.02182733177206156, -0.9978539171308052, 0.0, 0.45588292108332745, 0.08226078843525611, 0.47745353605818897, 1.0]",
  "1783609443.2612765": "[0.8102777409577774, -0.5826641073480109, 0.06286907440631423, 0.0, -0.582785947762705, -0.8124199903782752, -0.018283826844760234, 0.0, 0.06172942247167669, -0.021824235201012367, -0.9978542885407691, 0.0, 0.4558841735105264, 0.08225722179103231, 0.47745162322352697, 1.0]",
  "1783609443.2931237": "[0.8102777409577774, -0.5826641073480109, 0.06286907440631423, 0.0, -0.582785947762705, -0.8124199903782752, -0.018283826844760234, 0.0, 0.06172942247167669, -0.021824235201012367, -0.9978542885407691, 0.0, 0.4558841735105264, 0.08225722179103231, 0.47745162322352697, 1.0]",
  "1783609443.3279188": "[0.8102777409577774, -0.5826641073480109, 0.06286907440631423, 0.0, -0.582785947762705, -0.8124199903782752, -0.018283826844760234, 0.0, 0.06172942247167669, -0.021824235201012367, -0.9978542885407691, 0.0, 0.4558841735105264, 0.08225722179103231, 0.47745162322352697, 1.0]",
  "1783609443.3598754": "[0.810279534002771, -0.5826606191187933, 0.06287829279136652, 0.0, -0.582782415487247, -0.8124224380134633, -0.01828765734342814, 0.0, 0.06173923367764053, -0.02182624888443161, -0.9978536375062892, 0.0, 0.4558840706374026, 0.08225897022745746, 0.47745541642271344, 1.0]",
  "1783609443.394231": "[0.8102803940764927, -0.5826601989784461, 0.06287110227792582, 0.0, -0.5827821311345953, -0.8124227491617262, -0.018282895687563448, 0.0, 0.06173062939467845, -0.021825883049732406, -0.9978541778354371, 0.0, 0.4558836420004866, 0.08225890952662204, 0.4774523623823722, 1.0]",
  "1783609443.4266417": "[0.8102803940764927, -0.5826601989784461, 0.06287110227792582, 0.0, -0.5827821311345953, -0.8124227491617262, -0.018282895687563448, 0.0, 0.06173062939467845, -0.021825883049732406, -0.9978541778354371, 0.0, 0.4558836420004866, 0.08225890952662204, 0.4774523623823722, 1.0]",
  "1783609443.460172": "[0.8102790167225324, -0.5826612035034374, 0.06287954350257138, 0.0, -0.5827830927645089, -0.8124219754287383, -0.018286624300302298, 0.0, 0.06173962946924567, -0.021827866876825724, -0.9978535776257997, 0.0, 0.4558840079336199, 0.08225919002001189, 0.4774555553935212, 1.0]",
  "1783609443.4951198": "[0.8102790167225324, -0.5826612035034374, 0.06287954350257138, 0.0, -0.5827830927645089, -0.8124219754287383, -0.018286624300302298, 0.0, 0.06173962946924567, -0.021827866876825724, -0.9978535776257997, 0.0, 0.4558840079336199, 0.08225919002001189, 0.4774555553935212, 1.0]",
  "1783609443.5283432": "[0.810285910195728, -0.582652737603722, 0.06286915858486423, 0.0, -0.5827749754416693, -0.8124280160326145, -0.01827694625125947, 0.0, 0.06172577854707349, -0.02182902032153249, -0.997854409287527, 0.0, 0.4558840294174232, 0.08225960947629422, 0.47744927688056693, 1.0]",
  "1783609443.560205": "[0.810285910195728, -0.582652737603722, 0.06286915858486423, 0.0, -0.5827749754416693, -0.8124280160326145, -0.01827694625125947, 0.0, 0.06172577854707349, -0.02182902032153249, -0.997854409287527, 0.0, 0.4558840294174232, 0.08225960947629422, 0.47744927688056693, 1.0]",
  "1783609443.5938091": "[0.8102785325012196, -0.5826625118552731, 0.0628736593986201, 0.0, -0.5827844084834992, -0.8124210799770777, -0.018284475311486303, 0.0, 0.061733564583684224, -0.02182627057887191, -0.9978539877739676, 0.0, 0.45588377773588773, 0.08225721074668821, 0.4774531499697061, 1.0]",
  "1783609443.6265152": "[0.8102785325012196, -0.5826625118552731, 0.0628736593986201, 0.0, -0.5827844084834992, -0.8124210799770777, -0.018284475311486303, 0.0, 0.061733564583684224, -0.02182627057887191, -0.9978539877739676, 0.0, 0.45588377773588773, 0.08225721074668821, 0.4774531499697061, 1.0]",
  "1783609443.6618354": "[0.8102785325012196, -0.5826625118552731, 0.0628736593986201, 0.0, -0.5827844084834992, -0.8124210799770777, -0.018284475311486303, 0.0, 0.061733564583684224, -0.02182627057887191, -0.9978539877739676, 0.0, 0.45588377773588773, 0.08225721074668821, 0.4774531499697061, 1.0]",
  "1783609443.6936557": "[0.8102775313924502, -0.5826635928636988, 0.06287654309615523, 0.0, -0.5827855892066663, -0.812420245219206, -0.018283932044410187, 0.0, 0.06173555809738614, -0.021828483894479167, -0.9978538160258112, 0.0, 0.4558840894621937, 0.08225833126460094, 0.4774536288320706, 1.0]",
  "1783609443.7265785": "[0.8102775313924502, -0.5826635928636988, 0.06287654309615523, 0.0, -0.5827855892066663, -0.812420245219206, -0.018283932044410187, 0.0, 0.06173555809738614, -0.021828483894479167, -0.9978538160258112, 0.0, 0.4558840894621937, 0.08225833126460094, 0.4774536288320706, 1.0]",
  "1783609443.7598042": "[0.8102797761408088, -0.582660492228134, 0.0628763482851007, 0.0, -0.5827824643075934, -0.812422482551497, -0.018284122632239108, 0.0, 0.06173559486041409, -0.02182797840687172, -0.9978538248089746, 0.0, 0.45588402183149934, 0.08225816506611151, 0.4774537995071161, 1.0]",
  "1783609443.7931125": "[0.8102797761408088, -0.582660492228134, 0.0628763482851007, 0.0, -0.5827824643075934, -0.812422482551497, -0.018284122632239108, 0.0, 0.06173559486041409, -0.02182797840687172, -0.9978538248089746, 0.0, 0.45588402183149934, 0.08225816506611151, 0.4774537995071161, 1.0]",
  "1783609443.8269813": "[0.8102805450552123, -0.5826605714977239, 0.06286570390104466, 0.0, -0.5827827486223752, -0.8124224380238756, -0.0182770376016328, 0.0, 0.06172281760562653, -0.021827519723685556, -0.997854625268398, 0.0, 0.4558842937359985, 0.08225874550751122, 0.47744929488410975, 1.0]",
  "1783609443.860547": "[0.8102841814889427, -0.5826547592658285, 0.06287270261149651, 0.0, -0.5827767868069339, -0.8124266099888648, -0.018281688679827837, 0.0, 0.06173136956021408, -0.02182738845762589, -0.997854099117371, 0.0, 0.45588406764734, 0.08226051125597597, 0.47745225482165166, 1.0]",
  "1783609443.8931952": "[0.8102841814889427, -0.5826547592658285, 0.06287270261149651, 0.0, -0.5827767868069339, -0.8124266099888648, -0.018281688679827837, 0.0, 0.06173136956021408, -0.02182738845762589, -0.997854099117371, 0.0, 0.45588406764734, 0.08226051125597597, 0.47745225482165166, 1.0]",
  "1783609443.9267397": "[0.8102817959869663, -0.5826576660764405, 0.06287650796992093, 0.0, -0.5827795981801668, -0.8124245254319196, -0.018284704582892452, 0.0, 0.06173614044544463, -0.02182738278116537, -0.9978538040834564, 0.0, 0.45588464221171593, 0.08225826901161146, 0.4774539979329575, 1.0]",
  "1783609443.965675": "[0.8102817959869663, -0.5826576660764405, 0.06287650796992093, 0.0, -0.5827795981801668, -0.8124245254319196, -0.018284704582892452, 0.0, 0.06173614044544463, -0.02182738278116537, -0.9978538040834564, 0.0, 0.45588464221171593, 0.08225826901161146, 0.4774539979329575, 1.0]",
  "1783609443.9931324": "[0.8102817959869663, -0.5826576660764405, 0.06287650796992093, 0.0, -0.5827795981801668, -0.8124245254319196, -0.018284704582892452, 0.0, 0.06173614044544463, -0.02182738278116537, -0.9978538040834564, 0.0, 0.45588464221171593, 0.08225826901161146, 0.4774539979329575, 1.0]",
  "1783609444.0296013": "[0.8102826037905397, -0.5826569179513816, 0.06287303044883541, 0.0, -0.5827787775093909, -0.8124251161992504, -0.018284612473179817, 0.0, 0.06173328501775245, -0.02182536441921389, -0.9978540248898562, 0.0, 0.45588407629422817, 0.0822582342068783, 0.4774527317829076, 1.0]",
  "1783609444.059798": "[0.8102826037905397, -0.5826569179513816, 0.06287303044883541, 0.0, -0.5827787775093909, -0.8124251161992504, -0.018284612473179817, 0.0, 0.06173328501775245, -0.02182536441921389, -0.9978540248898562, 0.0, 0.45588407629422817, 0.0822582342068783, 0.4774527317829076, 1.0]",
  "1783609444.0932167": "[0.8102756823254711, -0.5826671505880572, 0.06286740218576396, 0.0, -0.582788992967407, -0.8124178170334917, -0.018283332370534273, 0.0, 0.06172769482191852, -0.021823890398600315, -0.9978544029565846, 0.0, 0.45588470923630087, 0.08225643221939455, 0.4774506639704691, 1.0]",
  "1783609444.1283722": "[0.8102756823254711, -0.5826671505880572, 0.06286740218576396, 0.0, -0.582788992967407, -0.8124178170334917, -0.018283332370534273, 0.0, 0.06172769482191852, -0.021823890398600315, -0.9978544029565846, 0.0, 0.45588470923630087, 0.08225643221939455, 0.4774506639704691, 1.0]",
  "1783609444.1631532": "[0.8102800288568005, -0.5826604759753681, 0.06287324209852715, 0.0, -0.5827822785031452, -0.8124225789531283, -0.018285761395976843, 0.0, 0.061734031931381696, -0.021824824015458846, -0.9978539905007093, 0.0, 0.4558838509996083, 0.08225980165373051, 0.4774524703851564, 1.0]",
  "1783609444.1945536": "[0.8102735100266576, -0.582669445763735, 0.06287412760795776, 0.0, -0.582791326333492, -0.8124161012149027, -0.018285197215946396, 0.0, 0.0617341793460414, -0.02182648529100837, -0.9978539450442194, 0.0, 0.4558846591695547, 0.08225603109191953, 0.4774531686342615, 1.0]",
  "1783609444.2264712": "[0.8102735100266576, -0.582669445763735, 0.06287412760795776, 0.0, -0.582791326333492, -0.8124161012149027, -0.018285197215946396, 0.0, 0.0617341793460414, -0.02182648529100837, -0.9978539450442194, 0.0, 0.4558846591695547, 0.08225603109191953, 0.4774531686342615, 1.0]",
  "1783609444.2625716": "[0.8102874251119875, -0.5826502712137228, 0.06287249128164453, 0.0, -0.5827724529368298, -0.8124297808606837, -0.01827892963639422, 0.0, 0.06172970762425335, -0.02182916913757635, -0.9978541629774302, 0.0, 0.4558834069433933, 0.0822610711099346, 0.477450762020748, 1.0]",
  "1783609444.293134": "[0.8102874251119875, -0.5826502712137228, 0.06287249128164453, 0.0, -0.5827724529368298, -0.8124297808606837, -0.01827892963639422, 0.0, 0.06172970762425335, -0.02182916913757635, -0.9978541629774302, 0.0, 0.4558834069433933, 0.0822610711099346, 0.477450762020748, 1.0]",
  "1783609444.3286972": "[0.8102874251119875, -0.5826502712137228, 0.06287249128164453, 0.0, -0.5827724529368298, -0.8124297808606837, -0.01827892963639422, 0.0, 0.06172970762425335, -0.02182916913757635, -0.9978541629774302, 0.0, 0.4558834069433933, 0.0822610711099346, 0.477450762020748, 1.0]",
  "1783609444.3597653": "[0.8102796085596631, -0.5826607995511199, 0.06287565998738173, 0.0, -0.5827824712974803, -0.8124223734700744, -0.01828874609296095, 0.0, 0.061737728341758086, -0.021823834486654956, -0.9978537834510117, 0.0, 0.4558849846422601, 0.08225868716053761, 0.477454916863283, 1.0]",
  "1783609444.3938859": "[0.8102796085596631, -0.5826607995511199, 0.06287565998738173, 0.0, -0.5827824712974803, -0.8124223734700744, -0.01828874609296095, 0.0, 0.061737728341758086, -0.021823834486654956, -0.9978537834510117, 0.0, 0.4558849846422601, 0.08225868716053761, 0.477454916863283, 1.0]",
  "1783609444.4266758": "[0.8102795705937318, -0.5826608042479502, 0.06287610572840242, 0.0, -0.5827826879238447, -0.8124222916184669, -0.018285478874144417, 0.0, 0.061736181730781624, -0.02182675593233973, -0.9978538152408767, 0.0, 0.45588374752045707, 0.08225641797618437, 0.47745404143471637, 1.0]",
  "1783609444.4600208": "[0.8102795705937318, -0.5826608042479502, 0.06287610572840242, 0.0, -0.5827826879238447, -0.8124222916184669, -0.018285478874144417, 0.0, 0.061736181730781624, -0.02182675593233973, -0.9978538152408767, 0.0, 0.45588374752045707, 0.08225641797618437, 0.47745404143471637, 1.0]",
  "1783609444.4940753": "[0.8102760947034102, -0.5826661173051131, 0.06287166370293029, 0.0, -0.5827879554442481, -0.8124185267543906, -0.01828486738640241, 0.0, 0.061732077085606116, -0.0218250574067852, -0.9978541063341311, 0.0, 0.45588422516823796, 0.08225650979102068, 0.47745256645927947, 1.0]",
  "1783609444.5265882": "[0.8102760947034102, -0.5826661173051131, 0.06287166370293029, 0.0, -0.5827879554442481, -0.8124185267543906, -0.01828486738640241, 0.0, 0.061732077085606116, -0.0218250574067852, -0.9978541063341311, 0.0, 0.45588422516823796, 0.08225650979102068, 0.47745256645927947, 1.0]",
  "1783609444.559792": "[0.8102809287893552, -0.5826589903102459, 0.06287541213307944, 0.0, -0.5827807716945983, -0.8124236362671571, -0.018286808838569257, 0.0, 0.06173644453082977, -0.021825128753222664, -0.9978538345727781, 0.0, 0.45588410133445223, 0.0822592277849145, 0.4774541809292241, 1.0]",
  "1783609444.5931885": "[0.8102809287893552, -0.5826589903102459, 0.06287541213307944, 0.0, -0.5827807716945983, -0.8124236362671571, -0.018286808838569257, 0.0, 0.06173644453082977, -0.021825128753222664, -0.9978538345727781, 0.0, 0.45588410133445223, 0.0822592277849145, 0.4774541809292241, 1.0]",
  "1783609444.6266463": "[0.8102850508461638, -0.5826532691688112, 0.06287530757083097, 0.0, -0.5827754260901469, -0.8124276137783766, -0.0182804572103807, 0.0, 0.06173280425088058, -0.021829802959935612, -0.9978539575419103, 0.0, 0.45588307217092283, 0.08226031066879247, 0.47745216052735073, 1.0]",
  "1783609444.6598": "[0.8102850508461638, -0.5826532691688112, 0.06287530757083097, 0.0, -0.5827754260901469, -0.8124276137783766, -0.0182804572103807, 0.0, 0.06173280425088058, -0.021829802959935612, -0.9978539575419103, 0.0, 0.45588307217092283, 0.08226031066879247, 0.47745216052735073, 1.0]",
  "1783609444.6935902": "[0.8102797658540289, -0.5826606460107124, 0.06287505576871796, 0.0, -0.5827826170935695, -0.8124223827537891, -0.018283687106981632, 0.0, 0.061734287564610864, -0.021827587842804176, -0.9978539142318654, 0.0, 0.45588414321088544, 0.08225897953003486, 0.4774531987777729, 1.0]",
  "1783609444.7266943": "[0.8102786154348222, -0.5826629434985104, 0.06286859027113027, 0.0, -0.5827847513896758, -0.8124208417395142, -0.018284131232655498, 0.0, 0.061729238750380395, -0.02182361521175535, -0.9978543134658424, 0.0, 0.4558833640268708, 0.08225892720229011, 0.47745145723858273, 1.0]",
  "1783609444.7597842": "[0.8102786154348222, -0.5826629434985104, 0.06286859027113027, 0.0, -0.5827847513896758, -0.8124208417395142, -0.018284131232655498, 0.0, 0.061729238750380395, -0.02182361521175535, -0.9978543134658424, 0.0, 0.4558833640268708, 0.08225892720229011, 0.47745145723858273, 1.0]",
  "1783609444.7932875": "[0.8102839580718187, -0.5826551024401332, 0.0628724016715205, 0.0, -0.5827772286824053, -0.8124263309900073, -0.018280001186278053, 0.0, 0.06173013057432, -0.02182861229196082, -0.9978541489940722, 0.0, 0.45588355952171294, 0.08226027944462619, 0.47745084375744484, 1.0]",
  "1783609444.8264759": "[0.8102839580718187, -0.5826551024401332, 0.0628724016715205, 0.0, -0.5827772286824053, -0.8124263309900073, -0.018280001186278053, 0.0, 0.06173013057432, -0.02182861229196082, -0.9978541489940722, 0.0, 0.45588355952171294, 0.08226027944462619, 0.47745084375744484, 1.0]",
  "1783609444.8597999": "[0.8102839580718187, -0.5826551024401332, 0.0628724016715205, 0.0, -0.5827772286824053, -0.8124263309900073, -0.018280001186278053, 0.0, 0.06173013057432, -0.02182861229196082, -0.9978541489940722, 0.0, 0.45588355952171294, 0.08226027944462619, 0.47745084375744484, 1.0]",
  "1783609444.8932083": "[0.8107926199945684, -0.5817286860536914, 0.06486187774485935, 0.0, -0.5818509111408752, -0.8130748751737757, -0.018941081428531372, 0.0, 0.06375613356279375, -0.022382653627185053, -0.9977144743110267, 0.0, 0.4550319929564133, 0.08148614072593996, 0.47706262430892654, 1.0]",
  "1783609444.927105": "[0.8107926199945684, -0.5817286860536914, 0.06486187774485935, 0.0, -0.5818509111408752, -0.8130748751737757, -0.018941081428531372, 0.0, 0.06375613356279375, -0.022382653627185053, -0.9977144743110267, 0.0, 0.4550319929564133, 0.08148614072593996, 0.47706262430892654, 1.0]",
  "1783609444.9606702": "[0.8103447336909896, -0.5821450612834304, 0.06669737777896771, 0.0, -0.5823172885910862, -0.8127432290075332, -0.01884195081019884, 0.0, 0.0651765907915161, -0.023570560572874537, -0.9975953291225232, 0.0, 0.4531820935635765, 0.07924514326238988, 0.4757493580272598, 1.0]",
  "1783609444.993273": "[0.8103447336909896, -0.5821450612834304, 0.06669737777896771, 0.0, -0.5823172885910862, -0.8127432290075332, -0.01884195081019884, 0.0, 0.0651765907915161, -0.023570560572874537, -0.9975953291225232, 0.0, 0.4531820935635765, 0.07924514326238988, 0.4757493580272598, 1.0]",
  "1783609445.0276668": "[0.8095086997890042, -0.583215281872676, 0.06749518468817645, 0.0, -0.5834464752735967, -0.8119457274129616, -0.018285136768797623, 0.0, 0.06546659802320834, -0.024577850313083495, -0.9975520306316135, 0.0, 0.45146675630997124, 0.07649302610483671, 0.47387817463391413, 1.0]",
  "1783609445.0606651": "[0.8095086997890042, -0.583215281872676, 0.06749518468817645, 0.0, -0.5834464752735967, -0.8119457274129616, -0.018285136768797623, 0.0, 0.06546659802320834, -0.024577850313083495, -0.9975520306316135, 0.0, 0.45146675630997124, 0.07649302610483671, 0.47387817463391413, 1.0]",
  "1783609445.093729": "[0.8093408893421594, -0.5834245638182974, 0.06769862016519779, 0.0, -0.5837247839053309, -0.8117668786331436, -0.01731795048143619, 0.0, 0.0650592152851322, -0.025501236982390107, -0.9975555049313549, 0.0, 0.4496834536699453, 0.07370670763638176, 0.47150538148629517, 1.0]",
  "1783609445.1266541": "[0.8093408893421594, -0.5834245638182974, 0.06769862016519779, 0.0, -0.5837247839053309, -0.8117668786331436, -0.01731795048143619, 0.0, 0.0650592152851322, -0.025501236982390107, -0.9975555049313549, 0.0, 0.4496834536699453, 0.07370670763638176, 0.47150538148629517, 1.0]",
  "1783609445.1597757": "[0.8086905499274288, -0.5843437248650037, 0.06754262112892445, 0.0, -0.5847029604491022, -0.8110819245653134, -0.016387790744428126, 0.0, 0.06435870182134121, -0.026239719021367004, -0.997581793461344, 0.0, 0.44792000507258867, 0.07115511712361608, 0.4691860537292004, 1.0]",
  "1783609445.1941974": "[0.8087334915450146, -0.5842280957177534, 0.0680269933733481, 0.0, -0.5846253150809085, -0.8111457426138271, -0.015994536755139323, 0.0, 0.064524263807953, -0.026834984879271613, -0.997555263114065, 0.0, 0.44604567169549597, 0.06853867801992006, 0.46698228074782555, 1.0]",
  "1783609445.226589": "[0.8087334915450146, -0.5842280957177534, 0.0680269933733481, 0.0, -0.5846253150809085, -0.8111457426138271, -0.015994536755139323, 0.0, 0.064524263807953, -0.026834984879271613, -0.997555263114065, 0.0, 0.44604567169549597, 0.06853867801992006, 0.46698228074782555, 1.0]",
  "1783609445.259787": "[0.8087334915450146, -0.5842280957177534, 0.0680269933733481, 0.0, -0.5846253150809085, -0.8111457426138271, -0.015994536755139323, 0.0, 0.064524263807953, -0.026834984879271613, -0.997555263114065, 0.0, 0.44604567169549597, 0.06853867801992006, 0.46698228074782555, 1.0]",
  "1783609445.2931554": "[0.8085711815279744, -0.5844315910828134, 0.06820820879386096, 0.0, -0.5848699833352814, -0.8109800347173619, -0.01544298815691176, 0.0, 0.0643408656752714, -0.027406178760238195, -0.9975515798042318, 0.0, 0.44416835751862416, 0.06607442656800416, 0.464837856690157, 1.0]",
  "1783609445.3272195": "[0.8085711815279744, -0.5844315910828134, 0.06820820879386096, 0.0, -0.5848699833352814, -0.8109800347173619, -0.01544298815691176, 0.0, 0.0643408656752714, -0.027406178760238195, -0.9975515798042318, 0.0, 0.44416835751862416, 0.06607442656800416, 0.464837856690157, 1.0]",
  "1783609445.3600261": "[0.8086702427358491, -0.5842916266663302, 0.06823293575068301, 0.0, -0.5847642830348175, -0.8110661394777308, -0.014914780570511647, 0.0, 0.06405600518545412, -0.027839044529301332, -0.9975579260370684, 0.0, 0.44229547830429194, 0.06365894455681614, 0.46262870324513483, 1.0]",
  "1783609445.3937287": "[0.808288646567712, -0.5847706483601957, 0.06864949122996306, 0.0, -0.5852684383077517, -0.8107058130136116, -0.014728878665552617, 0.0, 0.06426755752743185, -0.028273195120742594, -0.9975321084993318, 0.0, 0.4403596030673473, 0.061276575260808784, 0.4605991020214754, 1.0]",
  "1783609445.428584": "[0.808288646567712, -0.5847706483601957, 0.06864949122996306, 0.0, -0.5852684383077517, -0.8107058130136116, -0.014728878665552617, 0.0, 0.06426755752743185, -0.028273195120742594, -0.9975321084993318, 0.0, 0.4403596030673473, 0.061276575260808784, 0.4605991020214754, 1.0]",
  "1783609445.4615912": "[0.8081792696070411, -0.5848801373443047, 0.06900357322296338, 0.0, -0.5853996041435605, -0.8106142457948444, -0.014554998557820793, 0.0, 0.06444820902082615, -0.02863161634562281, -0.9975102299723273, 0.0, 0.4384294695056467, 0.058732827990559115, 0.4584412637364407, 1.0]",
  "1783609445.495664": "[0.8081792696070411, -0.5848801373443047, 0.06900357322296338, 0.0, -0.5853996041435605, -0.8106142457948444, -0.014554998557820793, 0.0, 0.06444820902082615, -0.02863161634562281, -0.9975102299723273, 0.0, 0.4384294695056467, 0.058732827990559115, 0.4584412637364407, 1.0]",
  "1783609445.5265465": "[0.8081792696070411, -0.5848801373443047, 0.06900357322296338, 0.0, -0.5853996041435605, -0.8106142457948444, -0.014554998557820793, 0.0, 0.06444820902082615, -0.02863161634562281, -0.9975102299723273, 0.0, 0.4384294695056467, 0.058732827990559115, 0.4584412637364407, 1.0]",
  "1783609445.5621133": "[0.8080974929844668, -0.5849679180723565, 0.0692168813102162, 0.0, -0.5854937203776734, -0.8105462461676429, -0.014556312096582272, 0.0, 0.06461845889937623, -0.02876313003891074, -0.9974954321298086, 0.0, 0.4364831378047343, 0.05609124370416355, 0.4562939356130641, 1.0]",
  "1783609445.5946662": "[0.8083245489212514, -0.5846967599191426, 0.06885580985880653, 0.0, -0.5852459298731496, -0.8107346522455801, -0.014018745134665406, 0.0, 0.0640205059193384, -0.028965886630565606, -0.9975281210239324, 0.0, 0.43456027776335276, 0.05365169972079383, 0.45396015878141865, 1.0]",
  "1783609445.6266658": "[0.8083245489212514, -0.5846967599191426, 0.06885580985880653, 0.0, -0.5852459298731496, -0.8107346522455801, -0.014018745134665406, 0.0, 0.0640205059193384, -0.028965886630565606, -0.9975281210239324, 0.0, 0.43456027776335276, 0.05365169972079383, 0.45396015878141865, 1.0]",
  "1783609445.6597931": "[0.8083245489212514, -0.5846967599191426, 0.06885580985880653, 0.0, -0.5852459298731496, -0.8107346522455801, -0.014018745134665406, 0.0, 0.0640205059193384, -0.028965886630565606, -0.9975281210239324, 0.0, 0.43456027776335276, 0.05365169972079383, 0.45396015878141865, 1.0]",
  "1783609445.6931243": "[0.8081880285675769, -0.5848550663893951, 0.06911339811288322, 0.0, -0.5854288982911507, -0.8106069814786172, -0.013759601147337607, 0.0, 0.06407117546653199, -0.029340635589239977, -0.9975139154806594, 0.0, 0.43259444304913675, 0.05128674497109621, 0.45171414889111317, 1.0]",
  "1783609445.7272604": "[0.8080673739635775, -0.5849898701423126, 0.06938278580806648, 0.0, -0.58558360403109, -0.8104982480240714, -0.013580597920207497, 0.0, 0.06417913855426444, -0.02965538367296743, -0.9974976673625064, 0.0, 0.4305255596321008, 0.04877198241321414, 0.44964497962169137, 1.0]",
  "1783609445.7597754": "[0.8080673739635775, -0.5849898701423126, 0.06938278580806648, 0.0, -0.58558360403109, -0.8104982480240714, -0.013580597920207497, 0.0, 0.06417913855426444, -0.02965538367296743, -0.9974976673625064, 0.0, 0.4305255596321008, 0.04877198241321414, 0.44964497962169137, 1.0]",
  "1783609445.7933712": "[0.8083061775233776, -0.5846411861344634, 0.06953996586736018, 0.0, -0.585255893019121, -0.8107393812091028, -0.01331147786957429, 0.0, 0.0641612271074763, -0.02993892503027845, -0.9974903496796819, 0.0, 0.4284827117709607, 0.0463777729439244, 0.4475384638411834, 1.0]",
  "1783609445.831696": "[0.8083061775233776, -0.5846411861344634, 0.06953996586736018, 0.0, -0.585255893019121, -0.8107393812091028, -0.01331147786957429, 0.0, 0.0641612271074763, -0.02993892503027845, -0.9974903496796819, 0.0, 0.4284827117709607, 0.0463777729439244, 0.4475384638411834, 1.0]",
  "1783609445.859796": "[0.8083061775233776, -0.5846411861344634, 0.06953996586736018, 0.0, -0.585255893019121, -0.8107393812091028, -0.01331147786957429, 0.0, 0.0641612271074763, -0.02993892503027845, -0.9974903496796819, 0.0, 0.4284827117709607, 0.0463777729439244, 0.4475384638411834, 1.0]",
  "1783609445.8935444": "[0.8081810991546053, -0.5847944556637495, 0.06970477454373485, 0.0, -0.5854337102734076, -0.8106158113976416, -0.013014499131935284, 0.0, 0.06411459931065573, -0.03028945257151595, -0.9974827653739948, 0.0, 0.4264466675577428, 0.0441415151036591, 0.4454113596950876, 1.0]",
  "1783609445.9265435": "[0.8081810991546053, -0.5847944556637495, 0.06970477454373485, 0.0, -0.5854337102734076, -0.8106158113976416, -0.013014499131935284, 0.0, 0.06411459931065573, -0.03028945257151595, -0.9974827653739948, 0.0, 0.4264466675577428, 0.0441415151036591, 0.4454113596950876, 1.0]",
  "1783609445.9600985": "[0.8079076061336913, -0.5851805959959265, 0.06963454617630858, 0.0, -0.5858339687977324, -0.8103303366147308, -0.01277914568954459, 0.0, 0.06390509333398862, -0.030469913549422172, -0.9974907134476316, 0.0, 0.42428124719688215, 0.04159305832553251, 0.44302508536349977, 1.0]",
  "1783609445.9931505": "[0.8079076061336913, -0.5851805959959265, 0.06963454617630858, 0.0, -0.5858339687977324, -0.8103303366147308, -0.01277914568954459, 0.0, 0.06390509333398862, -0.030469913549422172, -0.9974907134476316, 0.0, 0.42428124719688215, 0.04159305832553251, 0.44302508536349977, 1.0]",
  "1783609446.0269396": "[0.8079369317069651, -0.5851677686492969, 0.06940170688057883, 0.0, -0.585828935831826, -0.8103376363188333, -0.012544843855401255, 0.0, 0.06357965339701975, -0.03052208543348594, -0.9975099147250144, 0.0, 0.42233383015807485, 0.03923577620025914, 0.440887791131341, 1.0]",
  "1783609446.0599294": "[0.8079369317069651, -0.5851677686492969, 0.06940170688057883, 0.0, -0.585828935831826, -0.8103376363188333, -0.012544843855401255, 0.0, 0.06357965339701975, -0.03052208543348594, -0.9975099147250144, 0.0, 0.42233383015807485, 0.03923577620025914, 0.440887791131341, 1.0]",
  "1783609446.0944126": "[0.8085325751103807, -0.5843128579252378, 0.06966748917979977, 0.0, -0.5849922542475782, -0.8109448803819608, -0.012347609186583355, 0.0, 0.06371136049178071, -0.03077149729097499, -0.9974938483513363, 0.0, 0.4202511587059774, 0.03695798820038411, 0.4388650114548658, 1.0]",
  "1783609446.1265874": "[0.8085325751103807, -0.5843128579252378, 0.06966748917979977, 0.0, -0.5849922542475782, -0.8109448803819608, -0.012347609186583355, 0.0, 0.06371136049178071, -0.03077149729097499, -0.9974938483513363, 0.0, 0.4202511587059774, 0.03695798820038411, 0.4388650114548658, 1.0]",
  "1783609446.1605127": "[0.8083629920086361, -0.5845104410503286, 0.06997726383616493, 0.0, -0.5851935157918824, -0.8107981016363786, -0.012449395888199651, 0.0, 0.06401423455749222, -0.03088661014089641, -0.9974708993690109, 0.0, 0.41794700880268765, 0.0345679980958626, 0.4366154175527024, 1.0]",
  "1783609446.197306": "[0.8083629920086361, -0.5845104410503286, 0.06997726383616493, 0.0, -0.5851935157918824, -0.8107981016363786, -0.012449395888199651, 0.0, 0.06401423455749222, -0.03088661014089641, -0.9974708993690109, 0.0, 0.41794700880268765, 0.0345679980958626, 0.4366154175527024, 1.0]",
  "1783609446.2280903": "[0.8082543359083748, -0.5846119292589949, 0.07038338336133027, 0.0, -0.5852994556263755, -0.8107195912367611, -0.012581400095687222, 0.0, 0.06441642437127693, -0.031026384787391864, -0.9974406687709523, 0.0, 0.41586550209884676, 0.03230316328691526, 0.43454888312955564, 1.0]",
  "1783609446.25973": "[0.8082543359083748, -0.5846119292589949, 0.07038338336133027, 0.0, -0.5852994556263755, -0.8107195912367611, -0.012581400095687222, 0.0, 0.06441642437127693, -0.031026384787391864, -0.9974406687709523, 0.0, 0.41586550209884676, 0.03230316328691526, 0.43454888312955564, 1.0]",
  "1783609446.2950785": "[0.8080576126987862, -0.584962405051696, 0.06972717716696857, 0.0, -0.5856560943235555, -0.8104680816534966, -0.012183094950798747, 0.0, 0.0636383040410189, -0.030991503626588323, -0.9974917006981794, 0.0, 0.41349716767586564, 0.029823293756448828, 0.4319826091587195, 1.0]",
  "1783609446.3266633": "[0.8080790827358441, -0.5849944359467469, 0.0692077015666913, 0.0, -0.5856861311512673, -0.8104496743456411, -0.011961652482188789, 0.0, 0.06308685934374432, -0.030868029810654878, -0.9975305573834572, 0.0, 0.4112898162374996, 0.02758247938630313, 0.429641508404741, 1.0]",
  "1783609446.3597813": "[0.8080790827358441, -0.5849944359467469, 0.0692077015666913, 0.0, -0.5856861311512673, -0.8104496743456411, -0.011961652482188789, 0.0, 0.06308685934374432, -0.030868029810654878, -0.9975305573834572, 0.0, 0.4112898162374996, 0.02758247938630313, 0.429641508404741, 1.0]",
  "1783609446.3930483": "[0.8080790827358441, -0.5849944359467469, 0.0692077015666913, 0.0, -0.5856861311512673, -0.8104496743456411, -0.011961652482188789, 0.0, 0.06308685934374432, -0.030868029810654878, -0.9975305573834572, 0.0, 0.4112898162374996, 0.02758247938630313, 0.429641508404741, 1.0]",
  "1783609446.426582": "[0.8076107343865763, -0.5856425485678668, 0.06919325841806265, 0.0, -0.5863308156928934, -0.8099822472049134, -0.012038844703085812, 0.0, 0.0630957706386206, -0.030847439436886753, -0.9975306307115117, 0.0, 0.4090298735763282, 0.025349254654796684, 0.4274648782025929, 1.0]",
  "1783609446.4601583": "[0.8076166971762614, -0.5856018224657579, 0.06946780525459204, 0.0, -0.5862831204548186, -0.8100131361139169, -0.01228096057554049, 0.0, 0.06346158768788956, -0.03080949281763997, -0.9975085974769602, 0.0, 0.40679160776340584, 0.023126098396052307, 0.4253195650641667, 1.0]",
  "1783609446.493942": "[0.8076166971762614, -0.5856018224657579, 0.06946780525459204, 0.0, -0.5862831204548186, -0.8100131361139169, -0.01228096057554049, 0.0, 0.06346158768788956, -0.03080949281763997, -0.9975085974769602, 0.0, 0.40679160776340584, 0.023126098396052307, 0.4253195650641667, 1.0]",
  "1783609446.5266893": "[0.8076166971762614, -0.5856018224657579, 0.06946780525459204, 0.0, -0.5862831204548186, -0.8100131361139169, -0.01228096057554049, 0.0, 0.06346158768788956, -0.03080949281763997, -0.9975085974769602, 0.0, 0.40679160776340584, 0.023126098396052307, 0.4253195650641667, 1.0]",
  "1783609446.560891": "[0.8078829802790093, -0.5852171798741324, 0.06961280453819746, 0.0, -0.5858806192358137, -0.8102992091004635, -0.01261315721866657, 0.0, 0.06378863675738367, -0.03059483798503674, -0.9974943436978998, 0.0, 0.4045094918737602, 0.020948379024809824, 0.4231747266384729, 1.0]",
