{
  "1783609240.6948166": "[0.8013779486483287, -0.5952374162498688, 0.05904067848845555, 0.0, -0.5952957027853298, -0.8032932717032544, -0.018518798060391972, 0.0, 0.05845006129609222, -0.020306105792638293, -0.9980837902711479, 0.0, 0.4559353926846904, 0.08191811749813148, 0.4757092312031028, 1.0]",
  "1783609240.7283509": "[0.8013779486483287, -0.5952374162498688, 0.05904067848845555, 0.0, -0.5952957027853298, -0.8032932717032544, -0.018518798060391972, 0.0, 0.05845006129609222, -0.020306105792638293, -0.9980837902711479, 0.0, 0.4559353926846904, 0.08191811749813148, 0.4757092312031028, 1.0]",
  "1783609240.7614334": "[0.8013779486483287, -0.5952374162498688, 0.05904067848845555, 0.0, -0.5952957027853298, -0.8032932717032544, -0.018518798060391972, 0.0, 0.05845006129609222, -0.020306105792638293, -0.9980837902711479, 0.0, 0.4559353926846904, 0.08191811749813148, 0.4757092312031028, 1.0]",
  "1783609240.7959332": "[0.8013691307163925, -0.595248634186301, 0.05904726779620315, 0.0, -0.5953064291175145, -0.8032850656107184, -0.01852994382445163, 0.0, 0.05846171213886043, -0.020301893166078926, -0.9980831936004464, 0.0, 0.4559355934406909, 0.08191196665402191, 0.47571551874048945, 1.0]",
  "1783609240.828217": "[0.8013691307163925, -0.595248634186301, 0.05904726779620315, 0.0, -0.5953064291175145, -0.8032850656107184, -0.01852994382445163, 0.0, 0.05846171213886043, -0.020301893166078926, -0.9980831936004464, 0.0, 0.4559355934406909, 0.08191196665402191, 0.47571551874048945, 1.0]",
  "1783609240.861948": "[0.8013910075314996, -0.5952203689034384, 0.05903529020935374, 0.0, -0.5952791030254428, -0.8033058084513744, -0.018508582050164448, 0.0, 0.05844007656456487, -0.02030986338551009, -0.9980842984940648, 0.0, 0.4559342074119731, 0.08192683396853115, 0.4757049551515946, 1.0]",
  "1783609240.8947093": "[0.8013714123464748, -0.5952463195707934, 0.05903963508729678, 0.0, -0.5953042388055955, -0.8032868012383161, -0.01852506994331409, 0.0, 0.05845273931910131, -0.020301083560712495, -0.9980837356015546, 0.0, 0.45593562168642976, 0.08191245490321789, 0.47571119243186566, 1.0]",
  "1783609240.928094": "[0.8013714123464748, -0.5952463195707934, 0.05903963508729678, 0.0, -0.5953042388055955, -0.8032868012383161, -0.01852506994331409, 0.0, 0.05845273931910131, -0.020301083560712495, -0.9980837356015546, 0.0, 0.45593562168642976, 0.08191245490321789, 0.47571119243186566, 1.0]",
  "1783609240.9612844": "[0.8013887621322185, -0.5952218243411905, 0.05905109445332407, 0.0, -0.5952803608098015, -0.8033046703611821, -0.01851752170417011, 0.0, 0.05845805301532826, -0.020312223016127052, -0.9980831977514697, 0.0, 0.4559337778093811, 0.08192421226007282, 0.475712574607944, 1.0]",
  "1783609240.9953299": "[0.8013887621322185, -0.5952218243411905, 0.05905109445332407, 0.0, -0.5952803608098015, -0.8033046703611821, -0.01851752170417011, 0.0, 0.05845805301532826, -0.020312223016127052, -0.9980831977514697, 0.0, 0.4559337778093811, 0.08192421226007282, 0.475712574607944, 1.0]",
  "1783609241.0279937": "[0.8013827733449971, -0.5952302979806532, 0.05904695548242805, 0.0, -0.5952884327446388, -0.8032985558083017, -0.01852328471759572, 0.0, 0.05845795434594649, -0.020305728309031178, -0.9980833356847152, 0.0, 0.4559342416733817, 0.08192072317227617, 0.47571311487549417, 1.0]",
  "1783609241.0614421": "[0.8013827733449971, -0.5952302979806532, 0.05904695548242805, 0.0, -0.5952884327446388, -0.8032985558083017, -0.01852328471759572, 0.0, 0.05845795434594649, -0.020305728309031178, -0.9980833356847152, 0.0, 0.4559342416733817, 0.08192072317227617, 0.47571311487549417, 1.0]",
  "1783609241.09515": "[0.8013827733449971, -0.5952302979806532, 0.05904695548242805, 0.0, -0.5952884327446388, -0.8032985558083017, -0.01852328471759572, 0.0, 0.05845795434594649, -0.020305728309031178, -0.9980833356847152, 0.0, 0.4559342416733817, 0.08192072317227617, 0.47571311487549417, 1.0]",
  "1783609241.1289515": "[0.8013782487752554, -0.5952366238847369, 0.059044593115754065, 0.0, -0.5952947682275016, -0.8032938776127931, -0.018522556809683226, 0.0, 0.058455464337132806, -0.020305363234945834, -0.9980834889492096, 0.0, 0.4559359659463192, 0.08191991937963418, 0.4757110563879233, 1.0]",
  "1783609241.162918": "[0.8013782487752554, -0.5952366238847369, 0.059044593115754065, 0.0, -0.5952947682275016, -0.8032938776127931, -0.018522556809683226, 0.0, 0.058455464337132806, -0.020305363234945834, -0.9980834889492096, 0.0, 0.4559359659463192, 0.08191991937963418, 0.4757110563879233, 1.0]",
  "1783609241.1947336": "[0.8013801388260238, -0.5952331026342504, 0.05905443779756758, 0.0, -0.5952912959317816, -0.8032963943469511, -0.018525005183474885, 0.0, 0.05846491326464766, -0.02030902158135088, -0.9980828610688421, 0.0, 0.45593435502853313, 0.0819211476111594, 0.47571611483016973, 1.0]",
  "1783609241.2280087": "[0.8013763678190586, -0.5952393420288983, 0.05904272014513717, 0.0, -0.5952974569709565, -0.8032918859703477, -0.01852251759652801, 0.0, 0.05845386920508272, -0.02030447328067781, -0.9980836004763072, 0.0, 0.4559349963368627, 0.08191746424261984, 0.47571099199264055, 1.0]",
  "1783609241.2614367": "[0.8013763678190586, -0.5952393420288983, 0.05904272014513717, 0.0, -0.5952974569709565, -0.8032918859703477, -0.01852251759652801, 0.0, 0.05845386920508272, -0.02030447328067781, -0.9980836004763072, 0.0, 0.4559349963368627, 0.08191746424261984, 0.47571099199264055, 1.0]",
  "1783609241.2955205": "[0.8013763678190586, -0.5952393420288983, 0.05904272014513717, 0.0, -0.5952974569709565, -0.8032918859703477, -0.01852251759652801, 0.0, 0.05845386920508272, -0.02030447328067781, -0.9980836004763072, 0.0, 0.4559349963368627, 0.08191746424261984, 0.47571099199264055, 1.0]",
  "1783609241.3283055": "[0.8013834257643874, -0.5952290318017975, 0.05905086460357088, 0.0, -0.5952872346706032, -0.8032994402629781, -0.01852343141569345, 0.0, 0.058461210630303614, -0.020307854969947827, -0.9980831016895129, 0.0, 0.4559330716183587, 0.08192412002009333, 0.47571357897693756, 1.0]",
  "1783609241.36131": "[0.8009043055586393, -0.5958787788124427, 0.05899808724548328, 0.0, -0.5959274867812268, -0.8028206379982838, -0.01869368082105427, 0.0, 0.05850404974225669, -0.020186732400779075, -0.9980830486481247, 0.0, 0.45598916818241686, 0.08153298566014469, 0.4757554625152318, 1.0]",
  "1783609241.3951278": "[0.8009043055586393, -0.5958787788124427, 0.05899808724548328, 0.0, -0.5959274867812268, -0.8028206379982838, -0.01869368082105427, 0.0, 0.05850404974225669, -0.020186732400779075, -0.9980830486481247, 0.0, 0.45598916818241686, 0.08153298566014469, 0.4757554625152318, 1.0]",
  "1783609241.4281301": "[0.7957846640654794, -0.60273320807763, 0.05864680996133162, 0.0, -0.6026958419448938, -0.7977122938471273, -0.020317931673537574, 0.0, 0.05902957344016377, -0.01917749007569548, -0.9980720080905332, 0.0, 0.4565798808095466, 0.0774531698229418, 0.4761895863039032, 1.0]",
  "1783609241.4621222": "[0.7957846640654794, -0.60273320807763, 0.05864680996133162, 0.0, -0.6026958419448938, -0.7977122938471273, -0.020317931673537574, 0.0, 0.05902957344016377, -0.01917749007569548, -0.9980720080905332, 0.0, 0.4565798808095466, 0.0774531698229418, 0.4761895863039032, 1.0]",
  "1783609241.49467": "[0.7927347409258596, -0.6068314415315555, 0.05768216447000444, 0.0, -0.6067616697438004, -0.7946135893021784, -0.0207248600966139, 0.0, 0.05841152847619684, -0.01857000982884251, -0.9981198565683538, 0.0, 0.4570369118593442, 0.07499947066488374, 0.4760184078844306, 1.0]",
  "1783609241.5311856": "[0.7927347409258596, -0.6068314415315555, 0.05768216447000444, 0.0, -0.6067616697438004, -0.7946135893021784, -0.0207248600966139, 0.0, 0.05841152847619684, -0.01857000982884251, -0.9981198565683538, 0.0, 0.4570369118593442, 0.07499947066488374, 0.4760184078844306, 1.0]",
  "1783609241.5613031": "[0.7974912466780135, -0.6005342558252369, 0.05801998838656186, 0.0, -0.6005407820877025, -0.7993618473999071, -0.019271895882308904, 0.0, 0.057952398754827064, -0.01947420092935387, -0.9981293878935362, 0.0, 0.4565216999280982, 0.07876494784006818, 0.4756385144366741, 1.0]",
  "1783609241.5947208": "[0.7974912466780135, -0.6005342558252369, 0.05801998838656186, 0.0, -0.6005407820877025, -0.7993618473999071, -0.019271895882308904, 0.0, 0.057952398754827064, -0.01947420092935387, -0.9981293878935362, 0.0, 0.4565216999280982, 0.07876494784006818, 0.4756385144366741, 1.0]",
  "1783609241.6280246": "[0.8019891584320034, -0.5944075248482037, 0.059102319424529676, 0.0, -0.5944701857071557, -0.8039063810498803, -0.018431733846397444, 0.0, 0.05846869301452566, -0.02035251608810884, -0.9980817536785533, 0.0, 0.45588005809558074, 0.08240474775949747, 0.4756987496066396, 1.0]",
  "1783609241.6617079": "[0.8019891584320034, -0.5944075248482037, 0.059102319424529676, 0.0, -0.5944701857071557, -0.8039063810498803, -0.018431733846397444, 0.0, 0.05846869301452566, -0.02035251608810884, -0.9980817536785533, 0.0, 0.45588005809558074, 0.08240474775949747, 0.4756987496066396, 1.0]",
  "1783609241.6947174": "[0.8019891584320034, -0.5944075248482037, 0.059102319424529676, 0.0, -0.5944701857071557, -0.8039063810498803, -0.018431733846397444, 0.0, 0.05846869301452566, -0.02035251608810884, -0.9980817536785533, 0.0, 0.45588005809558074, 0.08240474775949747, 0.4756987496066396, 1.0]",
  "1783609241.7284894": "[0.8028845975968144, -0.5931760350590405, 0.05931706646014649, 0.0, -0.5932527481757215, -0.804810113220418, -0.018216982189479106, 0.0, 0.05854485223958994, -0.020563878276575562, -0.9980729568455757, 0.0, 0.45574104232306295, 0.08313628201663115, 0.47569545907841165, 1.0]",
  "1783609241.76133": "[0.7992550745765441, -0.5981226029044447, 0.058657289900359885, 0.0, -0.5981450689719686, -0.8011598115740224, -0.019116296272985774, 0.0, 0.0584277522087059, -0.019806771909866957, -0.9980951305152979, 0.0, 0.4562238002201067, 0.0801947605242265, 0.4757880557313529, 1.0]",
  "1783609241.7953584": "[0.7992550745765441, -0.5981226029044447, 0.058657289900359885, 0.0, -0.5981450689719686, -0.8011598115740224, -0.019116296272985774, 0.0, 0.0584277522087059, -0.019806771909866957, -0.9980951305152979, 0.0, 0.4562238002201067, 0.0801947605242265, 0.4757880557313529, 1.0]",
  "1783609241.8280358": "[0.7933032948895776, -0.6060945611501253, 0.0576130650250176, 0.0, -0.6060343829457061, -0.7951740165261272, -0.020508781761076223, 0.0, 0.05824267340152737, -0.018645814166814347, -0.9981283106941208, 0.0, 0.45699436371742025, 0.0754354925306657, 0.47592290184889846, 1.0]",
  "1783609241.8614087": "[0.7933032948895776, -0.6060945611501253, 0.0576130650250176, 0.0, -0.6060343829457061, -0.7951740165261272, -0.020508781761076223, 0.0, 0.05824267340152737, -0.018645814166814347, -0.9981283106941208, 0.0, 0.45699436371742025, 0.0754354925306657, 0.47592290184889846, 1.0]",
  "1783609241.8946583": "[0.7952003825189403, -0.6036177110129232, 0.05746312376864084, 0.0, -0.6035943653159007, -0.7970475049767043, -0.019726047990050868, 0.0, 0.05770783136304831, -0.018998256812926387, -0.9981527300155244, 0.0, 0.45684258500069147, 0.0769196663144467, 0.47561467099892696, 1.0]",
  "1783609241.9283183": "[0.7952003825189403, -0.6036177110129232, 0.05746312376864084, 0.0, -0.6035943653159007, -0.7970475049767043, -0.019726047990050868, 0.0, 0.05770783136304831, -0.018998256812926387, -0.9981527300155244, 0.0, 0.45684258500069147, 0.0769196663144467, 0.47561467099892696, 1.0]",
  "1783609241.9613986": "[0.8004848151922568, -0.596482299279143, 0.05859118784668423, 0.0, -0.5965292077652571, -0.8023756200478112, -0.01860829481293699, 0.0, 0.05811165915350585, -0.020055697433831014, -0.9981086133637307, 0.0, 0.456119143576227, 0.08117316912295344, 0.47559648226653806, 1.0]",
  "1783609241.9947338": "[0.8004848151922568, -0.596482299279143, 0.05859118784668423, 0.0, -0.5965292077652571, -0.8023756200478112, -0.01860829481293699, 0.0, 0.05811165915350585, -0.020055697433831014, -0.9981086133637307, 0.0, 0.456119143576227, 0.08117316912295344, 0.47559648226653806, 1.0]",
  "1783609242.0279975": "[0.8028427367083694, -0.5932400509892654, 0.059243413278353474, 0.0, -0.5933161915618587, -0.8047636496548121, -0.018203434423183677, 0.0, 0.058475951853285316, -0.020535581231637807, -0.9980775786271985, 0.0, 0.4557584514413556, 0.08309593644474791, 0.4756661666326882, 1.0]",
  "1783609242.061418": "[0.8028427367083694, -0.5932400509892654, 0.059243413278353474, 0.0, -0.5933161915618587, -0.8047636496548121, -0.018203434423183677, 0.0, 0.058475951853285316, -0.020535581231637807, -0.9980775786271985, 0.0, 0.4557584514413556, 0.08309593644474791, 0.4756661666326882, 1.0]",
  "1783609242.0953076": "[0.8028427367083694, -0.5932400509892654, 0.059243413278353474, 0.0, -0.5933161915618587, -0.8047636496548121, -0.018203434423183677, 0.0, 0.058475951853285316, -0.020535581231637807, -0.9980775786271985, 0.0, 0.4557584514413556, 0.08309593644474791, 0.4756661666326882, 1.0]",
  "1783609242.1282663": "[0.8025902331614987, -0.5935845436704632, 0.0592140789787292, 0.0, -0.5936571849074015, -0.8045107001882674, -0.018266912448567235, 0.0, 0.058481317030231864, -0.020492017912160654, -0.9980781596449739, 0.0, 0.4557880552742891, 0.08289537805777161, 0.47567816060467427, 1.0]",
  "1783609242.1619005": "[0.8021705643433346, -0.5941596036232076, 0.059133333437316214, 0.0, -0.5942244576625871, -0.8040888741664463, -0.01839500903345286, 0.0, 0.05847802678528235, -0.020382538214104542, -0.998080594200313, 0.0, 0.4558445476732913, 0.08255175960063908, 0.47569628382206636, 1.0]",
  "1783609242.1956892": "[0.8021705643433346, -0.5941596036232076, 0.059133333437316214, 0.0, -0.5942244576625871, -0.8040888741664463, -0.01839500903345286, 0.0, 0.05847802678528235, -0.020382538214104542, -0.998080594200313, 0.0, 0.4558445476732913, 0.08255175960063908, 0.47569628382206636, 1.0]",
  "1783609242.2281723": "[0.8021463711641266, -0.5941921345101482, 0.059134647327072395, 0.0, -0.594256608583499, -0.8040649242540432, -0.018403280663474055, 0.0, 0.05848318034325098, -0.02037903016864666, -0.9980803638717302, 0.0, 0.455848161643289, 0.0825284254741604, 0.47569983044696124, 1.0]",
  "1783609242.2614255": "[0.8021463711641266, -0.5941921345101482, 0.059134647327072395, 0.0, -0.594256608583499, -0.8040649242540432, -0.018403280663474055, 0.0, 0.05848318034325098, -0.02037903016864666, -0.9980803638717302, 0.0, 0.455848161643289, 0.0825284254741604, 0.47569983044696124, 1.0]",
  "1783609242.294734": "[0.8021332268721671, -0.5942113255942558, 0.05912010557468401, 0.0, -0.594275826119544, -0.8040508295361131, -0.018398532882321766, 0.0, 0.05846818654258119, -0.02037557503005956, -0.9980813128721608, 0.0, 0.45584995772512615, 0.08252141090117629, 0.4756938007685444, 1.0]",
  "1783609242.3282754": "[0.8021332268721671, -0.5942113255942558, 0.05912010557468401, 0.0, -0.594275826119544, -0.8040508295361131, -0.018398532882321766, 0.0, 0.05846818654258119, -0.02037557503005956, -0.9980813128721608, 0.0, 0.45584995772512615, 0.08252141090117629, 0.4756938007685444, 1.0]",
  "1783609242.361294": "[0.8021406083790165, -0.5942001326938908, 0.05913245044731304, 0.0, -0.5942643884670085, -0.8040590991655923, -0.01840656537622377, 0.0, 0.05848316842711147, -0.020375655954575887, -0.9980804334597224, 0.0, 0.4558485607481633, 0.0825270396069388, 0.4757005943678363, 1.0]",
  "1783609242.3984604": "[0.8021406083790165, -0.5942001326938908, 0.05913245044731304, 0.0, -0.5942643884670085, -0.8040590991655923, -0.01840656537622377, 0.0, 0.05848316842711147, -0.020375655954575887, -0.9980804334597224, 0.0, 0.4558485607481633, 0.0825270396069388, 0.4757005943678363, 1.0]",
  "1783609242.4279745": "[0.802129547886981, -0.5942163215102215, 0.05911980765774408, 0.0, -0.5942806625212508, -0.8040471903211155, -0.018401355657207106, 0.0, 0.058469501108960806, -0.020373487369149988, -0.9980812784801087, 0.0, 0.45585110526012373, 0.08251832744793496, 0.4756925391581587, 1.0]",
  "1783609242.4636772": "[0.802129547886981, -0.5942163215102215, 0.05911980765774408, 0.0, -0.5942806625212508, -0.8040471903211155, -0.018401355657207106, 0.0, 0.058469501108960806, -0.020373487369149988, -0.9980812784801087, 0.0, 0.45585110526012373, 0.08251832744793496, 0.4756925391581587, 1.0]",
  "1783609242.4947": "[0.8021380105370193, -0.594203779595398, 0.059131044014596706, 0.0, -0.5942682467178044, -0.8040563379936587, -0.018402615987233504, 0.0, 0.058479594686175335, -0.02037826407647148, -0.9980805896111646, 0.0, 0.4558486220735615, 0.08252489380530892, 0.4756984580753941, 1.0]",
  "1783609242.5281787": "[0.8021380105370193, -0.594203779595398, 0.059131044014596706, 0.0, -0.5942682467178044, -0.8040563379936587, -0.018402615987233504, 0.0, 0.058479594686175335, -0.02037826407647148, -0.9980805896111646, 0.0, 0.4558486220735615, 0.08252489380530892, 0.4756984580753941, 1.0]",
  "1783609242.5627174": "[0.8021380105370193, -0.594203779595398, 0.059131044014596706, 0.0, -0.5942682467178044, -0.8040563379936587, -0.018402615987233504, 0.0, 0.058479594686175335, -0.02037826407647148, -0.9980805896111646, 0.0, 0.4558486220735615, 0.08252489380530892, 0.4756984580753941, 1.0]",
  "1783609242.5947328": "[0.8021352528435068, -0.5942079982248073, 0.05912606017105244, 0.0, -0.5942723866355385, -0.8040532833686735, -0.01840239078374444, 0.0, 0.05847535060334786, -0.02037577850596391, -0.9980808890175648, 0.0, 0.4558498586802786, 0.08252164792801424, 0.47569651583358785, 1.0]",
  "1783609242.6309683": "[0.8021352528435068, -0.5942079982248073, 0.05912606017105244, 0.0, -0.5942723866355385, -0.8040532833686735, -0.01840239078374444, 0.0, 0.05847535060334786, -0.02037577850596391, -0.9980808890175648, 0.0, 0.4558498586802786, 0.08252164792801424, 0.47569651583358785, 1.0]",
  "1783609242.6614404": "[0.8021347920682849, -0.594208549390825, 0.059126772146134335, 0.0, -0.5942730264029864, -0.8040528389230448, -0.0184011496822177, 0.0, 0.058475169460249346, -0.02037724345055997, -0.9980808697224646, 0.0, 0.4558496790519355, 0.08252176625594543, 0.4756967511321951, 1.0]",
  "1783609242.6987681": "[0.8021347920682849, -0.594208549390825, 0.059126772146134335, 0.0, -0.5942730264029864, -0.8040528389230448, -0.0184011496822177, 0.0, 0.058475169460249346, -0.02037724345055997, -0.9980808697224646, 0.0, 0.4558496790519355, 0.08252176625594543, 0.4756967511321951, 1.0]",
  "1783609242.7281456": "[0.8021383987570342, -0.5942035365103715, 0.059128220318801994, 0.0, -0.5942679911701394, -0.8040565447982568, -0.01840183245483618, 0.0, 0.05847686645254101, -0.020377192290802367, -0.9980807713427984, 0.0, 0.4558494059442511, 0.08252361136045216, 0.4756970423006926, 1.0]",
  "1783609242.7620633": "[0.8021313820558154, -0.5942127429053163, 0.05913088947553393, 0.0, -0.5942769932134186, -0.8040497816524876, -0.018406628203045356, 0.0, 0.05848163180389037, -0.02037559308405897, -0.9980805247814561, 0.0, 0.4558498291578777, 0.08252119837357665, 0.47569833525029614, 1.0]",
  "1783609242.7948616": "[0.8021313820558154, -0.5942127429053163, 0.05913088947553393, 0.0, -0.5942769932134186, -0.8040497816524876, -0.018406628203045356, 0.0, 0.05848163180389037, -0.02037559308405897, -0.9980805247814561, 0.0, 0.4558498291578777, 0.08252119837357665, 0.47569833525029614, 1.0]",
  "1783609242.8279548": "[0.802135914501172, -0.5942076574438123, 0.059120508307231256, 0.0, -0.5942719798743624, -0.8040536029268819, -0.018401563969011686, 0.0, 0.05847040793062684, -0.020373106180382003, -0.9980812331373579, 0.0, 0.4558502979291261, 0.08252168827176269, 0.475694837730416, 1.0]",
  "1783609242.8615248": "[0.802135914501172, -0.5942076574438123, 0.059120508307231256, 0.0, -0.5942719798743624, -0.8040536029268819, -0.018401563969011686, 0.0, 0.05847040793062684, -0.020373106180382003, -0.9980812331373579, 0.0, 0.4558502979291261, 0.08252168827176269, 0.475694837730416, 1.0]",
  "1783609242.8946822": "[0.8021341009266678, -0.5942095061005063, 0.05912653372521302, 0.0, -0.5942738738475098, -0.8040521709079953, -0.018402970423671127, 0.0, 0.058476037766254145, -0.020375704108886273, -0.9980808502767837, 0.0, 0.45584968063715525, 0.08252098173139491, 0.4756972434202933, 1.0]",
  "1783609242.9281101": "[0.8021341009266678, -0.5942095061005063, 0.05912653372521302, 0.0, -0.5942738738475098, -0.8040521709079953, -0.018402970423671127, 0.0, 0.058476037766254145, -0.020375704108886273, -0.9980808502767837, 0.0, 0.45584968063715525, 0.08252098173139491, 0.4756972434202933, 1.0]",
  "1783609242.9613497": "[0.8021327376229619, -0.594210935695921, 0.059130661529114115, 0.0, -0.5942752113029136, -0.8040511120629521, -0.018406043062214886, 0.0, 0.058481146229960326, -0.020375796664394787, -0.9980805490770381, 0.0, 0.45585065124655544, 0.08252009262465054, 0.4756990041992957, 1.0]",
  "1783609242.9949813": "[0.8021327376229619, -0.594210935695921, 0.059130661529114115, 0.0, -0.5942752113029136, -0.8040511120629521, -0.018406043062214886, 0.0, 0.058481146229960326, -0.020375796664394787, -0.9980805490770381, 0.0, 0.45585065124655544, 0.08252009262465054, 0.4756990041992957, 1.0]",
  "1783609243.0280523": "[0.8021350576569322, -0.5942077259403354, 0.059131444346685734, 0.0, -0.5942721617591652, -0.8040534253042702, -0.018403451158914515, 0.0, 0.05848031323273412, -0.020378117903404276, -0.9980805504942551, 0.0, 0.4558495930839439, 0.08252291506541229, 0.4756986259615512, 1.0]",
  "1783609243.0614352": "[0.8021350576569322, -0.5942077259403354, 0.059131444346685734, 0.0, -0.5942721617591652, -0.8040534253042702, -0.018403451158914515, 0.0, 0.05848031323273412, -0.020378117903404276, -0.9980805504942551, 0.0, 0.4558495930839439, 0.08252291506541229, 0.4756986259615512, 1.0]",
  "1783609243.097803": "[0.8021350721305097, -0.5942075596918781, 0.05913291860888417, 0.0, -0.5942717394294994, -0.8040536257708848, -0.018408329639862924, 0.0, 0.058484406243194606, -0.02037505557577098, -0.9980803731847772, 0.0, 0.4558506893849691, 0.08252196152242447, 0.4756992382736981, 1.0]",
  "1783609243.1288736": "[0.8021350721305097, -0.5942075596918781, 0.05913291860888417, 0.0, -0.5942717394294994, -0.8040536257708848, -0.018408329639862924, 0.0, 0.058484406243194606, -0.02037505557577098, -0.9980803731847772, 0.0, 0.4558506893849691, 0.08252196152242447, 0.4756992382736981, 1.0]",
  "1783609243.162029": "[0.8021350721305097, -0.5942075596918781, 0.05913291860888417, 0.0, -0.5942717394294994, -0.8040536257708848, -0.018408329639862924, 0.0, 0.058484406243194606, -0.02037505557577098, -0.9980803731847772, 0.0, 0.4558506893849691, 0.08252196152242447, 0.4756992382736981, 1.0]",
  "1783609243.1947558": "[0.8021354431482511, -0.5942075326690803, 0.05912815712232749, 0.0, -0.5942718686491135, -0.8040536293991891, -0.018403999083954205, 0.0, 0.058478004220813375, -0.02037570046195634, -0.9980807351377119, 0.0, 0.4558495714903222, 0.0825230914004152, 0.4756972808346852, 1.0]",
  "1783609243.2294524": "[0.8021347450015195, -0.5942086833308214, 0.05912606460435863, 0.0, -0.5942730203616667, -0.8040527942368574, -0.01840329726227639, 0.0, 0.05847587649252648, -0.020375100837868015, -0.9980808720410774, 0.0, 0.45584910209257573, 0.08252218549130613, 0.4756967437994948, 1.0]",
  "1783609243.2614503": "[0.8021347450015195, -0.5942086833308214, 0.05912606460435863, 0.0, -0.5942730203616667, -0.8040527942368574, -0.01840329726227639, 0.0, 0.05847587649252648, -0.020375100837868015, -0.9980808720410774, 0.0, 0.45584910209257573, 0.08252218549130613, 0.4756967437994948, 1.0]",
  "1783609243.2945578": "[0.8021346875671872, -0.5942084364884372, 0.05912932442923609, 0.0, -0.5942726934661438, -0.8040529787399524, -0.018405792020576676, 0.0, 0.05847998633708652, -0.02037501865954367, -0.9980806329213274, 0.0, 0.4558494555506575, 0.08252167006035496, 0.47569737681596824, 1.0]",
  "1783609243.3281147": "[0.8021346875671872, -0.5942084364884372, 0.05912932442923609, 0.0, -0.5942726934661438, -0.8040529787399524, -0.018405792020576676, 0.0, 0.05847998633708652, -0.02037501865954367, -0.9980806329213274, 0.0, 0.4558494555506575, 0.08252167006035496, 0.47569737681596824, 1.0]",
  "1783609243.36137": "[0.8021348134607345, -0.5942087498956516, 0.05912446686237248, 0.0, -0.5942732799862434, -0.8040526904745131, -0.018399446597357923, 0.0, 0.05847229881494963, -0.02037725418558761, -0.9980810376833893, 0.0, 0.4558494064562421, 0.08252193681157821, 0.4756954152489825, 1.0]",
  "1783609243.3972342": "[0.8021348134607345, -0.5942087498956516, 0.05912446686237248, 0.0, -0.5942732799862434, -0.8040526904745131, -0.018399446597357923, 0.0, 0.05847229881494963, -0.02037725418558761, -0.9980810376833893, 0.0, 0.4558494064562421, 0.08252193681157821, 0.4756954152489825, 1.0]",
  "1783609243.4279926": "[0.8021385008578716, -0.5942034691888137, 0.05912751174761843, 0.0, -0.5942679267657248, -0.8040565992655029, -0.018401532413402824, 0.0, 0.058476120417255514, -0.020377006197498777, -0.9980808188515464, 0.0, 0.45584864950069504, 0.08252314770953584, 0.4756962853741292, 1.0]",
  "1783609243.4623437": "[0.8021385008578716, -0.5942034691888137, 0.05912751174761843, 0.0, -0.5942679267657248, -0.8040565992655029, -0.018401532413402824, 0.0, 0.058476120417255514, -0.020377006197498777, -0.9980808188515464, 0.0, 0.45584864950069504, 0.08252314770953584, 0.4756962853741292, 1.0]",
  "1783609243.4946532": "[0.8021334097375928, -0.5942103756369945, 0.05912717199464982, 0.0, -0.5942747195714855, -0.8040515306165272, -0.01840363527817705, 0.0, 0.05847692417505667, -0.020375612838924303, -0.9980808002063075, 0.0, 0.45584986035498176, 0.0825207116504876, 0.47569723376294143, 1.0]",
  "1783609243.5283484": "[0.8021334097375928, -0.5942103756369945, 0.05912717199464982, 0.0, -0.5942747195714855, -0.8040515306165272, -0.01840363527817705, 0.0, 0.05847692417505667, -0.020375612838924303, -0.9980808002063075, 0.0, 0.45584986035498176, 0.0825207116504876, 0.47569723376294143, 1.0]",
  "1783609243.5631917": "[0.8021360394324653, -0.5942071108643565, 0.05912430669219744, 0.0, -0.594271541492067, -0.8040539393474917, -0.018401021504889495, 0.0, 0.05847314953242387, -0.020375770366178214, -0.9980810181371773, 0.0, 0.4558488465237791, 0.08252319413394614, 0.4756961470628469, 1.0]",
  "1783609243.5947857": "[0.8021360394324653, -0.5942071108643565, 0.05912430669219744, 0.0, -0.594271541492067, -0.8040539393474917, -0.018401021504889495, 0.0, 0.05847314953242387, -0.020375770366178214, -0.9980810181371773, 0.0, 0.4558488465237791, 0.08252319413394614, 0.4756961470628469, 1.0]",
  "1783609243.628018": "[0.802134415619998, -0.5942091370114071, 0.05912597373509447, 0.0, -0.5942735141762223, -0.8040524452409392, -0.018402599020502185, 0.0, 0.05847537624169384, -0.020375642179445947, -0.9980808902985605, 0.0, 0.4558491320608937, 0.08252093739216054, 0.47569690644972135, 1.0]",
  "1783609243.661455": "[0.802134415619998, -0.5942091370114071, 0.05912597373509447, 0.0, -0.5942735141762223, -0.8040524452409392, -0.018402599020502185, 0.0, 0.05847537624169384, -0.020375642179445947, -0.9980808902985605, 0.0, 0.4558491320608937, 0.08252093739216054, 0.47569690644972135, 1.0]",
  "1783609243.6946535": "[0.8021351038799975, -0.5942076842662921, 0.05913123609663643, 0.0, -0.5942720672792606, -0.8040534762095879, -0.018404277951373584, 0.0, 0.058480639318149265, -0.020377324509564778, -0.9980805475866026, 0.0, 0.45584975466620786, 0.08252110960008391, 0.4756981662954044, 1.0]",
  "1783609243.7282271": "[0.8021351038799975, -0.5942076842662921, 0.05913123609663643, 0.0, -0.5942720672792606, -0.8040534762095879, -0.018404277951373584, 0.0, 0.058480639318149265, -0.020377324509564778, -0.9980805475866026, 0.0, 0.45584975466620786, 0.08252110960008391, 0.4756981662954044, 1.0]",
  "1783609243.7613058": "[0.8021351596119793, -0.594208671472469, 0.059120558701587805, 0.0, -0.5942730153191937, -0.8040528446503012, -0.018401257380740305, 0.0, 0.05847024010295944, -0.020373457160786743, -0.9980812358047917, 0.0, 0.45585039065066535, 0.08252084085092158, 0.47569489234074414, 1.0]",
  "1783609243.7947273": "[0.8021351596119793, -0.594208671472469, 0.059120558701587805, 0.0, -0.5942730153191937, -0.8040528446503012, -0.018401257380740305, 0.0, 0.05847024010295944, -0.020373457160786743, -0.9980812358047917, 0.0, 0.45585039065066535, 0.08252084085092158, 0.47569489234074414, 1.0]",
  "1783609243.8294692": "[0.80213782597403, -0.5942043882624214, 0.059127431124126016, 0.0, -0.5942687416101403, -0.8040559560941167, -0.018403320751343582, 0.0, 0.0584770971129474, -0.020375584390589115, -0.9980807906547373, 0.0, 0.4558501663235131, 0.08252232758310213, 0.47569640434330274, 1.0]",
  "1783609243.8613982": "[0.80213782597403, -0.5942043882624214, 0.059127431124126016, 0.0, -0.5942687416101403, -0.8040559560941167, -0.018403320751343582, 0.0, 0.0584770971129474, -0.020375584390589115, -0.9980807906547373, 0.0, 0.4558501663235131, 0.08252232758310213, 0.47569640434330274, 1.0]",
  "1783609243.8980055": "[0.80213782597403, -0.5942043882624214, 0.059127431124126016, 0.0, -0.5942687416101403, -0.8040559560941167, -0.018403320751343582, 0.0, 0.0584770971129474, -0.020375584390589115, -0.9980807906547373, 0.0, 0.4558501663235131, 0.08252232758310213, 0.47569640434330274, 1.0]",
  "1783609243.9285514": "[0.8021353898275438, -0.594207917763292, 0.059125010390080945, 0.0, -0.5942724005768556, -0.8040533184084251, -0.018400409479703412, 0.0, 0.05847332980800371, -0.02037674222765661, -0.9980809877346386, 0.0, 0.45584955809826133, 0.08252184713219639, 0.4756956114221138, 1.0]",
  "1783609243.962265": "[0.8021365645878455, -0.5942057075382452, 0.05913128512202764, 0.0, -0.5942700403663639, -0.8040549561371448, -0.01840507088427576, 0.0, 0.058481201032207546, -0.020376570866273584, -0.998080530060357, 0.0, 0.4558495919023045, 0.08252378435411956, 0.47569893158600723, 1.0]",
  "1783609243.9947708": "[0.8021365645878455, -0.5942057075382452, 0.05913128512202764, 0.0, -0.5942700403663639, -0.8040549561371448, -0.01840507088427576, 0.0, 0.058481201032207546, -0.020376570866273584, -0.998080530060357, 0.0, 0.4558495919023045, 0.08252378435411956, 0.47569893158600723, 1.0]",
  "1783609244.0286906": "[0.8021355862244641, -0.5942075542472938, 0.05912599925400719, 0.0, -0.5942720519424083, -0.8040535743301194, -0.018400486056599157, 0.0, 0.05847417885267765, -0.020377244229998905, -0.9980809277433851, 0.0, 0.45584976710945674, 0.0825227392282373, 0.4756961007184315, 1.0]",
  "1783609244.0614307": "[0.8021355862244641, -0.5942075542472938, 0.05912599925400719, 0.0, -0.5942720519424083, -0.8040535743301194, -0.018400486056599157, 0.0, 0.05847417885267765, -0.020377244229998905, -0.9980809277433851, 0.0, 0.45584976710945674, 0.0825227392282373, 0.4756961007184315, 1.0]",
  "1783609244.0956225": "[0.8021355862244641, -0.5942075542472938, 0.05912599925400719, 0.0, -0.5942720519424083, -0.8040535743301194, -0.018400486056599157, 0.0, 0.05847417885267765, -0.020377244229998905, -0.9980809277433851, 0.0, 0.45584976710945674, 0.0825227392282373, 0.4756961007184315, 1.0]",
  "1783609244.128137": "[0.8021365157840136, -0.5942058447715648, 0.059130568111544386, 0.0, -0.594270149706678, -0.8040548700318728, -0.018405302106479244, 0.0, 0.05848075934429498, -0.020375966660244983, -0.9980805682755154, 0.0, 0.45585008606133476, 0.08252259298974271, 0.47569817530571035, 1.0]",
  "1783609244.1613286": "[0.8021339254515369, -0.5942097461777054, 0.05912650156347134, 0.0, -0.5942741292613194, -0.8040519881560413, -0.018402707219812194, 0.0, 0.05847584912088763, -0.02037591445173667, -0.9980808570350634, 0.0, 0.45585007845733866, 0.08252017427492939, 0.4756958399775044, 1.0]",
  "1783609244.1948268": "[0.8021339254515369, -0.5942097461777054, 0.05912650156347134, 0.0, -0.5942741292613194, -0.8040519881560413, -0.018402707219812194, 0.0, 0.05847584912088763, -0.02037591445173667, -0.9980808570350634, 0.0, 0.45585007845733866, 0.08252017427492939, 0.4756958399775044, 1.0]",
  "1783609244.2280579": "[0.8021378687003495, -0.5942038471616643, 0.0591322891078833, 0.0, -0.5942681284755186, -0.8040563427821603, -0.01840622476179906, 0.0, 0.05848274168560529, -0.020376104879366003, -0.9980804492999951, 0.0, 0.45585029531449045, 0.0825235141763292, 0.4756989293669005, 1.0]",
  "1783609244.2615902": "[0.8021378687003495, -0.5942038471616643, 0.0591322891078833, 0.0, -0.5942681284755186, -0.8040563427821603, -0.01840622476179906, 0.0, 0.05848274168560529, -0.020376104879366003, -0.9980804492999951, 0.0, 0.45585029531449045, 0.0825235141763292, 0.4756989293669005, 1.0]",
  "1783609244.2946737": "[0.8021335571955572, -0.594210524808132, 0.059123672315292586, 0.0, -0.5942750487366459, -0.8040513854795044, -0.018399346660872017, 0.0, 0.05847155607523072, -0.020376989859500507, -0.9980810865928718, 0.0, 0.4558493475212611, 0.08252007873383953, 0.47569585514468127, 1.0]",
  "1783609244.3299968": "[0.8021335571955572, -0.594210524808132, 0.059123672315292586, 0.0, -0.5942750487366459, -0.8040513854795044, -0.018399346660872017, 0.0, 0.05847155607523072, -0.020376989859500507, -0.9980810865928718, 0.0, 0.4558493475212611, 0.08252007873383953, 0.47569585514468127, 1.0]",
  "1783609244.3613172": "[0.8021362091898028, -0.5942067055002764, 0.05912607753877051, 0.0, -0.5942711699611698, -0.8040542133824706, -0.01840104602675619, 0.0, 0.05847459670314484, -0.020376777969150706, -0.9980809127821253, 0.0, 0.45584918892189985, 0.08252230097483344, 0.47569621061105616, 1.0]",
  "1783609244.396724": "[0.8021362091898028, -0.5942067055002764, 0.05912607753877051, 0.0, -0.5942711699611698, -0.8040542133824706, -0.01840104602675619, 0.0, 0.05847459670314484, -0.020376777969150706, -0.9980809127821253, 0.0, 0.45584918892189985, 0.08252230097483344, 0.47569621061105616, 1.0]",
  "1783609244.4281929": "[0.8021326229585817, -0.5942116749338104, 0.05912478801603978, 0.0, -0.5942759805480335, -0.804050601500697, -0.018403509720733343, 0.0, 0.05847490170371558, -0.02037438584899107, -0.9980809437475588, 0.0, 0.4558503015419945, 0.08252040629901333, 0.4756962462397832, 1.0]",
  "1783609244.461416": "[0.8021326229585817, -0.5942116749338104, 0.05912478801603978, 0.0, -0.5942759805480335, -0.804050601500697, -0.018403509720733343, 0.0, 0.05847490170371558, -0.02037438584899107, -0.9980809437475588, 0.0, 0.4558503015419945, 0.08252040629901333, 0.4756962462397832, 1.0]",
  "1783609244.4951608": "[0.8021326229585817, -0.5942116749338104, 0.05912478801603978, 0.0, -0.5942759805480335, -0.804050601500697, -0.018403509720733343, 0.0, 0.05847490170371558, -0.02037438584899107, -0.9980809437475588, 0.0, 0.4558503015419945, 0.08252040629901333, 0.4756962462397832, 1.0]",
  "1783609244.5281193": "[0.8021353599963056, -0.5942075809125031, 0.05912880034051242, 0.0, -0.5942718715314765, -0.804053604360492, -0.018404999901581436, 0.0, 0.05847911550351448, -0.020375281617980332, -0.9980806785770948, 0.0, 0.4558494116351601, 0.08252274215923072, 0.4756969075820097, 1.0]",
  "1783609244.5632315": "[0.8021353599963056, -0.5942075809125031, 0.05912880034051242, 0.0, -0.5942718715314765, -0.804053604360492, -0.018404999901581436, 0.0, 0.05847911550351448, -0.020375281617980332, -0.9980806785770948, 0.0, 0.4558494116351601, 0.08252274215923072, 0.4756969075820097, 1.0]",
  "1783609244.5947266": "[0.8021340002114548, -0.5942097010559324, 0.05912594080257247, 0.0, -0.5942741542945316, -0.8040520015842068, -0.01840131207140983, 0.0, 0.05847456919284709, -0.020376700406338, -0.9980809159773876, 0.0, 0.45584997188614984, 0.08252118239997805, 0.4756963561658818, 1.0]",
  "1783609244.6280391": "[0.8021336050955902, -0.5942103815759381, 0.05912446197412614, 0.0, -0.5942747294677098, -0.8040515465069731, -0.018402621438944576, 0.0, 0.05847414379392165, -0.020374812566567695, -0.9980809794402681, 0.0, 0.4558500790986817, 0.08252111468054299, 0.47569617986456425, 1.0]",
  "1783609244.6615531": "[0.8021336050955902, -0.5942103815759381, 0.05912446197412614, 0.0, -0.5942747294677098, -0.8040515465069731, -0.018402621438944576, 0.0, 0.05847414379392165, -0.020374812566567695, -0.9980809794402681, 0.0, 0.4558500790986817, 0.08252111468054299, 0.47569617986456425, 1.0]",
  "1783609244.697056": "[0.8021386798632651, -0.5942035416143208, 0.059124355389437194, 0.0, -0.5942679943447062, -0.8040565725893289, -0.018400515574887515, 0.0, 0.058472978073111914, -0.020375946822160738, -0.9980810245798495, 0.0, 0.4558499834142389, 0.08252204531786919, 0.4756947440888695, 1.0]",
  "1783609244.728154": "[0.8021386798632651, -0.5942035416143208, 0.059124355389437194, 0.0, -0.5942679943447062, -0.8040565725893289, -0.018400515574887515, 0.0, 0.058472978073111914, -0.020375946822160738, -0.9980810245798495, 0.0, 0.4558499834142389, 0.08252204531786919, 0.4756947440888695, 1.0]",
  "1783609244.7620437": "[0.8021386798632651, -0.5942035416143208, 0.059124355389437194, 0.0, -0.5942679943447062, -0.8040565725893289, -0.018400515574887515, 0.0, 0.058472978073111914, -0.020375946822160738, -0.9980810245798495, 0.0, 0.4558499834142389, 0.08252204531786919, 0.4756947440888695, 1.0]",
  "1783609244.7947328": "[0.8021399966664413, -0.594201504792979, 0.05912696043025427, 0.0, -0.5942660373935669, -0.8040580312195824, -0.01839997912600413, 0.0, 0.05847480268037944, -0.02037778528321788, -0.9980808801487195, 0.0, 0.45584907668461383, 0.08252289332146097, 0.47569622737825146, 1.0]",
  "1783609244.8280044": "[0.8021339157526787, -0.5942096052550139, 0.05912804936707485, 0.0, -0.5942739199486358, -0.8040521038996145, -0.018404409349012395, 0.0, 0.05847810930730515, -0.0203754567380495, -0.9980807339562059, 0.0, 0.4558508671588486, 0.08251940059941099, 0.47569649935990777, 1.0]",
  "1783609244.8621778": "[0.8021339157526787, -0.5942096052550139, 0.05912804936707485, 0.0, -0.5942739199486358, -0.8040521038996145, -0.018404409349012395, 0.0, 0.05847810930730515, -0.0203754567380495, -0.9980807339562059, 0.0, 0.4558508671588486, 0.08251940059941099, 0.47569649935990777, 1.0]",
  "1783609244.8947206": "[0.8021377708696852, -0.5942047178378443, 0.05912486654073932, 0.0, -0.5942692825008972, -0.8040556590647701, -0.018398831533211875, 0.0, 0.05847235603326891, -0.020377694304469, -0.9980810253455141, 0.0, 0.4558486849253843, 0.08252215305986946, 0.4756947244748432, 1.0]",
  "1783609244.9282732": "[0.8021377708696852, -0.5942047178378443, 0.05912486654073932, 0.0, -0.5942692825008972, -0.8040556590647701, -0.018398831533211875, 0.0, 0.05847235603326891, -0.020377694304469, -0.9980810253455141, 0.0, 0.4558486849253843, 0.08252215305986946, 0.4756947244748432, 1.0]",
  "1783609244.9620965": "[0.8021339042868166, -0.5942099247254665, 0.05912499430311602, 0.0, -0.5942743571933938, -0.8040518508655539, -0.018401345115396487, 0.0, 0.05847382299770283, -0.020376125182005222, -0.9980809714379895, 0.0, 0.45585030743873406, 0.08252117978774358, 0.475696545217421, 1.0]",
  "1783609244.9948769": "[0.8021339042868166, -0.5942099247254665, 0.05912499430311602, 0.0, -0.5942743571933938, -0.8040518508655539, -0.018401345115396487, 0.0, 0.05847382299770283, -0.020376125182005222, -0.9980809714379895, 0.0, 0.45585030743873406, 0.08252117978774358, 0.475696545217421, 1.0]",
  "1783609245.0281062": "[0.8021352961782604, -0.5942079089770602, 0.05912636919449857, 0.0, -0.5942722428138147, -0.8040533659601903, -0.018403426559373114, 0.0, 0.05847621778169948, -0.0203751220167547, -0.9980808516131092, 0.0, 0.45585036388296746, 0.08252212602856115, 0.4756959679857604, 1.0]",
  "1783609245.0617557": "[0.8021352961782604, -0.5942079089770602, 0.05912636919449857, 0.0, -0.5942722428138147, -0.8040533659601903, -0.018403426559373114, 0.0, 0.05847621778169948, -0.0203751220167547, -0.9980808516131092, 0.0, 0.45585036388296746, 0.08252212602856115, 0.4756959679857604, 1.0]",
  "1783609245.09468": "[0.8021320115999327, -0.5942119635195028, 0.0591301816075548, 0.0, -0.5942762025814793, -0.8040503680055, -0.0184065411078822, 0.0, 0.05848103121510363, -0.0203751839382285, -0.9980805683247724, 0.0, 0.4558503239319866, 0.08252029640326213, 0.4756977287522606, 1.0]",
