{
  "1783609707.0579724": "[0.8267542129202066, -0.5582492114057697, 0.06953624510660632, 0.0, -0.5585070669939322, -0.8293152544954394, -0.01749470717102553, 0.0, 0.06743387528924234, -0.024372661446811165, -0.9974260102070098, 0.0, 0.45573069825244744, 0.08240099842773584, 0.4805016058830257, 1.0]",
  "1783609707.0912926": "[0.8267535855047256, -0.5582495610349557, 0.0695408977462884, 0.0, -0.5585074388300978, -0.8293149750860767, -0.017496081544875832, 0.0, 0.06743848772418527, -0.024374160544716094, -0.9974256617268356, 0.0, 0.455730309446883, 0.08240051897486317, 0.4805033618437245, 1.0]",
  "1783609707.1246054": "[0.8267535855047256, -0.5582495610349557, 0.0695408977462884, 0.0, -0.5585074388300978, -0.8293149750860767, -0.017496081544875832, 0.0, 0.06743848772418527, -0.024374160544716094, -0.9974256617268356, 0.0, 0.455730309446883, 0.08240051897486317, 0.4805033618437245, 1.0]",
  "1783609707.1579385": "[0.8267496452606189, -0.5582559933214093, 0.06953610560110153, 0.0, -0.558514102960574, -0.8293105898169535, -0.01749120955229865, 0.0, 0.06743160131263486, -0.02437604435062891, -0.9974260812743121, 0.0, 0.4557300715097513, 0.0823977824361041, 0.48050013100388156, 1.0]",
  "1783609707.1934252": "[0.8267496452606189, -0.5582559933214093, 0.06953610560110153, 0.0, -0.558514102960574, -0.8293105898169535, -0.01749120955229865, 0.0, 0.06743160131263486, -0.02437604435062891, -0.9974260812743121, 0.0, 0.4557300715097513, 0.0823977824361041, 0.48050013100388156, 1.0]",
  "1783609707.2265775": "[0.826752469656704, -0.5582520089126014, 0.06953451273709704, 0.0, -0.5585100274312772, -0.8293133221452815, -0.017491797251007267, 0.0, 0.06743072871662206, -0.024374336040211955, -0.9974261820141599, 0.0, 0.455730743924477, 0.08239984462242231, 0.48050006815371493, 1.0]",
  "1783609707.2580073": "[0.826752469656704, -0.5582520089126014, 0.06953451273709704, 0.0, -0.5585100274312772, -0.8293133221452815, -0.017491797251007267, 0.0, 0.06743072871662206, -0.024374336040211955, -0.9974261820141599, 0.0, 0.455730743924477, 0.08239984462242231, 0.48050006815371493, 1.0]",
  "1783609707.291272": "[0.826755334223, -0.5582480980601565, 0.06953185130595507, 0.0, -0.5585063145769886, -0.8293159084945521, -0.01748772413681166, 0.0, 0.06742635917388204, -0.024375908805074804, -0.9974264389710557, 0.0, 0.4557310183164486, 0.08240103363671754, 0.48049827216726493, 1.0]",
  "1783609707.325105": "[0.826755334223, -0.5582480980601565, 0.06953185130595507, 0.0, -0.5585063145769886, -0.8293159084945521, -0.01748772413681166, 0.0, 0.06742635917388204, -0.024375908805074804, -0.9974264389710557, 0.0, 0.4557310183164486, 0.08240103363671754, 0.48049827216726493, 1.0]",
  "1783609707.3585951": "[0.8268380698017944, -0.5580689920088433, 0.06998433027954534, 0.0, -0.5583195789810147, -0.8294359486886003, -0.017755414653106948, 0.0, 0.0679562657369095, -0.02439276903663859, -0.997390063498639, 0.0, 0.45563955250754884, 0.08230934679658192, 0.4805338637593881, 1.0]",
  "1783609707.3919463": "[0.8268380698017944, -0.5580689920088433, 0.06998433027954534, 0.0, -0.5583195789810147, -0.8294359486886003, -0.017755414653106948, 0.0, 0.0679562657369095, -0.02439276903663859, -0.997390063498639, 0.0, 0.45563955250754884, 0.08230934679658192, 0.4805338637593881, 1.0]",
  "1783609707.424597": "[0.8272745323613312, -0.5571526166786616, 0.07209583784422804, 0.0, -0.5574480763226959, -0.8300203393383276, -0.017829147170119887, 0.0, 0.06977456779132843, -0.02544008672957565, -0.9972383424621847, 0.0, 0.454051301974796, 0.08070470039020403, 0.4794691941975596, 1.0]",
  "1783609707.4587007": "[0.8272745323613312, -0.5571526166786616, 0.07209583784422804, 0.0, -0.5574480763226959, -0.8300203393383276, -0.017829147170119887, 0.0, 0.06977456779132843, -0.02544008672957565, -0.9972383424621847, 0.0, 0.454051301974796, 0.08070470039020403, 0.4794691941975596, 1.0]",
  "1783609707.491539": "[0.8265657822674308, -0.5580058229184375, 0.07361052352583544, 0.0, -0.5583683899641554, -0.8294089155266535, -0.017481187995618395, 0.0, 0.07080782918199932, -0.026652437674976964, -0.9971338420154612, 0.0, 0.45208971036583634, 0.07806543386109813, 0.4778363955362393, 1.0]",
  "1783609707.5246296": "[0.8265657822674308, -0.5580058229184375, 0.07361052352583544, 0.0, -0.5583683899641554, -0.8294089155266535, -0.017481187995618395, 0.0, 0.07080782918199932, -0.026652437674976964, -0.9971338420154612, 0.0, 0.45208971036583634, 0.07806543386109813, 0.4778363955362393, 1.0]",
  "1783609707.558793": "[0.8256278760311182, -0.5592841419370518, 0.07443022838927908, 0.0, -0.5597083923939328, -0.8285154208979304, -0.01699155137486998, 0.0, 0.07116969723234613, -0.027630525005169135, -0.9970814551899936, 0.0, 0.4503538699329823, 0.075254937346525, 0.4758711565652218, 1.0]",
  "1783609707.5913851": "[0.8256278760311182, -0.5592841419370518, 0.07443022838927908, 0.0, -0.5597083923939328, -0.8285154208979304, -0.01699155137486998, 0.0, 0.07116969723234613, -0.027630525005169135, -0.9970814551899936, 0.0, 0.4503538699329823, 0.075254937346525, 0.4758711565652218, 1.0]",
  "1783609707.6266184": "[0.8253501109734915, -0.5596988195973996, 0.07439372055034496, 0.0, -0.5601906359036867, -0.8282082754708147, -0.016046927664902216, 0.0, 0.07059494147506953, -0.028430332093328275, -0.997099829733811, 0.0, 0.44858383204729385, 0.072480411351146, 0.4735307857150544, 1.0]",
  "1783609707.6579447": "[0.8253501109734915, -0.5596988195973996, 0.07439372055034496, 0.0, -0.5601906359036867, -0.8282082754708147, -0.016046927664902216, 0.0, 0.07059494147506953, -0.028430332093328275, -0.997099829733811, 0.0, 0.44858383204729385, 0.072480411351146, 0.4735307857150544, 1.0]",
  "1783609707.6912997": "[0.8254278526987051, -0.5595793820044719, 0.0744296662944156, 0.0, -0.5601324557677592, -0.8282638230747554, -0.015187869540182246, 0.0, 0.07014621860645064, -0.02915398122184512, -0.9971106023877856, 0.0, 0.44676348649626846, 0.06988174642002103, 0.47116918644603434, 1.0]",
  "1783609707.7246594": "[0.8254278526987051, -0.5595793820044719, 0.0744296662944156, 0.0, -0.5601324557677592, -0.8282638230747554, -0.015187869540182246, 0.0, 0.07014621860645064, -0.02915398122184512, -0.9971106023877856, 0.0, 0.44676348649626846, 0.06988174642002103, 0.47116918644603434, 1.0]",
  "1783609707.7606485": "[0.8254880338491356, -0.559466075020145, 0.07461378474143913, 0.0, -0.5600705656306462, -0.8283175092520965, -0.014528089364102714, 0.0, 0.06993187746697739, -0.0297962206992234, -0.9971066732030165, 0.0, 0.44488898530013193, 0.06737644463142568, 0.46889896101239026, 1.0]",
  "1783609707.7913508": "[0.8254880338491356, -0.559466075020145, 0.07461378474143913, 0.0, -0.5600705656306462, -0.8283175092520965, -0.014528089364102714, 0.0, 0.06993187746697739, -0.0297962206992234, -0.9971066732030165, 0.0, 0.44488898530013193, 0.06737644463142568, 0.46889896101239026, 1.0]",
  "1783609707.8246205": "[0.8252654276231763, -0.5597817326253631, 0.07470867278223065, 0.0, -0.5604288173470426, -0.8280846623291969, -0.01397614761424064, 0.0, 0.06968869820086337, -0.030334861695521784, -0.997107457353009, 0.0, 0.44303152725767636, 0.06498291795407127, 0.4667574851286645, 1.0]",
  "1783609707.8580618": "[0.8252654276231763, -0.5597817326253631, 0.07470867278223065, 0.0, -0.5604288173470426, -0.8280846623291969, -0.01397614761424064, 0.0, 0.06968869820086337, -0.030334861695521784, -0.997107457353009, 0.0, 0.44303152725767636, 0.06498291795407127, 0.4667574851286645, 1.0]",
  "1783609707.894123": "[0.8252475202303788, -0.5597437832027059, 0.07518927795592004, 0.0, -0.560419002034628, -0.8280945332013911, -0.013783549632868364, 0.0, 0.06997908624812127, -0.030762659961263993, -0.9970740124183288, 0.0, 0.4410852401468763, 0.0625717834048482, 0.4647896632204412, 1.0]",
  "1783609707.9246511": "[0.8252475202303788, -0.5597437832027059, 0.07518927795592004, 0.0, -0.560419002034628, -0.8280945332013911, -0.013783549632868364, 0.0, 0.06997908624812127, -0.030762659961263993, -0.9970740124183288, 0.0, 0.4410852401468763, 0.0625717834048482, 0.4647896632204412, 1.0]",
  "1783609707.9610732": "[0.8255075345679743, -0.5593113960586288, 0.07555178760593613, 0.0, -0.5600210108162745, -0.8283694868004094, -0.013433569233238924, 0.0, 0.07009834388787596, -0.031221075845873577, -0.9970513861417591, 0.0, 0.43913637634345715, 0.06015929508569984, 0.46268575474802603, 1.0]",
  "1783609707.991273": "[0.8255075345679743, -0.5593113960586288, 0.07555178760593613, 0.0, -0.5600210108162745, -0.8283694868004094, -0.013433569233238924, 0.0, 0.07009834388787596, -0.031221075845873577, -0.9970513861417591, 0.0, 0.43913637634345715, 0.06015929508569984, 0.46268575474802603, 1.0]",
  "1783609708.0246158": "[0.8250380287418708, -0.5599938024748639, 0.07562534178085496, 0.0, -0.5607352672508323, -0.8278923494390755, -0.013046754438779465, 0.0, 0.06991574351221298, -0.031641727670773376, -0.9970509464812436, 0.0, 0.43723203903510305, 0.05759460584039824, 0.4604354547371463, 1.0]",
  "1783609708.057927": "[0.8250380287418708, -0.5599938024748639, 0.07562534178085496, 0.0, -0.5607352672508323, -0.8278923494390755, -0.013046754438779465, 0.0, 0.06991574351221298, -0.031641727670773376, -0.9970509464812436, 0.0, 0.43723203903510305, 0.05759460584039824, 0.4604354547371463, 1.0]",
  "1783609708.0912638": "[0.8245024237504519, -0.5607964992555171, 0.07551847225935472, 0.0, -0.5615582486235141, -0.8273390063256323, -0.012747627818798936, 0.0, 0.06962820285287906, -0.031897570987018266, -0.9970629159349005, 0.0, 0.4353077058886308, 0.05492708719152934, 0.45812058840331715, 1.0]",
  "1783609708.1246035": "[0.8245024237504519, -0.5607964992555171, 0.07551847225935472, 0.0, -0.5615582486235141, -0.8273390063256323, -0.012747627818798936, 0.0, 0.06962820285287906, -0.031897570987018266, -0.9970629159349005, 0.0, 0.4353077058886308, 0.05492708719152934, 0.45812058840331715, 1.0]",
  "1783609708.1579695": "[0.8246442951006157, -0.5606188624439155, 0.07528796470950125, 0.0, -0.5613983817923465, -0.8274531178774527, -0.012377182062872926, 0.0, 0.06923614286587348, -0.03205976897878346, -0.9970850152991388, 0.0, 0.43330648099821695, 0.05250452150399766, 0.4558102109554676, 1.0]",
  "1783609708.1912704": "[0.8246442951006157, -0.5606188624439155, 0.07528796470950125, 0.0, -0.5613983817923465, -0.8274531178774527, -0.012377182062872926, 0.0, 0.06923614286587348, -0.03205976897878346, -0.9970850152991388, 0.0, 0.43330648099821695, 0.05250452150399766, 0.4558102109554676, 1.0]",
  "1783609708.2246108": "[0.8250292312987163, -0.5599563570836722, 0.07599766880787971, 0.0, -0.560755764810475, -0.827888564101033, -0.012389417361169962, 0.0, 0.06985513391633132, -0.03239449941445074, -0.9970310209182154, 0.0, 0.4313478309673851, 0.050182907166618995, 0.4538511852689747, 1.0]",
  "1783609708.2604234": "[0.8250292312987163, -0.5599563570836722, 0.07599766880787971, 0.0, -0.560755764810475, -0.827888564101033, -0.012389417361169962, 0.0, 0.06985513391633132, -0.03239449941445074, -0.9970310209182154, 0.0, 0.4313478309673851, 0.050182907166618995, 0.4538511852689747, 1.0]",
  "1783609708.291318": "[0.824884305634914, -0.5601368372306175, 0.07624044789012364, 0.0, -0.5609694638824905, -0.8277489642900904, -0.012037969433167981, 0.0, 0.06985086190303601, -0.03283863112195053, -0.9970167909305436, 0.0, 0.4292280463959165, 0.04771401266721415, 0.45176576679666025, 1.0]",
  "1783609708.3245962": "[0.824884305634914, -0.5601368372306175, 0.07624044789012364, 0.0, -0.5609694638824905, -0.8277489642900904, -0.012037969433167981, 0.0, 0.06985086190303601, -0.03283863112195053, -0.9970167909305436, 0.0, 0.4292280463959165, 0.04771401266721415, 0.45176576679666025, 1.0]",
  "1783609708.3579385": "[0.8248052677491837, -0.5602885883313999, 0.07598005053173122, 0.0, -0.5611374684557526, -0.8276400801006423, -0.011689281674776317, 0.0, 0.06943350623630139, -0.03299387210695631, -0.9970408179282952, 0.0, 0.4271458292213387, 0.045323013810016015, 0.4495094103263509, 1.0]",
  "1783609708.391377": "[0.8248052677491837, -0.5602885883313999, 0.07598005053173122, 0.0, -0.5611374684557526, -0.8276400801006423, -0.011689281674776317, 0.0, 0.06943350623630139, -0.03299387210695631, -0.9970408179282952, 0.0, 0.4271458292213387, 0.045323013810016015, 0.4495094103263509, 1.0]",
  "1783609708.4246345": "[0.8247321861598977, -0.5604312757311175, 0.07572058038808312, 0.0, -0.5612979979017813, -0.827536422959285, -0.01131486752923165, 0.0, 0.06900274388289114, -0.03317007473829906, -0.9970648762635703, 0.0, 0.4251561510039565, 0.04308926283577228, 0.4472866045985135, 1.0]",
  "1783609708.4589393": "[0.8247321861598977, -0.5604312757311175, 0.07572058038808312, 0.0, -0.5612979979017813, -0.827536422959285, -0.01131486752923165, 0.0, 0.06900274388289114, -0.03317007473829906, -0.9970648762635703, 0.0, 0.4251561510039565, 0.04308926283577228, 0.4472866045985135, 1.0]",
  "1783609708.491266": "[0.8245218166513415, -0.5607482313147055, 0.0756650179633971, 0.0, -0.5616293416252495, -0.8273145568371121, -0.01109534456435923, 0.0, 0.06882046564475165, -0.033347340566267314, -0.9970715613162364, 0.0, 0.4230127065900676, 0.04054821084253149, 0.4449076379269505, 1.0]",
  "1783609708.524628": "[0.8245218166513415, -0.5607482313147055, 0.0756650179633971, 0.0, -0.5616293416252495, -0.8273145568371121, -0.01109534456435923, 0.0, 0.06882046564475165, -0.033347340566267314, -0.9970715613162364, 0.0, 0.4230127065900676, 0.04054821084253149, 0.4449076379269505, 1.0]",
  "1783609708.5580018": "[0.8240222600234951, -0.5614371276890188, 0.0759978067978014, 0.0, -0.5623183946044746, -0.8268437525415584, -0.011288577077782594, 0.0, 0.0691761380478688, -0.03343292591591687, -0.9970440819690389, 0.0, 0.42085294435741954, 0.03805193548553803, 0.44287707106584173, 1.0]",
  "1783609708.5913217": "[0.8240222600234951, -0.5614371276890188, 0.0759978067978014, 0.0, -0.5623183946044746, -0.8268437525415584, -0.011288577077782594, 0.0, 0.0691761380478688, -0.03343292591591687, -0.9970440819690389, 0.0, 0.42085294435741954, 0.03805193548553803, 0.44287707106584173, 1.0]",
  "1783609708.6246407": "[0.8238551358428056, -0.5616607102999621, 0.07615747928322232, 0.0, -0.5625527764551764, -0.826685217222888, -0.011221645499593124, 0.0, 0.0692610196864341, -0.03359759114115721, -0.9970326539394319, 0.0, 0.418696894546294, 0.035761101443015274, 0.4407287651647651, 1.0]",
  "1783609708.657977": "[0.8238551358428056, -0.5616607102999621, 0.07615747928322232, 0.0, -0.5625527764551764, -0.826685217222888, -0.011221645499593124, 0.0, 0.0692610196864341, -0.03359759114115721, -0.9970326539394319, 0.0, 0.418696894546294, 0.035761101443015274, 0.4407287651647651, 1.0]",
  "1783609708.6948109": "[0.824379861027138, -0.5608802461646348, 0.07623118912345014, 0.0, -0.5617874828361401, -0.827208444630706, -0.011000602723567485, 0.0, 0.06922910415071226, -0.03375705250679947, -0.9970294842904812, 0.0, 0.41654878867015355, 0.0334961074981143, 0.438463682652362, 1.0]",
  "1783609708.72607": "[0.824379861027138, -0.5608802461646348, 0.07623118912345014, 0.0, -0.5617874828361401, -0.827208444630706, -0.011000602723567485, 0.0, 0.06922910415071226, -0.03375705250679947, -0.9970294842904812, 0.0, 0.41654878867015355, 0.0334961074981143, 0.438463682652362, 1.0]",
  "1783609708.7580457": "[0.8246777637238778, -0.5604572229345103, 0.07612021597394893, 0.0, -0.5613732553373175, -0.8274922728629608, -0.010798451003471606, 0.0, 0.0690409603885025, -0.03382661101305055, -0.9970401727994742, 0.0, 0.414380913004896, 0.031106310916702774, 0.4361541524379944, 1.0]",
  "1783609708.7912862": "[0.8246777637238778, -0.5604572229345103, 0.07612021597394893, 0.0, -0.5613732553373175, -0.8274922728629608, -0.010798451003471606, 0.0, 0.0690409603885025, -0.03382661101305055, -0.9970401727994742, 0.0, 0.414380913004896, 0.031106310916702774, 0.4361541524379944, 1.0]",
  "1783609708.8253694": "[0.8243787017390197, -0.5609357212418584, 0.0758345089913857, 0.0, -0.5618587667007577, -0.827165522309645, -0.01057946046427315, 0.0, 0.06866208852483184, -0.033886801812620715, -0.9970642919402539, 0.0, 0.41214947632797233, 0.0288119602046076, 0.433857997305511, 1.0]",
  "1783609708.8579361": "[0.8243787017390197, -0.5609357212418584, 0.0758345089913857, 0.0, -0.5618587667007577, -0.827165522309645, -0.01057946046427315, 0.0, 0.06866208852483184, -0.033886801812620715, -0.9970642919402539, 0.0, 0.41214947632797233, 0.0288119602046076, 0.433857997305511, 1.0]",
  "1783609708.8921237": "[0.824609771640047, -0.5605514642586463, 0.07616285468151206, 0.0, -0.5614816647396018, -0.8274210343966601, -0.010619416142391029, 0.0, 0.06897147727136844, -0.034007172117768075, -0.9970388395481675, 0.0, 0.40989455685266313, 0.026657467833148443, 0.43175429618600786, 1.0]",
  "1783609708.9246075": "[0.824609771640047, -0.5605514642586463, 0.07616285468151206, 0.0, -0.5614816647396018, -0.8274210343966601, -0.010619416142391029, 0.0, 0.06897147727136844, -0.034007172117768075, -0.9970388395481675, 0.0, 0.40989455685266313, 0.026657467833148443, 0.43175429618600786, 1.0]",
  "1783609708.9579692": "[0.8248710045320883, -0.5601728678296923, 0.07611953776581626, 0.0, -0.5611113572072804, -0.8276742391473231, -0.01045938166927688, 0.0, 0.06886124232997204, -0.03408389648144708, -0.9970438392093977, 0.0, 0.40761501473213435, 0.024423096115421504, 0.4295537591573674, 1.0]",
  "1783609708.9912817": "[0.8248710045320883, -0.5601728678296923, 0.07611953776581626, 0.0, -0.5611113572072804, -0.8276742391473231, -0.01045938166927688, 0.0, 0.06886124232997204, -0.03408389648144708, -0.9970438392093977, 0.0, 0.40761501473213435, 0.024423096115421504, 0.4295537591573674, 1.0]",
  "1783609709.0267742": "[0.8244553648869135, -0.5607823471501571, 0.0761348174881045, 0.0, -0.5617089763658664, -0.8272661045452236, -0.010668558505307409, 0.0, 0.06896649316296086, -0.033969860101734646, -0.9970404562631707, 0.0, 0.40541019180125465, 0.022144141629320074, 0.42733185406863317, 1.0]",
  "1783609709.0579937": "[0.8244553648869135, -0.5607823471501571, 0.0761348174881045, 0.0, -0.5617089763658664, -0.8272661045452236, -0.010668558505307409, 0.0, 0.06896649316296086, -0.033969860101734646, -0.9970404562631707, 0.0, 0.40541019180125465, 0.022144141629320074, 0.42733185406863317, 1.0]",
  "1783609709.0930552": "[0.824159753353211, -0.5612561672294889, 0.0758433629241114, 0.0, -0.5621706214522626, -0.8269517413792242, -0.010724262484915575, 0.0, 0.06873785950079714, -0.03379840494361408, -0.9970620715354266, 0.0, 0.40311650103799523, 0.019889002572469505, 0.4249650397440913, 1.0]",
  "1783609709.12461": "[0.824159753353211, -0.5612561672294889, 0.0758433629241114, 0.0, -0.5621706214522626, -0.8269517413792242, -0.010724262484915575, 0.0, 0.06873785950079714, -0.03379840494361408, -0.9970620715354266, 0.0, 0.40311650103799523, 0.019889002572469505, 0.4249650397440913, 1.0]",
  "1783609709.1582298": "[0.824397534238416, -0.5609136446331503, 0.07579306568529709, 0.0, -0.5618285798057233, -0.8271847904500575, -0.010675643380099933, 0.0, 0.0686829851935955, -0.033781736374129304, -0.9970664179644435, 0.0, 0.400796345201075, 0.017659067704592586, 0.42263638220673494, 1.0]",
  "1783609709.1913087": "[0.824397534238416, -0.5609136446331503, 0.07579306568529709, 0.0, -0.5618285798057233, -0.8271847904500575, -0.010675643380099933, 0.0, 0.0686829851935955, -0.033781736374129304, -0.9970664179644435, 0.0, 0.400796345201075, 0.017659067704592586, 0.42263638220673494, 1.0]",
  "1783609709.2246077": "[0.8248466436335657, -0.5601846150939632, 0.07629686427678109, 0.0, -0.561096645734754, -0.8276781399864168, -0.01092935194020199, 0.0, 0.06927170152125078, -0.033794875360816046, -0.9970252442981054, 0.0, 0.39850619578180413, 0.015530071018438119, 0.4205958918297842, 1.0]",
  "1783609709.259152": "[0.8248466436335657, -0.5601846150939632, 0.07629686427678109, 0.0, -0.561096645734754, -0.8276781399864168, -0.01092935194020199, 0.0, 0.06927170152125078, -0.033794875360816046, -0.9970252442981054, 0.0, 0.39850619578180413, 0.015530071018438119, 0.4205958918297842, 1.0]",
  "1783609709.291294": "[0.8247872781431038, -0.560309117172932, 0.07602393719204364, 0.0, -0.5612064496114608, -0.8276025697373868, -0.011013967431052714, 0.0, 0.06908883214955361, -0.03358094365801675, -0.9970451612114908, 0.0, 0.39623735007940325, 0.013543041087377451, 0.4184234161952802, 1.0]",
  "1783609709.3253708": "[0.8247872781431038, -0.560309117172932, 0.07602393719204364, 0.0, -0.5612064496114608, -0.8276025697373868, -0.011013967431052714, 0.0, 0.06908883214955361, -0.03358094365801675, -0.9970451612114908, 0.0, 0.39623735007940325, 0.013543041087377451, 0.4184234161952802, 1.0]",
  "1783609709.3579323": "[0.8246566764196775, -0.5605959770449805, 0.07532274926896193, 0.0, -0.5614693204602269, -0.8274239825374845, -0.011034278578129627, 0.0, 0.06850962135628993, -0.03319192134831088, -0.9970981537134775, 0.0, 0.39370812918342263, 0.01137492750686335, 0.41594574024883907, 1.0]",
  "1783609709.391306": "[0.8246566764196775, -0.5605959770449805, 0.07532274926896193, 0.0, -0.5614693204602269, -0.8274239825374845, -0.011034278578129627, 0.0, 0.06850962135628993, -0.03319192134831088, -0.9970981537134775, 0.0, 0.39370812918342263, 0.01137492750686335, 0.41594574024883907, 1.0]",
  "1783609709.4249": "[0.824617011078733, -0.560701820031299, 0.07496835367783859, 0.0, -0.5615528173403235, -0.8273651790991394, -0.011193469140273166, 0.0, 0.0683024038868479, -0.032868365153101965, -0.9971230877857757, 0.0, 0.3913947208869473, 0.009330157383743973, 0.413618862124688, 1.0]",
  "1783609709.4582264": "[0.824617011078733, -0.560701820031299, 0.07496835367783859, 0.0, -0.5615528173403235, -0.8273651790991394, -0.011193469140273166, 0.0, 0.0683024038868479, -0.032868365153101965, -0.9971230877857757, 0.0, 0.3913947208869473, 0.009330157383743973, 0.413618862124688, 1.0]",
  "1783609709.4913013": "[0.8245318942240971, -0.5608740994892257, 0.07461501142110959, 0.0, -0.5617062024925011, -0.8272594947642129, -0.011307979656553748, 0.0, 0.06806832955696514, -0.03258792482822025, -0.9971482987333002, 0.0, 0.38899748924185445, 0.007243358301083226, 0.41129612901031226, 1.0]",
  "1783609709.5249355": "[0.8245318942240971, -0.5608740994892257, 0.07461501142110959, 0.0, -0.5617062024925011, -0.8272594947642129, -0.011307979656553748, 0.0, 0.06806832955696514, -0.03258792482822025, -0.9971482987333002, 0.0, 0.38899748924185445, 0.007243358301083226, 0.41129612901031226, 1.0]",
  "1783609709.5580297": "[0.8243634183271671, -0.5610639484566644, 0.0750479864231259, 0.0, -0.5618747492482001, -0.827137665136148, -0.011834232987144595, 0.0, 0.06871477774991713, -0.032411859794513546, -0.99710969841008, 0.0, 0.3865643790835298, 0.005285104748519884, 0.409193794687626, 1.0]",
  "1783609709.592404": "[0.8243634183271671, -0.5610639484566644, 0.0750479864231259, 0.0, -0.5618747492482001, -0.827137665136148, -0.011834232987144595, 0.0, 0.06871477774991713, -0.032411859794513546, -0.99710969841008, 0.0, 0.3865643790835298, 0.005285104748519884, 0.409193794687626, 1.0]",
  "1783609709.6251214": "[0.8243314280657166, -0.5611352302753438, 0.07486621432243784, 0.0, -0.5619369644647527, -0.8270946929210672, -0.011883472133404125, 0.0, 0.06858968341722785, -0.03227417366321013, -0.9971227773163553, 0.0, 0.3840407044429035, 0.0032601806374688014, 0.4068462170651833, 1.0]",
  "1783609709.6579835": "[0.8243314280657166, -0.5611352302753438, 0.07486621432243784, 0.0, -0.5619369644647527, -0.8270946929210672, -0.011883472133404125, 0.0, 0.06858968341722785, -0.03227417366321013, -0.9971227773163553, 0.0, 0.3840407044429035, 0.0032601806374688014, 0.4068462170651833, 1.0]",
  "1783609709.6917386": "[0.824481127727136, -0.5609267929739732, 0.07477969607937256, 0.0, -0.5617067465044401, -0.8272472000232751, -0.012149114578764303, 0.0, 0.06867605807839204, -0.03198754410054941, -0.9971260682928857, 0.0, 0.3815956623933514, 0.0010831184343952083, 0.404563666148916, 1.0]",
  "1783609709.7246022": "[0.824481127727136, -0.5609267929739732, 0.07477969607937256, 0.0, -0.5617067465044401, -0.8272472000232751, -0.012149114578764303, 0.0, 0.06867605807839204, -0.03198754410054941, -0.9971260682928857, 0.0, 0.3815956623933514, 0.0010831184343952083, 0.404563666148916, 1.0]",
  "1783609709.7590966": "[0.8246707731489331, -0.5606994156019781, 0.0743927500334618, 0.0, -0.5614529893139858, -0.8274165962947311, -0.012341675997675864, 0.0, 0.06847376654113752, -0.031590212402618265, -0.99715264717897, 0.0, 0.37909936676545075, -0.0009848729248323612, 0.4021653866049473, 1.0]",
  "1783609709.7912714": "[0.8246707731489331, -0.5606994156019781, 0.0743927500334618, 0.0, -0.5614529893139858, -0.8274165962947311, -0.012341675997675864, 0.0, 0.06847376654113752, -0.031590212402618265, -0.99715264717897, 0.0, 0.37909936676545075, -0.0009848729248323612, 0.4021653866049473, 1.0]",
  "1783609709.8246324": "[0.8243932760333461, -0.5611661277483181, 0.0739479783291305, 0.0, -0.5618945793177398, -0.8271140110985626, -0.012525748591890443, 0.0, 0.0681924348028968, -0.031224825258205482, -0.9971834345411317, 0.0, 0.37661694971371207, -0.0028989351550239087, 0.39983429731231657, 1.0]",
  "1783609709.8592556": "[0.8243932760333461, -0.5611661277483181, 0.0739479783291305, 0.0, -0.5618945793177398, -0.8271140110985626, -0.012525748591890443, 0.0, 0.0681924348028968, -0.031224825258205482, -0.9971834345411317, 0.0, 0.37661694971371207, -0.0028989351550239087, 0.39983429731231657, 1.0]",
  "1783609709.892066": "[0.8243836033056705, -0.5611551115975698, 0.07413916190973485, 0.0, -0.561854210805978, -0.8271334843647535, -0.013040124317440935, 0.0, 0.06864051573488134, -0.030905335632244846, -0.9971626446217832, 0.0, 0.37408034376624866, -0.004818742956979184, 0.3976518719436365, 1.0]",
  "1783609709.9250727": "[0.8243836033056705, -0.5611551115975698, 0.07413916190973485, 0.0, -0.561854210805978, -0.8271334843647535, -0.013040124317440935, 0.0, 0.06864051573488134, -0.030905335632244846, -0.9971626446217832, 0.0, 0.37408034376624866, -0.004818742956979184, 0.3976518719436365, 1.0]",
  "1783609709.9615183": "[0.8243969687103592, -0.5611607088772517, 0.0739479329903914, 0.0, -0.5618328921317075, -0.8271430946073619, -0.013345499701326596, 0.0, 0.06865449220620776, -0.030544391559454653, -0.9971728039032004, 0.0, 0.3715143865732666, -0.006725950995096756, 0.39530195389218703, 1.0]",
  "1783609709.991252": "[0.8243969687103592, -0.5611607088772517, 0.0739479329903914, 0.0, -0.5618328921317075, -0.8271430946073619, -0.013345499701326596, 0.0, 0.06865449220620776, -0.030544391559454653, -0.9971728039032004, 0.0, 0.3715143865732666, -0.006725950995096756, 0.39530195389218703, 1.0]",
  "1783609710.0246317": "[0.8247710348984201, -0.5606425768977361, 0.07370645129196783, 0.0, -0.5612822693718162, -0.8275112836926692, -0.013685373584045875, 0.0, 0.06866552323701518, -0.03008282451461393, -0.9971860757089472, 0.0, 0.3690073239385431, -0.00846657481538312, 0.3929762468182151, 1.0]",
  "1783609710.061233": "[0.8247710348984201, -0.5606425768977361, 0.07370645129196783, 0.0, -0.5612822693718162, -0.8275112836926692, -0.013685373584045875, 0.0, 0.06866552323701518, -0.03008282451461393, -0.9971860757089472, 0.0, 0.3690073239385431, -0.00846657481538312, 0.3929762468182151, 1.0]",
  "1783609710.0912862": "[0.8247760327249363, -0.5607001695175798, 0.0732107624975469, 0.0, -0.5613124568415281, -0.8274877297620626, -0.013870215851080055, 0.0, 0.06835804003219065, -0.029654291362047325, -0.9972200365850923, 0.0, 0.3664568715830137, -0.010224426971774968, 0.3905566604762502, 1.0]",
  "1783609710.1264675": "[0.8247760327249363, -0.5607001695175798, 0.0732107624975469, 0.0, -0.5613124568415281, -0.8274877297620626, -0.013870215851080055, 0.0, 0.06835804003219065, -0.029654291362047325, -0.9972200365850923, 0.0, 0.3664568715830137, -0.010224426971774968, 0.3905566604762502, 1.0]",
  "1783609710.1579897": "[0.8250577982461895, -0.5603137273613059, 0.07299422226197237, 0.0, -0.5608801382056516, -0.8277713031786136, -0.014427064857020135, 0.0, 0.06850620497122249, -0.029037847104421106, -0.997228009692859, 0.0, 0.3639105062533795, -0.012112938053043986, 0.38822277549865186, 1.0]",
  "1783609710.1912794": "[0.8250577982461895, -0.5603137273613059, 0.07299422226197237, 0.0, -0.5608801382056516, -0.8277713031786136, -0.014427064857020135, 0.0, 0.06850620497122249, -0.029037847104421106, -0.997228009692859, 0.0, 0.3639105062533795, -0.012112938053043986, 0.38822277549865186, 1.0]",
  "1783609710.2246127": "[0.8253751072242342, -0.5598289944273878, 0.07312611963589814, 0.0, -0.5603278442591824, -0.8281270404143946, -0.015437353476338084, 0.0, 0.06919999510434376, -0.02823299369383093, -0.9972032183786026, 0.0, 0.36131210721526186, -0.013925107736785975, 0.3860440806981052, 1.0]",
  "1783609710.2589986": "[0.8253751072242342, -0.5598289944273878, 0.07312611963589814, 0.0, -0.5603278442591824, -0.8281270404143946, -0.015437353476338084, 0.0, 0.06919999510434376, -0.02823299369383093, -0.9972032183786026, 0.0, 0.36131210721526186, -0.013925107736785975, 0.3860440806981052, 1.0]",
  "1783609710.2914073": "[0.8253272641399086, -0.5599767758609642, 0.07253218295138399, 0.0, -0.560424666846735, -0.8280520042260711, -0.015939607489324797, 0.0, 0.06898622947414691, -0.027493431825567356, -0.997238693267261, 0.0, 0.35889861660615635, -0.015435716574812072, 0.38387338816011557, 1.0]",
  "1783609710.3246474": "[0.8253272641399086, -0.5599767758609642, 0.07253218295138399, 0.0, -0.560424666846735, -0.8280520042260711, -0.015939607489324797, 0.0, 0.06898622947414691, -0.027493431825567356, -0.997238693267261, 0.0, 0.35889861660615635, -0.015435716574812072, 0.38387338816011557, 1.0]",
  "1783609710.3580313": "[0.8250073310042387, -0.5605850710728569, 0.07146524945386025, 0.0, -0.5610033263450259, -0.8276593945421415, -0.015974806914394634, 0.0, 0.06810412336326617, -0.02691290984593987, -0.9973151576430319, 0.0, 0.35606319049032253, -0.017243217453505003, 0.3812847642179131, 1.0]",
  "1783609710.3912873": "[0.8250073310042387, -0.5605850710728569, 0.07146524945386025, 0.0, -0.5610033263450259, -0.8276593945421415, -0.015974806914394634, 0.0, 0.06810412336326617, -0.02691290984593987, -0.9973151576430319, 0.0, 0.35606319049032253, -0.017243217453505003, 0.3812847642179131, 1.0]",
  "1783609710.4247055": "[0.8245377846183397, -0.5613898929047579, 0.07056082398232748, 0.0, -0.5617932899057964, -0.8271253502175915, -0.01587307293024827, 0.0, 0.06727362896040591, -0.026552649054503323, -0.9973811787249078, 0.0, 0.35587972991249095, -0.017558884270261078, 0.3809240329222818, 1.0]",
  "1783609710.4579458": "[0.8245377846183397, -0.5613898929047579, 0.07056082398232748, 0.0, -0.5617932899057964, -0.8271253502175915, -0.01587307293024827, 0.0, 0.06727362896040591, -0.026552649054503323, -0.9973811787249078, 0.0, 0.35587972991249095, -0.017558884270261078, 0.3809240329222818, 1.0]",
  "1783609710.4913511": "[0.8245970089420519, -0.5612274702032317, 0.07115827100978656, 0.0, -0.5616297422027258, -0.8272316729351554, -0.01611806335152828, 0.0, 0.06791027548995254, -0.026673694573209394, -0.9973348026117879, 0.0, 0.35604044323847944, -0.017493686890651148, 0.38119744178345705, 1.0]",
  "1783609710.524807": "[0.8245970089420519, -0.5612274702032317, 0.07115827100978656, 0.0, -0.5616297422027258, -0.8272316729351554, -0.01611806335152828, 0.0, 0.06791027548995254, -0.026673694573209394, -0.9973348026117879, 0.0, 0.35604044323847944, -0.017493686890651148, 0.38119744178345705, 1.0]",
  "1783609710.558085": "[0.8245836443745391, -0.5612312091504045, 0.07128354161781261, 0.0, -0.5616323536943187, -0.8272286105033555, -0.016184104808950512, 0.0, 0.06805080979520542, -0.026689995134175106, -0.9973247873415934, 0.0, 0.35604317879285025, -0.01749696688514536, 0.38124484373721546, 1.0]",
  "1783609710.5912776": "[0.8245836443745391, -0.5612312091504045, 0.07128354161781261, 0.0, -0.5616323536943187, -0.8272286105033555, -0.016184104808950512, 0.0, 0.06805080979520542, -0.026689995134175106, -0.9973247873415934, 0.0, 0.35604317879285025, -0.01749696688514536, 0.38124484373721546, 1.0]",
  "1783609710.624635": "[0.8246122290518431, -0.561190463432624, 0.07127366589721165, 0.0, -0.5615929916286823, -0.827255843204656, -0.016158020834891325, 0.0, 0.06802928378057141, -0.026702689677832417, -0.9973259160937673, 0.0, 0.35604963642723225, -0.017480471966166866, 0.38123576340149, 1.0]",
  "1783609710.6581364": "[0.8246122290518431, -0.561190463432624, 0.07127366589721165, 0.0, -0.5615929916286823, -0.827255843204656, -0.016158020834891325, 0.0, 0.06802928378057141, -0.026702689677832417, -0.9973259160937673, 0.0, 0.35604963642723225, -0.017480471966166866, 0.38123576340149, 1.0]",
  "1783609710.6941323": "[0.8246076024074133, -0.561192564796115, 0.07131063924447587, 0.0, -0.5615949786958357, -0.8272541751165616, -0.01617435179045066, 0.0, 0.06806895001042121, -0.026710203476870274, -0.997323008395326, 0.0, 0.35604976121157905, -0.017479819892216673, 0.38124922621888396, 1.0]",
  "1783609710.7251203": "[0.8246076024074133, -0.561192564796115, 0.07131063924447587, 0.0, -0.5615949786958357, -0.8272541751165616, -0.01617435179045066, 0.0, 0.06806895001042121, -0.026710203476870274, -0.997323008395326, 0.0, 0.35604976121157905, -0.017479819892216673, 0.38124922621888396, 1.0]",
  "1783609710.7581677": "[0.8246003043636136, -0.5612113726134565, 0.07124698795567296, 0.0, -0.5616127714119509, -0.827242277581318, -0.01616506013170289, 0.0, 0.06801053617215165, -0.026683504855881047, -0.9973277081973522, 0.0, 0.3560540153710205, -0.01748884119664385, 0.3812282684664174, 1.0]",
  "1783609710.791285": "[0.8246003043636136, -0.5612113726134565, 0.07124698795567296, 0.0, -0.5616127714119509, -0.827242277581318, -0.01616506013170289, 0.0, 0.06801053617215165, -0.026683504855881047, -0.9973277081973522, 0.0, 0.3560540153710205, -0.01748884119664385, 0.3812282684664174, 1.0]",
  "1783609710.8249428": "[0.8246035834010443, -0.5611989971012324, 0.07130649265479146, 0.0, -0.5616005781684917, -0.8272501611427974, -0.016185224435613665, 0.0, 0.0680714392603287, -0.026699373434341023, -0.9973231284870718, 0.0, 0.35605186151595986, -0.01748502869828388, 0.3812501722579821, 1.0]",
  "1783609710.8579504": "[0.8246035834010443, -0.5611989971012324, 0.07130649265479146, 0.0, -0.5616005781684917, -0.8272501611427974, -0.016185224435613665, 0.0, 0.0680714392603287, -0.026699373434341023, -0.9973231284870718, 0.0, 0.35605186151595986, -0.01748502869828388, 0.3812501722579821, 1.0]",
  "1783609710.8913023": "[0.8246044194389432, -0.5612051582937503, 0.07124831047996852, 0.0, -0.5616069356255875, -0.8272463434387769, -0.016159737758091795, 0.0, 0.06800883250726006, -0.02668815414485869, -0.9973276999709473, 0.0, 0.35605205690313346, -0.017486298166382676, 0.3812257438286714, 1.0]",
  "1783609710.9246173": "[0.8246044194389432, -0.5612051582937503, 0.07124831047996852, 0.0, -0.5616069356255875, -0.8272463434387769, -0.016159737758091795, 0.0, 0.06800883250726006, -0.02668815414485869, -0.9973276999709473, 0.0, 0.35605205690313346, -0.017486298166382676, 0.3812257438286714, 1.0]",
  "1783609710.958411": "[0.8246056294889401, -0.5611986136645015, 0.07128584597373021, 0.0, -0.5616004560797432, -0.8272504781927821, -0.016173251399690267, 0.0, 0.06804765643409898, -0.02669760945955274, -0.9973247987004896, 0.0, 0.3560517968331398, -0.017483791022434175, 0.3812392398622958, 1.0]",
  "1783609710.9912739": "[0.8246056294889401, -0.5611986136645015, 0.07128584597373021, 0.0, -0.5616004560797432, -0.8272504781927821, -0.016173251399690267, 0.0, 0.06804765643409898, -0.02669760945955274, -0.9973247987004896, 0.0, 0.3560517968331398, -0.017483791022434175, 0.3812392398622958, 1.0]",
  "1783609711.0247962": "[0.8246092228404271, -0.5611934544493186, 0.07128489524259184, 0.0, -0.561595344994693, -0.8272539738100919, -0.016171929251116345, 0.0, 0.06804629370361419, -0.026697743325080486, -0.9973248880954235, 0.0, 0.3560538046659377, -0.01748132319943229, 0.38123781284680586, 1.0]",
  "1783609711.0579612": "[0.8246092228404271, -0.5611934544493186, 0.07128489524259184, 0.0, -0.561595344994693, -0.8272539738100919, -0.016171929251116345, 0.0, 0.06804629370361419, -0.026697743325080486, -0.9973248880954235, 0.0, 0.3560538046659377, -0.01748132319943229, 0.38123781284680586, 1.0]",
  "1783609711.0922039": "[0.8246056603725482, -0.5611973471886748, 0.07129545841039005, 0.0, -0.5615991784880553, -0.8272512695223091, -0.016177138043224328, 0.0, 0.06805782543613263, -0.026699711274133488, -0.9973240485493082, 0.0, 0.3560553778885605, -0.017482373737954374, 0.38124286687662384, 1.0]",
  "1783609711.1246111": "[0.8246056603725482, -0.5611973471886748, 0.07129545841039005, 0.0, -0.5615991784880553, -0.8272512695223091, -0.016177138043224328, 0.0, 0.06805782543613263, -0.026699711274133488, -0.9973240485493082, 0.0, 0.3560553778885605, -0.017482373737954374, 0.38124286687662384, 1.0]",
  "1783609711.158417": "[0.8246106334077343, -0.5611923842163631, 0.07127700308268527, 0.0, -0.5615940361068337, -0.8272548556939701, -0.016172270712097047, 0.0, 0.06804000205857964, -0.026692913447260738, -0.9973254466279129, 0.0, 0.3560553751432566, -0.017481309708314168, 0.38123518241324866, 1.0]",
  "1783609711.1915753": "[0.8246106334077343, -0.5611923842163631, 0.07127700308268527, 0.0, -0.5615940361068337, -0.8272548556939701, -0.016172270712097047, 0.0, 0.06804000205857964, -0.026692913447260738, -0.9973254466279129, 0.0, 0.3560553751432566, -0.017481309708314168, 0.38123518241324866, 1.0]",
  "1783609711.2246037": "[0.8246047529589039, -0.5611984554028929, 0.07129723031781925, 0.0, -0.5615999656556575, -0.8272506284639793, -0.016182591928217867, 0.0, 0.06806232418268825, -0.026696279878627945, -0.9973238333999104, 0.0, 0.35605436786518774, -0.017483649914032062, 0.3812429558098558, 1.0]",
  "1783609711.2581153": "[0.8246047529589039, -0.5611984554028929, 0.07129723031781925, 0.0, -0.5615999656556575, -0.8272506284639793, -0.016182591928217867, 0.0, 0.06806232418268825, -0.026696279878627945, -0.9973238333999104, 0.0, 0.35605436786518774, -0.017483649914032062, 0.3812429558098558, 1.0]",
  "1783609711.2914839": "[0.8246032078316192, -0.5612035166929783, 0.07127525857713557, 0.0, -0.5616050366558323, -0.8272473530899349, -0.016174041192545233, 0.0, 0.06803919779512954, -0.026691377954892594, -0.9973255425919185, 0.0, 0.3560543092141782, -0.01748500444150141, 0.3812344619161934, 1.0]",
  "1783609711.3278134": "[0.8246032078316192, -0.5612035166929783, 0.07127525857713557, 0.0, -0.5616050366558323, -0.8272473530899349, -0.016174041192545233, 0.0, 0.06803919779512954, -0.026691377954892594, -0.9973255425919185, 0.0, 0.3560543092141782, -0.01748500444150141, 0.3812344619161934, 1.0]",
  "1783609711.3581665": "[0.8246020752526498, -0.5612027696977486, 0.0712942408094716, 0.0, -0.5616041847018385, -0.8272477559826485, -0.01618301415235656, 0.0, 0.06805995308848233, -0.026694596929863625, -0.9973240402599075, 0.0, 0.3560538334433856, -0.017484914593520133, 0.38124167401864256, 1.0]",
  "1783609711.3912773": "[0.8246020752526498, -0.5612027696977486, 0.0712942408094716, 0.0, -0.5616041847018385, -0.8272477559826485, -0.01618301415235656, 0.0, 0.06805995308848233, -0.026694596929863625, -0.9973240402599075, 0.0, 0.3560538334433856, -0.017484914593520133, 0.38124167401864256, 1.0]",
  "1783609711.4246328": "[0.8246121156930284, -0.5611890857531051, 0.07128582386324377, 0.0, -0.5615908769614465, -0.8272569753987855, -0.016173545304797098, 0.0, 0.06804811214090313, -0.026696566926232502, -0.9973247955146867, 0.0, 0.3560548637335364, -0.017480183862317464, 0.38123708658922206, 1.0]",
