{
  "1783609825.4017828": "[0.835265288663298, -0.5449356770105522, 0.07332806744534168, 0.0, -0.5453858728046233, -0.8380416799752137, -0.015504591883083889, 0.0, 0.06990098210581053, -0.027041644649923258, -0.9971873455651503, 0.0, 0.4557221977518615, 0.08224158484198898, 0.4818240475902664, 1.0]",
  "1783609825.4352338": "[0.835265288663298, -0.5449356770105522, 0.07332806744534168, 0.0, -0.5453858728046233, -0.8380416799752137, -0.015504591883083889, 0.0, 0.06990098210581053, -0.027041644649923258, -0.9971873455651503, 0.0, 0.4557221977518615, 0.08224158484198898, 0.4818240475902664, 1.0]",
  "1783609825.469253": "[0.8352643888515704, -0.544936032841201, 0.07333567227281793, 0.0, -0.5453861019522224, -0.8380414424829468, -0.01550936744235341, 0.0, 0.06990994574288154, -0.027041834116706093, -0.9971867120523779, 0.0, 0.4557196314145279, 0.08224766912950209, 0.48182733848711334, 1.0]",
  "1783609825.5018291": "[0.8352643888515704, -0.544936032841201, 0.07333567227281793, 0.0, -0.5453861019522224, -0.8380414424829468, -0.01550936744235341, 0.0, 0.06990994574288154, -0.027041834116706093, -0.9971867120523779, 0.0, 0.4557196314145279, 0.08224766912950209, 0.48182733848711334, 1.0]",
  "1783609825.5351408": "[0.8351325944585479, -0.5451312465148341, 0.07338578708522242, 0.0, -0.5455719150102452, -0.8379174625235857, -0.01567199891811445, 0.0, 0.07003452880535654, -0.02694902727778244, -0.9971804825124653, 0.0, 0.45575431239623465, 0.08215449712049958, 0.48190187353122804, 1.0]",
  "1783609825.5685644": "[0.8351325944585479, -0.5451312465148341, 0.07338578708522242, 0.0, -0.5455719150102452, -0.8379174625235857, -0.01567199891811445, 0.0, 0.07003452880535654, -0.02694902727778244, -0.9971804825124653, 0.0, 0.45575431239623465, 0.08215449712049958, 0.48190187353122804, 1.0]",
  "1783609825.6021209": "[0.8317646674087362, -0.5499973432081958, 0.0753024602145275, 0.0, -0.5501770025858467, -0.8348034540761269, -0.020210365860649285, 0.0, 0.0739784014161404, -0.02461941360987689, -0.9969559070477583, 0.0, 0.45662810790186215, 0.07989856259873768, 0.4839912141177413, 1.0]",
  "1783609825.6351244": "[0.8317646674087362, -0.5499973432081958, 0.0753024602145275, 0.0, -0.5501770025858467, -0.8348034540761269, -0.020210365860649285, 0.0, 0.0739784014161404, -0.02461941360987689, -0.9969559070477583, 0.0, 0.45662810790186215, 0.07989856259873768, 0.4839912141177413, 1.0]",
  "1783609825.6703255": "[0.8306409927982426, -0.5515009976127115, 0.07669544129434269, 0.0, -0.5516336602081041, -0.8338126982088159, -0.021370288513372387, 0.0, 0.07573536828034802, -0.0245567493353415, -0.996825521369473, 0.0, 0.4566645201636671, 0.07907091936889143, 0.48475030924209483, 1.0]",
  "1783609825.7017949": "[0.8306409927982426, -0.5515009976127115, 0.07669544129434269, 0.0, -0.5516336602081041, -0.8338126982088159, -0.021370288513372387, 0.0, 0.07573536828034802, -0.0245567493353415, -0.996825521369473, 0.0, 0.4566645201636671, 0.07907091936889143, 0.48475030924209483, 1.0]",
  "1783609825.7353284": "[0.8336262429019301, -0.5472574284796439, 0.07467659686313846, 0.0, -0.5475217871295557, -0.8365822020718565, -0.01871127454402785, 0.0, 0.07271299583753793, -0.025288854273214464, -0.9970322432528846, 0.0, 0.4561236909835313, 0.08142110925325866, 0.4831943957127627, 1.0]",
  "1783609825.7691426": "[0.8336262429019301, -0.5472574284796439, 0.07467659686313846, 0.0, -0.5475217871295557, -0.8365822020718565, -0.01871127454402785, 0.0, 0.07271299583753793, -0.025288854273214464, -0.9970322432528846, 0.0, 0.4561236909835313, 0.08142110925325866, 0.4831943957127627, 1.0]",
  "1783609825.801783": "[0.8351605699621072, -0.5450595184746164, 0.07359988927157013, 0.0, -0.5453830129465486, -0.8380062565048112, -0.017403541252777762, 0.0, 0.07116313350262929, -0.02560537793143235, -0.997135985235251, 0.0, 0.45584705627467825, 0.08262872816761185, 0.48240127435751434, 1.0]",
  "1783609825.8386407": "[0.8351605699621072, -0.5450595184746164, 0.07359988927157013, 0.0, -0.5453830129465486, -0.8380062565048112, -0.017403541252777762, 0.0, 0.07116313350262929, -0.02560537793143235, -0.997135985235251, 0.0, 0.45584705627467825, 0.08262872816761185, 0.48240127435751434, 1.0]",
  "1783609825.868482": "[0.83448510570698, -0.5459892343462766, 0.0743664193784888, 0.0, -0.5462346879546521, -0.8374211378039587, -0.018801692322954627, 0.0, 0.07254153312616472, -0.024931785677922712, -0.9970537257513337, 0.0, 0.4560558739783617, 0.08227120049709113, 0.4831336613516428, 1.0]",
  "1783609825.9021444": "[0.83448510570698, -0.5459892343462766, 0.0743664193784888, 0.0, -0.5462346879546521, -0.8374211378039587, -0.018801692322954627, 0.0, 0.07254153312616472, -0.024931785677922712, -0.9970537257513337, 0.0, 0.4560558739783617, 0.08227120049709113, 0.4831336613516428, 1.0]",
  "1783609825.9359543": "[0.8310281037453776, -0.5506855384339678, 0.07834365669952369, 0.0, -0.5506539067507351, -0.8343896025772621, -0.02396384967218488, 0.0, 0.07856567803764282, -0.02322560807921603, -0.996638352344438, 0.0, 0.4567917022860874, 0.07999383900225071, 0.4861012941176392, 1.0]",
  "1783609825.9687476": "[0.8310281037453776, -0.5506855384339678, 0.07834365669952369, 0.0, -0.5506539067507351, -0.8343896025772621, -0.02396384967218488, 0.0, 0.07856567803764282, -0.02322560807921603, -0.996638352344438, 0.0, 0.4567917022860874, 0.07999383900225071, 0.4861012941176392, 1.0]",
  "1783609826.0021176": "[0.8324258772824114, -0.5487337332108837, 0.07719098954576696, 0.0, -0.5488196939970185, -0.8356511831722924, -0.022000989608821898, 0.0, 0.07657742690654289, -0.02404974218563009, -0.9967735488009191, 0.0, 0.4563125532788915, 0.08098258802018066, 0.48497513277841675, 1.0]",
  "1783609826.0351343": "[0.8324258772824114, -0.5487337332108837, 0.07719098954576696, 0.0, -0.5488196939970185, -0.8356511831722924, -0.022000989608821898, 0.0, 0.07657742690654289, -0.02404974218563009, -0.9967735488009191, 0.0, 0.4563125532788915, 0.08098258802018066, 0.48497513277841675, 1.0]",
  "1783609826.0686202": "[0.83455619631324, -0.5459529671138136, 0.07383300681131777, 0.0, -0.5461794899634472, -0.8374554294944287, -0.018877721090494636, 0.0, 0.07213820027173978, -0.024571554894327833, -0.9970919309429944, 0.0, 0.45597882496134867, 0.08242702864431867, 0.4828160887616201, 1.0]",
  "1783609826.1018538": "[0.83455619631324, -0.5459529671138136, 0.07383300681131777, 0.0, -0.5461794899634472, -0.8374554294944287, -0.018877721090494636, 0.0, 0.07213820027173978, -0.024571554894327833, -0.9970919309429944, 0.0, 0.45597882496134867, 0.08242702864431867, 0.4828160887616201, 1.0]",
  "1783609826.137459": "[0.8348740656686425, -0.5455795447198452, 0.07299489610375348, 0.0, -0.545834900387118, -0.8376957345153009, -0.01816914676742589, 0.0, 0.07106022792882208, -0.02467421241210918, -0.997166800113475, 0.0, 0.4559100364458834, 0.08260843158513476, 0.4823019884671841, 1.0]",
  "1783609826.1685648": "[0.8348740656686425, -0.5455795447198452, 0.07299489610375348, 0.0, -0.545834900387118, -0.8376957345153009, -0.01816914676742589, 0.0, 0.07106022792882208, -0.02467421241210918, -0.997166800113475, 0.0, 0.4559100364458834, 0.08260843158513476, 0.4823019884671841, 1.0]",
  "1783609826.2017155": "[0.8347750982242276, -0.5456906543620846, 0.07329560100450112, 0.0, -0.5459399705090314, -0.8376230241198932, -0.018363498164661353, 0.0, 0.07141487229792627, -0.024685607266693464, -0.997141181984049, 0.0, 0.4558915510552881, 0.08254857147956574, 0.48246244284227013, 1.0]",
  "1783609826.2352057": "[0.8347750982242276, -0.5456906543620846, 0.07329560100450112, 0.0, -0.5459399705090314, -0.8376230241198932, -0.018363498164661353, 0.0, 0.07141487229792627, -0.024685607266693464, -0.997141181984049, 0.0, 0.4558915510552881, 0.08254857147956574, 0.48246244284227013, 1.0]",
  "1783609826.2684047": "[0.8347779181598175, -0.5456877572048004, 0.07328505297505006, 0.0, -0.5459377332657356, -0.837624767465214, -0.01835048570248485, 0.0, 0.07139901084350989, -0.024690495451516376, -0.9971421968229643, 0.0, 0.45588944721602837, 0.08254962266067147, 0.4824556835621542, 1.0]",
  "1783609826.3023376": "[0.8347779181598175, -0.5456877572048004, 0.07328505297505006, 0.0, -0.5459377332657356, -0.837624767465214, -0.01835048570248485, 0.0, 0.07139901084350989, -0.024690495451516376, -0.9971421968229643, 0.0, 0.45588944721602837, 0.08254962266067147, 0.4824556835621542, 1.0]",
  "1783609826.3379164": "[0.83476768767116, -0.5457059941056949, 0.07326578749498207, 0.0, -0.5459562485579753, -0.8376129120642626, -0.01834077980154174, 0.0, 0.07137704309262734, -0.024689624143387313, -0.997143791124937, 0.0, 0.45589286871580237, 0.08253846966775905, 0.4824452571472473, 1.0]",
  "1783609826.3684185": "[0.83476768767116, -0.5457059941056949, 0.07326578749498207, 0.0, -0.5459562485579753, -0.8376129120642626, -0.01834077980154174, 0.0, 0.07137704309262734, -0.024689624143387313, -0.997143791124937, 0.0, 0.45589286871580237, 0.08253846966775905, 0.4824452571472473, 1.0]",
  "1783609826.4018068": "[0.834774350938227, -0.5456919141368451, 0.07329473283482127, 0.0, -0.5459416939825678, -0.8376220480105467, -0.018356782345019862, 0.0, 0.07141043192073615, -0.024690879536463782, -0.9971413694560118, 0.0, 0.45589016869177373, 0.08254254417723283, 0.4824606027487859, 1.0]",
  "1783609826.4359734": "[0.834774350938227, -0.5456919141368451, 0.07329473283482127, 0.0, -0.5459416939825678, -0.8376220480105467, -0.018356782345019862, 0.0, 0.07141043192073615, -0.024690879536463782, -0.9971413694560118, 0.0, 0.45589016869177373, 0.08254254417723283, 0.4824606027487859, 1.0]",
  "1783609826.468417": "[0.8347719454402802, -0.5456975826102892, 0.07327992521241015, 0.0, -0.5459475480705893, -0.8376183958840961, -0.018349322392527068, 0.0, 0.07139379427906441, -0.024689495941390777, -0.997142595082869, 0.0, 0.45589194006751693, 0.08253955580220212, 0.48245378577575365, 1.0]",
  "1783609826.501766": "[0.8347719454402802, -0.5456975826102892, 0.07327992521241015, 0.0, -0.5459475480705893, -0.8376183958840961, -0.018349322392527068, 0.0, 0.07139379427906441, -0.024689495941390777, -0.997142595082869, 0.0, 0.45589194006751693, 0.08253955580220212, 0.48245378577575365, 1.0]",
  "1783609826.5350962": "[0.8347728538408278, -0.5456951519813507, 0.07328767696202795, 0.0, -0.5459454498670064, -0.8376198087685669, -0.018347253964049896, 0.0, 0.07139921750237901, -0.024695284217029823, -0.9971420634380479, 0.0, 0.45588958480407654, 0.08254145776927792, 0.48245512708185945, 1.0]",
  "1783609826.5684397": "[0.8347728538408278, -0.5456951519813507, 0.07328767696202795, 0.0, -0.5459454498670064, -0.8376198087685669, -0.018347253964049896, 0.0, 0.07139921750237901, -0.024695284217029823, -0.9971420634380479, 0.0, 0.45588958480407654, 0.08254145776927792, 0.48245512708185945, 1.0]",
  "1783609826.6017826": "[0.8347736529673351, -0.5456933705548035, 0.0732918388642906, 0.0, -0.5459437924761006, -0.8376208971851884, -0.01834688135603561, 0.0, 0.07140254735220351, -0.024697731296981936, -0.9971417643948117, 0.0, 0.4558910790484214, 0.08254235986865541, 0.48245607565963144, 1.0]",
  "1783609826.6351557": "[0.8347736529673351, -0.5456933705548035, 0.0732918388642906, 0.0, -0.5459437924761006, -0.8376208971851884, -0.01834688135603561, 0.0, 0.07140254735220351, -0.024697731296981936, -0.9971417643948117, 0.0, 0.4558910790484214, 0.08254235986865541, 0.48245607565963144, 1.0]",
  "1783609826.6684265": "[0.8347747871129331, -0.5456910252815906, 0.07329638277352836, 0.0, -0.5459414125590444, -0.8376224056658503, -0.018348830469242072, 0.0, 0.0714074845768466, -0.02469838969811563, -0.9971413945337579, 0.0, 0.45589062716523876, 0.08254069442773267, 0.4824583645169578, 1.0]",
  "1783609826.701755": "[0.8347747871129331, -0.5456910252815906, 0.07329638277352836, 0.0, -0.5459414125590444, -0.8376224056658503, -0.018348830469242072, 0.0, 0.0714074845768466, -0.02469838969811563, -0.9971413945337579, 0.0, 0.45589062716523876, 0.08254069442773267, 0.4824583645169578, 1.0]",
  "1783609826.7350857": "[0.8347731366526113, -0.5456944781615402, 0.0732894728263547, 0.0, -0.5459449530411314, -0.8376201737819597, -0.018345373323981232, 0.0, 0.07139970988790803, -0.024697792967870547, -0.9971419660461787, 0.0, 0.45589199308896383, 0.08254049479540013, 0.48245459971417193, 1.0]",
  "1783609826.7703042": "[0.8347731366526113, -0.5456944781615402, 0.0732894728263547, 0.0, -0.5459449530411314, -0.8376201737819597, -0.018345373323981232, 0.0, 0.07139970988790803, -0.024697792967870547, -0.9971419660461787, 0.0, 0.45589199308896383, 0.08254049479540013, 0.48245459971417193, 1.0]",
  "1783609826.8067205": "[0.8347731366526113, -0.5456944781615402, 0.0732894728263547, 0.0, -0.5459449530411314, -0.8376201737819597, -0.018345373323981232, 0.0, 0.07139970988790803, -0.024697792967870547, -0.9971419660461787, 0.0, 0.45589199308896383, 0.08254049479540013, 0.48245459971417193, 1.0]",
  "1783609826.8369567": "[0.8347731366526113, -0.5456944781615402, 0.0732894728263547, 0.0, -0.5459449530411314, -0.8376201737819597, -0.018345373323981232, 0.0, 0.07139970988790803, -0.024697792967870547, -0.9971419660461787, 0.0, 0.45589199308896383, 0.08254049479540013, 0.48245459971417193, 1.0]",
  "1783609826.8706326": "[0.8347731366526113, -0.5456944781615402, 0.0732894728263547, 0.0, -0.5459449530411314, -0.8376201737819597, -0.018345373323981232, 0.0, 0.07139970988790803, -0.024697792967870547, -0.9971419660461787, 0.0, 0.45589199308896383, 0.08254049479540013, 0.48245459971417193, 1.0]",
  "1783609826.9017606": "[0.8347731366526113, -0.5456944781615402, 0.0732894728263547, 0.0, -0.5459449530411314, -0.8376201737819597, -0.018345373323981232, 0.0, 0.07139970988790803, -0.024697792967870547, -0.9971419660461787, 0.0, 0.45589199308896383, 0.08254049479540013, 0.48245459971417193, 1.0]",
  "1783609826.9350958": "[0.8347731366526113, -0.5456944781615402, 0.0732894728263547, 0.0, -0.5459449530411314, -0.8376201737819597, -0.018345373323981232, 0.0, 0.07139970988790803, -0.024697792967870547, -0.9971419660461787, 0.0, 0.45589199308896383, 0.08254049479540013, 0.48245459971417193, 1.0]",
  "1783609826.9685793": "[0.8347731366526113, -0.5456944781615402, 0.0732894728263547, 0.0, -0.5459449530411314, -0.8376201737819597, -0.018345373323981232, 0.0, 0.07139970988790803, -0.024697792967870547, -0.9971419660461787, 0.0, 0.45589199308896383, 0.08254049479540013, 0.48245459971417193, 1.0]",
  "1783609827.003709": "[0.8347731366526113, -0.5456944781615402, 0.0732894728263547, 0.0, -0.5459449530411314, -0.8376201737819597, -0.018345373323981232, 0.0, 0.07139970988790803, -0.024697792967870547, -0.9971419660461787, 0.0, 0.45589199308896383, 0.08254049479540013, 0.48245459971417193, 1.0]",
  "1783609827.0351088": "[0.8347731366526113, -0.5456944781615402, 0.0732894728263547, 0.0, -0.5459449530411314, -0.8376201737819597, -0.018345373323981232, 0.0, 0.07139970988790803, -0.024697792967870547, -0.9971419660461787, 0.0, 0.45589199308896383, 0.08254049479540013, 0.48245459971417193, 1.0]",
  "1783609827.0684445": "[0.8347731366526113, -0.5456944781615402, 0.0732894728263547, 0.0, -0.5459449530411314, -0.8376201737819597, -0.018345373323981232, 0.0, 0.07139970988790803, -0.024697792967870547, -0.9971419660461787, 0.0, 0.45589199308896383, 0.08254049479540013, 0.48245459971417193, 1.0]",
  "1783609827.1018016": "[0.8347731366526113, -0.5456944781615402, 0.0732894728263547, 0.0, -0.5459449530411314, -0.8376201737819597, -0.018345373323981232, 0.0, 0.07139970988790803, -0.024697792967870547, -0.9971419660461787, 0.0, 0.45589199308896383, 0.08254049479540013, 0.48245459971417193, 1.0]",
  "1783609827.1350832": "[0.834773872215212, -0.5456923183929646, 0.07329717534620317, 0.0, -0.5459429434131856, -0.8376214732355964, -0.018345847267872476, 0.0, 0.07140647592598312, -0.02470144168950777, -0.9971413911649096, 0.0, 0.45589122449208025, 0.08253955337657232, 0.48245813716961927, 1.0]",
  "1783609827.168549": "[0.834773872215212, -0.5456923183929646, 0.07329717534620317, 0.0, -0.5459429434131856, -0.8376214732355964, -0.018345847267872476, 0.0, 0.07140647592598312, -0.02470144168950777, -0.9971413911649096, 0.0, 0.45589122449208025, 0.08253955337657232, 0.48245813716961927, 1.0]",
  "1783609827.202921": "[0.8347684173628557, -0.5457004987785982, 0.07329839702409803, 0.0, -0.5459511919936145, -0.8376160999719058, -0.018345708724529387, 0.0, 0.07140717985093993, -0.024702928989152214, -0.997141303910881, 0.0, 0.45589125197992286, 0.08253636514737012, 0.4824584621366562, 1.0]",
  "1783609827.23526": "[0.8347684173628557, -0.5457004987785982, 0.07329839702409803, 0.0, -0.5459511919936145, -0.8376160999719058, -0.018345708724529387, 0.0, 0.07140717985093993, -0.024702928989152214, -0.997141303910881, 0.0, 0.45589125197992286, 0.08253636514737012, 0.4824584621366562, 1.0]",
  "1783609827.2686193": "[0.8347714648936077, -0.5456970350100228, 0.07328947660237728, 0.0, -0.5459478991022599, -0.8376183699270041, -0.018340060704837836, 0.0, 0.07139672867302038, -0.02470247643655694, -0.9971420634958155, 0.0, 0.4558923121135593, 0.08253662394057754, 0.4824535219085776, 1.0]",
  "1783609827.302573": "[0.8347714648936077, -0.5456970350100228, 0.07328947660237728, 0.0, -0.5459478991022599, -0.8376183699270041, -0.018340060704837836, 0.0, 0.07139672867302038, -0.02470247643655694, -0.9971420634958155, 0.0, 0.4558923121135593, 0.08253662394057754, 0.4824535219085776, 1.0]",
  "1783609827.335367": "[0.8347768547125263, -0.545687504364459, 0.07329904785705092, 0.0, -0.5459383783044908, -0.8376245155660733, -0.0183427919620648, 0.0, 0.0714065118215723, -0.024704625137602985, -0.9971413097281077, 0.0, 0.4558904081599832, 0.08254006833861686, 0.4824575909000323, 1.0]",
  "1783609827.3689747": "[0.8347768547125263, -0.545687504364459, 0.07329904785705092, 0.0, -0.5459383783044908, -0.8376245155660733, -0.0183427919620648, 0.0, 0.0714065118215723, -0.024704625137602985, -0.9971413097281077, 0.0, 0.4558904081599832, 0.08254006833861686, 0.4824575909000323, 1.0]",
  "1783609827.4027035": "[0.8347723848420074, -0.5456952989847872, 0.07329192432383831, 0.0, -0.5459460486851166, -0.8376195242219464, -0.018342425338770747, 0.0, 0.07140012206079098, -0.02470168634129598, -0.9971418400917698, 0.0, 0.4558925956216354, 0.08253722441189315, 0.4824554613818101, 1.0]",
  "1783609827.439451": "[0.8347723848420074, -0.5456952989847872, 0.07329192432383831, 0.0, -0.5459460486851166, -0.8376195242219464, -0.018342425338770747, 0.0, 0.07140012206079098, -0.02470168634129598, -0.9971418400917698, 0.0, 0.4558925956216354, 0.08253722441189315, 0.4824554613818101, 1.0]",
  "1783609827.4685116": "[0.834772910159679, -0.5456944985249728, 0.07329190093809122, 0.0, -0.5459453054378778, -0.8376200271664416, -0.01834158008548231, 0.0, 0.07139966340174701, -0.024702315058884008, -0.9971418573587458, 0.0, 0.4558913441761698, 0.08253805971149514, 0.4824552387080441, 1.0]",
  "1783609827.501851": "[0.834772910159679, -0.5456944985249728, 0.07329190093809122, 0.0, -0.5459453054378778, -0.8376200271664416, -0.01834158008548231, 0.0, 0.07139966340174701, -0.024702315058884008, -0.9971418573587458, 0.0, 0.4558913441761698, 0.08253805971149514, 0.4824552387080441, 1.0]",
  "1783609827.5351837": "[0.83477432295477, -0.5456917881198573, 0.07329598975358827, 0.0, -0.5459425342503537, -0.8376217865250921, -0.018343719219790326, 0.0, 0.07140433482434143, -0.024702532604289063, -0.9971415174644107, 0.0, 0.4558910611254049, 0.08253991537408817, 0.48245707029585816, 1.0]",
  "1783609827.568444": "[0.83477432295477, -0.5456917881198573, 0.07329598975358827, 0.0, -0.5459425342503537, -0.8376217865250921, -0.018343719219790326, 0.0, 0.07140433482434143, -0.024702532604289063, -0.9971415174644107, 0.0, 0.4558910611254049, 0.08253991537408817, 0.48245707029585816, 1.0]",
  "1783609827.6034877": "[0.8347709095044434, -0.5456974288010535, 0.07329287035614965, 0.0, -0.5459481407899472, -0.8376181396736999, -0.018343381846593308, 0.0, 0.07140137402826563, -0.02470158475663054, -0.9971417529606241, 0.0, 0.4558907477048666, 0.08253619561347883, 0.4824560916520965, 1.0]",
  "1783609827.6357865": "[0.8347709095044434, -0.5456974288010535, 0.07329287035614965, 0.0, -0.5459481407899472, -0.8376181396736999, -0.018343381846593308, 0.0, 0.07140137402826563, -0.02470158475663054, -0.9971417529606241, 0.0, 0.4558907477048666, 0.08253619561347883, 0.4824560916520965, 1.0]",
  "1783609827.6700172": "[0.8347710363986115, -0.5456974033167191, 0.07329161482310242, 0.0, -0.5459483342721377, -0.8376180900976273, -0.018339886768507074, 0.0, 0.07139841101499494, -0.02470382874360805, -0.9971419095344156, 0.0, 0.4558915578720646, 0.08253747085648519, 0.48245474622613116, 1.0]",
  "1783609827.7020075": "[0.8347710363986115, -0.5456974033167191, 0.07329161482310242, 0.0, -0.5459483342721377, -0.8376180900976273, -0.018339886768507074, 0.0, 0.07139841101499494, -0.02470382874360805, -0.9971419095344156, 0.0, 0.4558915578720646, 0.08253747085648519, 0.48245474622613116, 1.0]",
  "1783609827.7362812": "[0.8347692486453789, -0.5456998807565008, 0.07329353080845777, 0.0, -0.5459506191297876, -0.8376165248108103, -0.018343359443210753, 0.0, 0.0714018416277282, -0.024702176143044523, -0.9971417048273363, 0.0, 0.4558920318480079, 0.08253634244672164, 0.4824560913904663, 1.0]",
  "1783609827.7685623": "[0.8347692486453789, -0.5456998807565008, 0.07329353080845777, 0.0, -0.5459506191297876, -0.8376165248108103, -0.018343359443210753, 0.0, 0.0714018416277282, -0.024702176143044523, -0.9971417048273363, 0.0, 0.4558920318480079, 0.08253634244672164, 0.4824560913904663, 1.0]",
  "1783609827.8023725": "[0.8347722856499443, -0.5456955095231713, 0.07329148652479514, 0.0, -0.5459463538867733, -0.837619357354237, -0.018340961349199814, 0.0, 0.07139894809103203, -0.02470269361266467, -0.9971418991997942, 0.0, 0.4558913891379239, 0.08253592910102747, 0.48245559341473543, 1.0]",
  "1783609827.8352635": "[0.8347722856499443, -0.5456955095231713, 0.07329148652479514, 0.0, -0.5459463538867733, -0.837619357354237, -0.018340961349199814, 0.0, 0.07139894809103203, -0.02470269361266467, -0.9971418991997942, 0.0, 0.4558913891379239, 0.08253592910102747, 0.48245559341473543, 1.0]",
  "1783609827.8689826": "[0.8347662159475503, -0.5457039388585265, 0.07329785690521454, 0.0, -0.5459546293845077, -0.8376138591939313, -0.01834572265879389, 0.0, 0.07140663390913127, -0.024702914818660486, -0.9971413433577152, 0.0, 0.455891888727677, 0.08253526463626629, 0.48245773285609783, 1.0]",
  "1783609827.901793": "[0.8347662159475503, -0.5457039388585265, 0.07329785690521454, 0.0, -0.5459546293845077, -0.8376138591939313, -0.01834572265879389, 0.0, 0.07140663390913127, -0.024702914818660486, -0.9971413433577152, 0.0, 0.455891888727677, 0.08253526463626629, 0.48245773285609783, 1.0]",
  "1783609827.9351082": "[0.8347721649968614, -0.5456948785233166, 0.07329755862152412, 0.0, -0.5459457696447513, -0.8376197069502898, -0.018342386309067444, 0.0, 0.07140482584148702, -0.024704778524280237, -0.9971414266615408, 0.0, 0.4558923230029186, 0.0825366177823878, 0.4824570633352917, 1.0]",
  "1783609827.970682": "[0.8347721649968614, -0.5456948785233166, 0.07329755862152412, 0.0, -0.5459457696447513, -0.8376197069502898, -0.018342386309067444, 0.0, 0.07140482584148702, -0.024704778524280237, -0.9971414266615408, 0.0, 0.4558923230029186, 0.0825366177823878, 0.4824570633352917, 1.0]",
  "1783609828.0018184": "[0.8347729007292849, -0.5456933913575153, 0.07330025127343816, 0.0, -0.5459447222762828, -0.83762050515841, -0.018337108737284766, 0.0, 0.07140423255443608, -0.02471056387264741, -0.9971413257940964, 0.0, 0.4558906926350384, 0.08253686104998911, 0.48245633591994275, 1.0]",
  "1783609828.0418591": "[0.8347729007292849, -0.5456933913575153, 0.07330025127343816, 0.0, -0.5459447222762828, -0.83762050515841, -0.018337108737284766, 0.0, 0.07140423255443608, -0.02471056387264741, -0.9971413257940964, 0.0, 0.4558906926350384, 0.08253686104998911, 0.48245633591994275, 1.0]",
  "1783609828.068545": "[0.8347718604521402, -0.5456952911350642, 0.07329795515763017, 0.0, -0.5459466291585852, -0.8376192799320654, -0.018336302693491985, 0.0, 0.07140181445629275, -0.02471014202926542, -0.9971415094023734, 0.0, 0.4558914179199582, 0.08253736571334369, 0.4824555946369304, 1.0]",
  "1783609828.1029398": "[0.8347718604521402, -0.5456952911350642, 0.07329795515763017, 0.0, -0.5459466291585852, -0.8376192799320654, -0.018336302693491985, 0.0, 0.07140181445629275, -0.02471014202926542, -0.9971415094023734, 0.0, 0.4558914179199582, 0.08253736571334369, 0.4824555946369304, 1.0]",
  "1783609828.1355104": "[0.8347696260320803, -0.5456981377802305, 0.07330220922625395, 0.0, -0.5459493282459328, -0.8376174402828398, -0.018339976058797603, 0.0, 0.07140729964139188, -0.02470963692997639, -0.9971411291290277, 0.0, 0.4558916531552834, 0.08253553733303823, 0.4824579383055662, 1.0]",
  "1783609828.1684542": "[0.8347696260320803, -0.5456981377802305, 0.07330220922625395, 0.0, -0.5459493282459328, -0.8376174402828398, -0.018339976058797603, 0.0, 0.07140729964139188, -0.02470963692997639, -0.9971411291290277, 0.0, 0.4558916531552834, 0.08253553733303823, 0.4824579383055662, 1.0]",
  "1783609828.2026563": "[0.834768508103149, -0.5457000704525777, 0.0733005524351258, 0.0, -0.5459513361246501, -0.8376161651409524, -0.018338442634934865, 0.0, 0.07140501707129786, -0.024710180141332132, -0.9971412791246941, 0.0, 0.4558915184095468, 0.08253462464615935, 0.48245699083232957, 1.0]",
  "1783609828.2352219": "[0.834768508103149, -0.5457000704525777, 0.0733005524351258, 0.0, -0.5459513361246501, -0.8376161651409524, -0.018338442634934865, 0.0, 0.07140501707129786, -0.024710180141332132, -0.9971412791246941, 0.0, 0.4558915184095468, 0.08253462464615935, 0.48245699083232957, 1.0]",
  "1783609828.2723064": "[0.8347709230403534, -0.5456965435543313, 0.0732993069490578, 0.0, -0.5459478271477851, -0.8376184708784808, -0.01833759187591815, 0.0, 0.07140361390692072, -0.024709908863679172, -0.9971413863264227, 0.0, 0.4558916316883959, 0.08253578281596283, 0.482456520117744, 1.0]",
  "1783609828.3017557": "[0.8347709230403534, -0.5456965435543313, 0.0732993069490578, 0.0, -0.5459478271477851, -0.8376184708784808, -0.01833759187591815, 0.0, 0.07140361390692072, -0.024709908863679172, -0.9971413863264227, 0.0, 0.4558916316883959, 0.08253578281596283, 0.482456520117744, 1.0]",
  "1783609828.337174": "[0.8347709925373963, -0.5456962069122512, 0.073301021682592, 0.0, -0.5459474952831623, -0.8376186759592243, -0.01833810454648574, 0.0, 0.07140533882120867, -0.024710391455783437, -0.9971412508476072, 0.0, 0.45589109389549226, 0.08253742848762796, 0.4824568825233473, 1.0]",
  "1783609828.3684192": "[0.8347709925373963, -0.5456962069122512, 0.073301021682592, 0.0, -0.5459474952831623, -0.8376186759592243, -0.01833810454648574, 0.0, 0.07140533882120867, -0.024710391455783437, -0.9971412508476072, 0.0, 0.45589109389549226, 0.08253742848762796, 0.4824568825233473, 1.0]",
  "1783609828.401737": "[0.8347735921348535, -0.5456923030725495, 0.0733004791365653, 0.0, -0.5459436781887764, -0.837621198587702, -0.018336518813867355, 0.0, 0.07140413237329508, -0.02471109151531575, -0.9971413198920898, 0.0, 0.45589188314310986, 0.08253578792729162, 0.48245672997163286, 1.0]",
  "1783609828.4351585": "[0.8347735921348535, -0.5456923030725495, 0.0733004791365653, 0.0, -0.5459436781887764, -0.837621198587702, -0.018336518813867355, 0.0, 0.07140413237329508, -0.02471109151531575, -0.9971413198920898, 0.0, 0.45589188314310986, 0.08253578792729162, 0.48245672997163286, 1.0]",
  "1783609828.469344": "[0.8347705047159921, -0.5456972583148046, 0.07329874981139167, 0.0, -0.5459485926913153, -0.8376179909229551, -0.01833672327775067, 0.0, 0.07140265117332803, -0.02471039356015669, -0.9971414432544272, 0.0, 0.45589239893935163, 0.08253527131756415, 0.48245579651501996, 1.0]",
  "1783609828.5018497": "[0.8347705047159921, -0.5456972583148046, 0.07329874981139167, 0.0, -0.5459485926913153, -0.8376179909229551, -0.01833672327775067, 0.0, 0.07140265117332803, -0.02471039356015669, -0.9971414432544272, 0.0, 0.45589239893935163, 0.08253527131756415, 0.48245579651501996, 1.0]",
  "1783609828.5351262": "[0.8347726269790174, -0.5456938278055219, 0.07330011965547932, 0.0, -0.5459450914303032, -0.837620244523055, -0.01833802356567741, 0.0, 0.07140461042333417, -0.024709760421639165, -0.9971413186455553, 0.0, 0.4558917009920751, 0.0825375966510026, 0.4824566387205248, 1.0]",
  "1783609828.5684397": "[0.8347726269790174, -0.5456938278055219, 0.07330011965547932, 0.0, -0.5459450914303032, -0.837620244523055, -0.01833802356567741, 0.0, 0.07140461042333417, -0.024709760421639165, -0.9971413186455553, 0.0, 0.4558917009920751, 0.0825375966510026, 0.4824566387205248, 1.0]",
  "1783609828.6026156": "[0.834772714552654, -0.5456937737373181, 0.07329952484646862, 0.0, -0.5459451507957261, -0.837620245086381, -0.0183362303667512, 0.0, 0.0714031327115636, -0.024710935347644687, -0.9971413953463266, 0.0, 0.45589144094440076, 0.08253658743574484, 0.48245618388069933, 1.0]",
  "1783609828.6365502": "[0.834772714552654, -0.5456937737373181, 0.07329952484646862, 0.0, -0.5459451507957261, -0.837620245086381, -0.0183362303667512, 0.0, 0.0714031327115636, -0.024710935347644687, -0.9971413953463266, 0.0, 0.45589144094440076, 0.08253658743574484, 0.48245618388069933, 1.0]",
  "1783609828.6691139": "[0.8347711824132112, -0.5456961775138777, 0.07329907816058595, 0.0, -0.5459475423004577, -0.837618683480978, -0.018336361135290663, 0.0, 0.07140275953028144, -0.02471078570859881, -0.9971414257772693, 0.0, 0.4558920289758031, 0.08253746351819992, 0.4824557205678851, 1.0]",
  "1783609828.70187": "[0.8347711824132112, -0.5456961775138777, 0.07329907816058595, 0.0, -0.5459475423004577, -0.837618683480978, -0.018336361135290663, 0.0, 0.07140275953028144, -0.02471078570859881, -0.9971414257772693, 0.0, 0.4558920289758031, 0.08253746351819992, 0.4824557205678851, 1.0]",
  "1783609828.7355332": "[0.8347736716332372, -0.545692015837458, 0.07330171211653891, 0.0, -0.5459432003631778, -0.8376214426822906, -0.0183395947624177, 0.0, 0.07140685628968305, -0.02470916044891447, -0.9971411726855604, 0.0, 0.4558919151049182, 0.08253757505282162, 0.4824577304866989, 1.0]",
  "1783609828.7688563": "[0.8347736716332372, -0.545692015837458, 0.07330171211653891, 0.0, -0.5459432003631778, -0.8376214426822906, -0.0183395947624177, 0.0, 0.07140685628968305, -0.02470916044891447, -0.9971411726855604, 0.0, 0.4558919151049182, 0.08253757505282162, 0.4824577304866989, 1.0]",
  "1783609828.8023152": "[0.8347696438643493, -0.5456988409629111, 0.07329677110434643, 0.0, -0.5459502449122686, -0.8376169486846436, -0.01833513993567721, 0.0, 0.07140008237265125, -0.024710771901388165, -0.9971416178202652, 0.0, 0.455890879785813, 0.08253633251899598, 0.4824544206705025, 1.0]",
  "1783609828.8357346": "[0.8347696438643493, -0.5456988409629111, 0.07329677110434643, 0.0, -0.5459502449122686, -0.8376169486846436, -0.01833513993567721, 0.0, 0.07140008237265125, -0.024710771901388165, -0.9971416178202652, 0.0, 0.455890879785813, 0.08253633251899598, 0.4824544206705025, 1.0]",
  "1783609828.868536": "[0.8347719449829376, -0.5456951845268398, 0.07329778614406872, 0.0, -0.5459465671545327, -0.8376193353770724, -0.018335616015082642, 0.0, 0.07140130027936943, -0.024710616882010553, -0.9971415344532217, 0.0, 0.4558910257212206, 0.08253681551263202, 0.4824553231290225, 1.0]",
  "1783609828.9023514": "[0.8347719449829376, -0.5456951845268398, 0.07329778614406872, 0.0, -0.5459465671545327, -0.8376193353770724, -0.018335616015082642, 0.0, 0.07140130027936943, -0.024710616882010553, -0.9971415344532217, 0.0, 0.4558910257212206, 0.08253681551263202, 0.4824553231290225, 1.0]",
  "1783609828.93511": "[0.834768328392719, -0.5457004466968941, 0.07329979800269489, 0.0, -0.5459518654050807, -0.8376158722891345, -0.01833606146436901, 0.0, 0.07140307117441251, -0.024711798075469416, -0.9971413783725653, 0.0, 0.45589247458908577, 0.08253362002518436, 0.4824563992772628, 1.0]",
  "1783609828.9684289": "[0.834768328392719, -0.5457004466968941, 0.07329979800269489, 0.0, -0.5459518654050807, -0.8376158722891345, -0.01833606146436901, 0.0, 0.07140307117441251, -0.024711798075469416, -0.9971413783725653, 0.0, 0.45589247458908577, 0.08253362002518436, 0.4824563992772628, 1.0]",
  "1783609829.0038514": "[0.8347731355528986, -0.5456931352996656, 0.07329948325877184, 0.0, -0.5459445626330087, -0.8376206447904107, -0.018335483422844773, 0.0, 0.0714027078662636, -0.024711485340169412, -0.9971414121385429, 0.0, 0.4558919063974925, 0.0825350027238568, 0.4824557330107253, 1.0]",
  "1783609829.0351331": "[0.8347731355528986, -0.5456931352996656, 0.07329948325877184, 0.0, -0.5459445626330087, -0.8376206447904107, -0.018335483422844773, 0.0, 0.0714027078662636, -0.024711485340169412, -0.9971414121385429, 0.0, 0.4558919063974925, 0.0825350027238568, 0.4824557330107253, 1.0]",
  "1783609829.0688393": "[0.8347757736443584, -0.5456885938623199, 0.07330324866625657, 0.0, -0.545940231948439, -0.837623507962618, -0.018333631622859812, 0.0, 0.07140497795355405, -0.024714721057746736, -0.9971411693870083, 0.0, 0.4558914388443606, 0.08253816515187809, 0.4824567996946084, 1.0]",
  "1783609829.1026077": "[0.8347757736443584, -0.5456885938623199, 0.07330324866625657, 0.0, -0.545940231948439, -0.837623507962618, -0.018333631622859812, 0.0, 0.07140497795355405, -0.024714721057746736, -0.9971411693870083, 0.0, 0.4558914388443606, 0.08253816515187809, 0.4824567996946084, 1.0]",
  "1783609829.1350906": "[0.8351269523389169, -0.5449443452897883, 0.07482402029961015, 0.0, -0.5452056197773324, -0.838093925347517, -0.018692363649495322, 0.0, 0.07289585475407544, -0.025183979675066866, -0.9970215451671032, 0.0, 0.4550978370289949, 0.0817956334993426, 0.48205714870658395, 1.0]",
  "1783609829.1686425": "[0.8351269523389169, -0.5449443452897883, 0.07482402029961015, 0.0, -0.5452056197773324, -0.838093925347517, -0.018692363649495322, 0.0, 0.07289585475407544, -0.025183979675066866, -0.9970215451671032, 0.0, 0.4550978370289949, 0.0817956334993426, 0.48205714870658395, 1.0]",
  "1783609829.2019975": "[0.8347643935750401, -0.5452128519794508, 0.07688532536010448, 0.0, -0.5455442360995886, -0.8378781963012663, -0.018482819629417065, 0.0, 0.07449760853753659, -0.026515546371339335, -0.9968686132699824, 0.0, 0.45306214501668535, 0.07937171062780589, 0.48062375027800913, 1.0]",
  "1783609829.235371": "[0.8347643935750401, -0.5452128519794508, 0.07688532536010448, 0.0, -0.5455442360995886, -0.8378781963012663, -0.018482819629417065, 0.0, 0.07449760853753659, -0.026515546371339335, -0.9968686132699824, 0.0, 0.45306214501668535, 0.07937171062780589, 0.48062375027800913, 1.0]",
  "1783609829.268448": "[0.834213569772576, -0.5459042359194879, 0.07795053054633777, 0.0, -0.5462941341831526, -0.837397306104642, -0.018123760254663702, 0.0, 0.07516940178274101, -0.027464830854183643, -0.9967924779520441, 0.0, 0.45137162525029945, 0.07679635771155732, 0.47895430493530516, 1.0]",
  "1783609829.301766": "[0.834213569772576, -0.5459042359194879, 0.07795053054633777, 0.0, -0.5462941341831526, -0.837397306104642, -0.018123760254663702, 0.0, 0.07516940178274101, -0.027464830854183643, -0.9967924779520441, 0.0, 0.45137162525029945, 0.07679635771155732, 0.47895430493530516, 1.0]",
  "1783609829.3353715": "[0.8333351826727335, -0.547210466415546, 0.07818681963785408, 0.0, -0.5476614739249052, -0.8365176800100715, -0.017466568322611963, 0.0, 0.07496254596931907, -0.028264402980578248, -0.996785704264437, 0.0, 0.44956085911412547, 0.07391699155650854, 0.47661064855957147, 1.0]",
  "1783609829.3685234": "[0.8333351826727335, -0.547210466415546, 0.07818681963785408, 0.0, -0.5476614739249052, -0.8365176800100715, -0.017466568322611963, 0.0, 0.07496254596931907, -0.028264402980578248, -0.996785704264437, 0.0, 0.44956085911412547, 0.07391699155650854, 0.47661064855957147, 1.0]",
  "1783609829.4027114": "[0.832835512726506, -0.5480053771287011, 0.07794302649761516, 0.0, -0.5485325435820324, -0.8359684632727256, -0.01639442115059895, 0.0, 0.0741421430294774, -0.02910043043440525, -0.9968230071459669, 0.0, 0.447726571154041, 0.07123962327129885, 0.47419837274041965, 1.0]",
  "1783609829.4359398": "[0.832835512726506, -0.5480053771287011, 0.07794302649761516, 0.0, -0.5485325435820324, -0.8359684632727256, -0.01639442115059895, 0.0, 0.0741421430294774, -0.02910043043440525, -0.9968230071459669, 0.0, 0.447726571154041, 0.07123962327129885, 0.47419837274041965, 1.0]",
  "1783609829.468772": "[0.832777334412699, -0.5480823718092501, 0.07802323372192847, 0.0, -0.5486698229746271, -0.8358932393341727, -0.015617867729451493, 0.0, 0.07377897156691098, -0.029802787577175728, -0.9968292016224034, 0.0, 0.44594276889632867, 0.0686647972330261, 0.4718594474801332, 1.0]",
  "1783609829.5017657": "[0.832777334412699, -0.5480823718092501, 0.07802323372192847, 0.0, -0.5486698229746271, -0.8358932393341727, -0.015617867729451493, 0.0, 0.07377897156691098, -0.029802787577175728, -0.9968292016224034, 0.0, 0.44594276889632867, 0.0686647972330261, 0.4718594474801332, 1.0]",
  "1783609829.536204": "[0.8330743598783326, -0.5475779613091561, 0.07839315787627649, 0.0, -0.5482266676948467, -0.8361967616040791, -0.014916323644084885, 0.0, 0.07371995483931526, -0.030550812941053024, -0.9968109229373092, 0.0, 0.4440443180630301, 0.0662360749370429, 0.4697453245801414, 1.0]",
  "1783609829.5684242": "[0.8330743598783326, -0.5475779613091561, 0.07839315787627649, 0.0, -0.5482266676948467, -0.8361967616040791, -0.014916323644084885, 0.0, 0.07371995483931526, -0.030550812941053024, -0.9968109229373092, 0.0, 0.4440443180630301, 0.0662360749370429, 0.4697453245801414, 1.0]",
  "1783609829.6017458": "[0.8328640541351559, -0.5478328807569749, 0.07884543164360443, 0.0, -0.548532510987403, -0.8360046785544581, -0.014431279392765603, 0.0, 0.07382107909944656, -0.03122998873793608, -0.9967823915399099, 0.0, 0.4421003900566435, 0.06379830480538737, 0.46767721336458545, 1.0]",
  "1783609829.6350913": "[0.8328640541351559, -0.5478328807569749, 0.07884543164360443, 0.0, -0.548532510987403, -0.8360046785544581, -0.014431279392765603, 0.0, 0.07382107909944656, -0.03122998873793608, -0.9967823915399099, 0.0, 0.4421003900566435, 0.06379830480538737, 0.46767721336458545, 1.0]",
  "1783609829.6684673": "[0.83278749866184, -0.5478472479706662, 0.07955108398710391, 0.0, -0.5485802407204903, -0.835975885844567, -0.014284179270804113, 0.0, 0.0743283362090444, -0.03174446687785114, -0.9967284420839189, 0.0, 0.44016456359316186, 0.06141870714221176, 0.46565938664054796, 1.0]",
  "1783609829.7024345": "[0.83278749866184, -0.5478472479706662, 0.07955108398710391, 0.0, -0.5485802407204903, -0.835975885844567, -0.014284179270804113, 0.0, 0.0743283362090444, -0.03174446687785114, -0.9967284420839189, 0.0, 0.44016456359316186, 0.06141870714221176, 0.46565938664054796, 1.0]",
  "1783609829.7359767": "[0.833108884568977, -0.5473828947420653, 0.07938232168456662, 0.0, -0.548163721721762, -0.8362613876715614, -0.013543473623152488, 0.0, 0.07379783628522997, -0.03223132069015224, -0.9967522366798014, 0.0, 0.438205747399112, 0.05885217000829424, 0.463336326001499, 1.0]",
  "1783609829.7684374": "[0.833108884568977, -0.5473828947420653, 0.07938232168456662, 0.0, -0.548163721721762, -0.8362613876715614, -0.013543473623152488, 0.0, 0.07379783628522997, -0.03223132069015224, -0.9967522366798014, 0.0, 0.438205747399112, 0.05885217000829424, 0.463336326001499, 1.0]",
  "1783609829.8018172": "[0.8333137440374001, -0.5470979830201265, 0.07919596564017432, 0.0, -0.5479089518808148, -0.8364363585562049, -0.013038348595697032, 0.0, 0.07337563933102888, -0.032527143442751864, -0.9967737960501457, 0.0, 0.4363350389994806, 0.0561927125100916, 0.4610646728695412, 1.0]",
