{
  "1783609566.0390544": "[0.8185234948348963, -0.5706679788863803, 0.06601019828027636, 0.0, -0.5708796616161661, -0.8208478676399307, -0.01746969215500148, 0.0, 0.06415372441471583, -0.023384526181058622, -0.9976660080302466, 0.0, 0.45579304620194094, 0.08213426780259506, 0.4787577948500444, 1.0]",
  "1783609566.0725174": "[0.8187125658093315, -0.5703822303230209, 0.06613505815856911, 0.0, -0.5705931980048949, -0.8210460827412791, -0.017513777597864308, 0.0, 0.06428947796061106, -0.023397464540776187, -0.9976569659339902, 0.0, 0.45575040521076904, 0.08230201573274867, 0.47881230195544416, 1.0]",
  "1783609566.1057913": "[0.8187125658093315, -0.5703822303230209, 0.06613505815856911, 0.0, -0.5705931980048949, -0.8210460827412791, -0.017513777597864308, 0.0, 0.06428947796061106, -0.023397464540776187, -0.9976569659339902, 0.0, 0.45575040521076904, 0.08230201573274867, 0.47881230195544416, 1.0]",
  "1783609566.1395109": "[0.8187091395405764, -0.5703882053523909, 0.06612594065575007, 0.0, -0.5705992811864055, -0.8210419562877922, -0.017509035515186348, 0.0, 0.06427911902232593, -0.023396606805122292, -0.9976576535303678, 0.0, 0.4557509098548275, 0.08230001811141913, 0.4788091557597431, 1.0]",
  "1783609566.172457": "[0.8187091395405764, -0.5703882053523909, 0.06612594065575007, 0.0, -0.5705992811864055, -0.8210419562877922, -0.017509035515186348, 0.0, 0.06427911902232593, -0.023396606805122292, -0.9976576535303678, 0.0, 0.4557509098548275, 0.08230001811141913, 0.4788091557597431, 1.0]",
  "1783609566.2057867": "[0.818711731719714, -0.5703836591230718, 0.06613306094445145, 0.0, -0.5705947557242961, -0.8210450570616474, -0.01751111117450162, 0.0, 0.06428627446382174, -0.02339862560088662, -0.997657145133312, 0.0, 0.4557500441101972, 0.08230102186871308, 0.4788107322869085, 1.0]",
  "1783609566.2397318": "[0.818711731719714, -0.5703836591230718, 0.06613306094445145, 0.0, -0.5705947557242961, -0.8210450570616474, -0.01751111117450162, 0.0, 0.06428627446382174, -0.02339862560088662, -0.997657145133312, 0.0, 0.4557500441101972, 0.08230102186871308, 0.4788107322869085, 1.0]",
  "1783609566.2724566": "[0.8187126929068349, -0.5703824590963766, 0.06613151161442377, 0.0, -0.5705935747528255, -0.8210458972902532, -0.017510196847372216, 0.0, 0.06428451542969119, -0.02339839520164119, -0.9976572638827208, 0.0, 0.4557503216683753, 0.0822985058142568, 0.4788113066555634, 1.0]",
  "1783609566.3057966": "[0.8187126929068349, -0.5703824590963766, 0.06613151161442377, 0.0, -0.5705935747528255, -0.8210458972902532, -0.017510196847372216, 0.0, 0.06428451542969119, -0.02339839520164119, -0.9976572638827208, 0.0, 0.4557503216683753, 0.0822985058142568, 0.4788113066555634, 1.0]",
  "1783609566.3393846": "[0.8187141373072627, -0.5703806335660262, 0.06612937491042206, 0.0, -0.5705917493887567, -0.8210471842511593, -0.017509333588723065, 0.0, 0.06428232185214605, -0.023397736772206197, -0.9976574206666513, 0.0, 0.45575049450934635, 0.08230263346108227, 0.47881022161294073, 1.0]",
  "1783609566.3732502": "[0.8187141373072627, -0.5703806335660262, 0.06612937491042206, 0.0, -0.5705917493887567, -0.8210471842511593, -0.017509333588723065, 0.0, 0.06428232185214605, -0.023397736772206197, -0.9976574206666513, 0.0, 0.45575049450934635, 0.08230263346108227, 0.47881022161294073, 1.0]",
  "1783609566.4058268": "[0.8187156638913428, -0.5703784298403292, 0.06612948262188836, 0.0, -0.5705894477456035, -0.8210487526184129, -0.0175107951023257, 0.0, 0.0642833090337227, -0.023396422731459907, -0.9976573878757407, 0.0, 0.4557508951899574, 0.08230112399616984, 0.47881081799565844, 1.0]",
  "1783609566.4391224": "[0.8187156638913428, -0.5703784298403292, 0.06612948262188836, 0.0, -0.5705894477456035, -0.8210487526184129, -0.0175107951023257, 0.0, 0.0642833090337227, -0.023396422731459907, -0.9976573878757407, 0.0, 0.4557508951899574, 0.08230112399616984, 0.47881081799565844, 1.0]",
  "1783609566.4725266": "[0.8187152333178553, -0.5703797197483668, 0.06612368738254208, 0.0, -0.570591046938696, -0.8210477875048048, -0.017503936324929113, 0.0, 0.06427459752260191, -0.023398844698806518, -0.9976578923559258, 0.0, 0.4557492530934197, 0.08230103152563285, 0.4788064986441864, 1.0]",
  "1783609566.5057964": "[0.8187152333178553, -0.5703797197483668, 0.06612368738254208, 0.0, -0.570591046938696, -0.8210477875048048, -0.017503936324929113, 0.0, 0.06427459752260191, -0.023398844698806518, -0.9976578923559258, 0.0, 0.4557492530934197, 0.08230103152563285, 0.4788064986441864, 1.0]",
  "1783609566.5395803": "[0.8187157819960551, -0.5703784004411169, 0.06612827398942756, 0.0, -0.5705896308917581, -0.8210487051219362, -0.01750705390404078, 0.0, 0.06428017913319131, -0.023398806119642686, -0.9976575336470828, 0.0, 0.45574965207080437, 0.08230122823021759, 0.47880942153410977, 1.0]",
  "1783609566.5729022": "[0.8187157819960551, -0.5703784004411169, 0.06612827398942756, 0.0, -0.5705896308917581, -0.8210487051219362, -0.01750705390404078, 0.0, 0.06428017913319131, -0.023398806119642686, -0.9976575336470828, 0.0, 0.45574965207080437, 0.08230122823021759, 0.47880942153410977, 1.0]",
  "1783609566.6058762": "[0.8187096440476845, -0.5703868792391964, 0.06613113287313468, 0.0, -0.5705978512017567, -0.8210428765318032, -0.017512484127644515, 0.0, 0.06428538673175849, -0.023396642668413938, -0.9976572488408009, 0.0, 0.45575038827195374, 0.08229947119847783, 0.4788120586667609, 1.0]",
  "1783609566.6391451": "[0.8187096440476845, -0.5703868792391964, 0.06613113287313468, 0.0, -0.5705978512017567, -0.8210428765318032, -0.017512484127644515, 0.0, 0.06428538673175849, -0.023396642668413938, -0.9976572488408009, 0.0, 0.45575038827195374, 0.08229947119847783, 0.4788120586667609, 1.0]",
  "1783609566.6732793": "[0.8187128204240276, -0.570382541431796, 0.06612922276225135, 0.0, -0.5705936438342438, -0.82104586263464, -0.017509570711474038, 0.0, 0.06428227818998124, -0.023397604158234563, -0.9976574265900897, 0.0, 0.45575012228282274, 0.08229997083745068, 0.47880973998495024, 1.0]",
  "1783609566.7060933": "[0.8187128204240276, -0.570382541431796, 0.06612922276225135, 0.0, -0.5705936438342438, -0.82104586263464, -0.017509570711474038, 0.0, 0.06428227818998124, -0.023397604158234563, -0.9976574265900897, 0.0, 0.45575012228282274, 0.08229997083745068, 0.47880973998495024, 1.0]",
  "1783609566.7394428": "[0.8187101089608588, -0.5703863809553315, 0.0661296749272089, 0.0, -0.5705976851450211, -0.8210431137141974, -0.017506773821556326, 0.0, 0.06428093957342433, -0.023400466729858647, -0.9976574457018714, 0.0, 0.4557488162169783, 0.08229966871525396, 0.478809386890518, 1.0]",
  "1783609566.7740345": "[0.8187101089608588, -0.5703863809553315, 0.0661296749272089, 0.0, -0.5705976851450211, -0.8210431137141974, -0.017506773821556326, 0.0, 0.06428093957342433, -0.023400466729858647, -0.9976574457018714, 0.0, 0.4557488162169783, 0.08229966871525396, 0.478809386890518, 1.0]",
  "1783609566.805976": "[0.8187143223322535, -0.5703804008204558, 0.06612909169144261, 0.0, -0.5705914623439146, -0.8210473681869481, -0.01751006263607917, 0.0, 0.06428251323861044, -0.02339695606660218, -0.9976574266443092, 0.0, 0.455750647091587, 0.08230062231637449, 0.4788098233638076, 1.0]",
  "1783609566.8391225": "[0.8187143223322535, -0.5703804008204558, 0.06612909169144261, 0.0, -0.5705914623439146, -0.8210473681869481, -0.01751006263607917, 0.0, 0.06428251323861044, -0.02339695606660218, -0.9976574266443092, 0.0, 0.455750647091587, 0.08230062231637449, 0.4788098233638076, 1.0]",
  "1783609566.8725262": "[0.8187124186402542, -0.5703827304032001, 0.06613256703028758, 0.0, -0.5705937432418398, -0.8210457376932676, -0.01751218972555696, 0.0, 0.06428651287393397, -0.023397381766105924, -0.9976571589423899, 0.0, 0.45575129804338693, 0.0822999979044734, 0.4788113307906751, 1.0]",
  "1783609566.9057999": "[0.8187124186402542, -0.5703827304032001, 0.06613256703028758, 0.0, -0.5705937432418398, -0.8210457376932676, -0.01751218972555696, 0.0, 0.06428651287393397, -0.023397381766105924, -0.9976571589423899, 0.0, 0.45575129804338693, 0.0822999979044734, 0.4788113307906751, 1.0]",
  "1783609566.9391158": "[0.8187128193977282, -0.5703829646846114, 0.06612558469621424, 0.0, -0.5705941711225538, -0.821045558541958, -0.01750664672315709, 0.0, 0.06427761068045726, -0.023397957092814656, -0.99765771904451, 0.0, 0.4557497214953196, 0.08230131572046831, 0.4788079665214012, 1.0]",
  "1783609566.9727786": "[0.8187128193977282, -0.5703829646846114, 0.06612558469621424, 0.0, -0.5705941711225538, -0.821045558541958, -0.01750664672315709, 0.0, 0.06427761068045726, -0.023397957092814656, -0.99765771904451, 0.0, 0.4557497214953196, 0.08230131572046831, 0.4788079665214012, 1.0]",
  "1783609567.0082521": "[0.8188407642793203, -0.570152084224597, 0.06653122281160101, 0.0, -0.5703571577971317, -0.8212052395541307, -0.017738857866852475, 0.0, 0.06474963555137989, -0.023421259214456737, -0.9976266482571385, 0.0, 0.45566734861275904, 0.08222204611140368, 0.4788379022399343, 1.0]",
  "1783609567.039435": "[0.8188407642793203, -0.570152084224597, 0.06653122281160101, 0.0, -0.5703571577971317, -0.8212052395541307, -0.017738857866852475, 0.0, 0.06474963555137989, -0.023421259214456737, -0.9976266482571385, 0.0, 0.45566734861275904, 0.08222204611140368, 0.4788379022399343, 1.0]",
  "1783609567.072468": "[0.8191727020721082, -0.5693893090875992, 0.06893401828290076, 0.0, -0.5696369492871589, -0.821700661440258, -0.01793792060028305, 0.0, 0.06685678863585774, -0.024573108989088016, -0.997459940111838, 0.0, 0.4539521818657337, 0.0804768175199146, 0.4777645708020801, 1.0]",
  "1783609567.1098223": "[0.8191727020721082, -0.5693893090875992, 0.06893401828290076, 0.0, -0.5696369492871589, -0.821700661440258, -0.01793792060028305, 0.0, 0.06685678863585774, -0.024573108989088016, -0.997459940111838, 0.0, 0.4539521818657337, 0.0804768175199146, 0.4777645708020801, 1.0]",
  "1783609567.1391473": "[0.8186027865893402, -0.5700572869156996, 0.07017241211814544, 0.0, -0.570367256432098, -0.8212031662889501, -0.017508639785108738, 0.0, 0.0676067347110375, -0.025691424859570117, -0.9973812110273568, 0.0, 0.4521248562741009, 0.07793800570769055, 0.476123078685178, 1.0]",
  "1783609567.1726685": "[0.8186027865893402, -0.5700572869156996, 0.07017241211814544, 0.0, -0.570367256432098, -0.8212031662889501, -0.017508639785108738, 0.0, 0.0676067347110375, -0.025691424859570117, -0.9973812110273568, 0.0, 0.4521248562741009, 0.07793800570769055, 0.476123078685178, 1.0]",
  "1783609567.2057958": "[0.8178138083565886, -0.5710827301428593, 0.07102879834173714, 0.0, -0.5714470726552529, -0.8204609799258025, -0.017088697227520232, 0.0, 0.06803541735769084, -0.026613826327114967, -0.9973278729852058, 0.0, 0.4504500355400821, 0.07513087555638952, 0.4741482765435778, 1.0]",
  "1783609567.2392752": "[0.8178138083565886, -0.5710827301428593, 0.07102879834173714, 0.0, -0.5714470726552529, -0.8204609799258025, -0.017088697227520232, 0.0, 0.06803541735769084, -0.026613826327114967, -0.9973278729852058, 0.0, 0.4504500355400821, 0.07513087555638952, 0.4741482765435778, 1.0]",
  "1783609567.2724574": "[0.8172110414954837, -0.5719533213846865, 0.07096134028393487, 0.0, -0.5723849872196752, -0.8198267197670595, -0.01611136125582859, 0.0, 0.06739094941755212, -0.027450823539725413, -0.9973489420576893, 0.0, 0.4486387047962103, 0.07231916603849052, 0.47178455036694755, 1.0]",
  "1783609567.3057969": "[0.8172110414954837, -0.5719533213846865, 0.07096134028393487, 0.0, -0.5723849872196752, -0.8198267197670595, -0.01611136125582859, 0.0, 0.06739094941755212, -0.027450823539725413, -0.9973489420576893, 0.0, 0.4486387047962103, 0.07231916603849052, 0.47178455036694755, 1.0]",
  "1783609567.339153": "[0.8169493752306469, -0.5723168409779597, 0.07104330963056577, 0.0, -0.5728036554139463, -0.8195489803548042, -0.015344091495505922, 0.0, 0.0670051539411455, -0.028158521488357433, -0.9973552060389086, 0.0, 0.4468067856407549, 0.06978983222842346, 0.4694665043903062, 1.0]",
  "1783609567.3725398": "[0.8169493752306469, -0.5723168409779597, 0.07104330963056577, 0.0, -0.5728036554139463, -0.8195489803548042, -0.015344091495505922, 0.0, 0.0670051539411455, -0.028158521488357433, -0.9973552060389086, 0.0, 0.4468067856407549, 0.06978983222842346, 0.4694665043903062, 1.0]",
  "1783609567.40582": "[0.8164780234529279, -0.5729654204422718, 0.07123386972368427, 0.0, -0.5735009291817796, -0.8190724652322234, -0.014730272436163025, 0.0, 0.06678563802222447, -0.028825746752145227, -0.9973508684901948, 0.0, 0.4449429035702692, 0.06734527551745052, 0.4672397680190018, 1.0]",
  "1783609567.4391696": "[0.8164780234529279, -0.5729654204422718, 0.07123386972368427, 0.0, -0.5735009291817796, -0.8190724652322234, -0.014730272436163025, 0.0, 0.06678563802222447, -0.028825746752145227, -0.9973508684901948, 0.0, 0.4449429035702692, 0.06734527551745052, 0.4672397680190018, 1.0]",
  "1783609567.4725273": "[0.8165895531809354, -0.5727973614513848, 0.07130697266110717, 0.0, -0.5733695878087894, -0.8191736902691937, -0.014204962046073806, 0.0, 0.0665493607162318, -0.029285625912436074, -0.9973532647478416, 0.0, 0.4431002285863278, 0.06487832974100381, 0.46499684673857733, 1.0]",
  "1783609567.5060756": "[0.8165895531809354, -0.5727973614513848, 0.07130697266110717, 0.0, -0.5733695878087894, -0.8191736902691937, -0.014204962046073806, 0.0, 0.0665493607162318, -0.029285625912436074, -0.9973532647478416, 0.0, 0.4431002285863278, 0.06487832974100381, 0.46499684673857733, 1.0]",
  "1783609567.5391521": "[0.8169899604361144, -0.5721646009591912, 0.07179884369407225, 0.0, -0.5727698947067825, -0.8195983602369297, -0.013898763057110453, 0.0, 0.06679859477696717, -0.0297690662625829, -0.9973222901498178, 0.0, 0.4411601619556632, 0.062447828008955514, 0.46298126426883685, 1.0]",
  "1783609567.5729368": "[0.8169899604361144, -0.5721646009591912, 0.07179884369407225, 0.0, -0.5727698947067825, -0.8195983602369297, -0.013898763057110453, 0.0, 0.06679859477696717, -0.0297690662625829, -0.9973222901498178, 0.0, 0.4411601619556632, 0.062447828008955514, 0.46298126426883685, 1.0]",
  "1783609567.605909": "[0.8170858392042759, -0.5720027366506502, 0.07199722658555105, 0.0, -0.5726271889365235, -0.8197015141269401, -0.013694167687627191, 0.0, 0.06684933703859225, -0.030038258973661087, -0.9973108187196869, 0.0, 0.43924762693467956, 0.060050970783292454, 0.46095575049147663, 1.0]",
  "1783609567.642344": "[0.8170858392042759, -0.5720027366506502, 0.07199722658555105, 0.0, -0.5726271889365235, -0.8197015141269401, -0.013694167687627191, 0.0, 0.06684933703859225, -0.030038258973661087, -0.9973108187196869, 0.0, 0.43924762693467956, 0.060050970783292454, 0.46095575049147663, 1.0]",
  "1783609567.6726205": "[0.8166051204653589, -0.5726748211345365, 0.07210843548630971, 0.0, -0.5733181061634651, -0.8192217145090877, -0.013495614914802936, 0.0, 0.06680139500709792, -0.030320483428164742, -0.9973054907648851, 0.0, 0.4373215396555462, 0.057465982586192635, 0.4587382130708479, 1.0]",
  "1783609567.7066875": "[0.8166051204653589, -0.5726748211345365, 0.07210843548630971, 0.0, -0.5733181061634651, -0.8192217145090877, -0.013495614914802936, 0.0, 0.06680139500709792, -0.030320483428164742, -0.9973054907648851, 0.0, 0.4373215396555462, 0.057465982586192635, 0.4587382130708479, 1.0]",
  "1783609567.7394924": "[0.8165176998540353, -0.5728012816466374, 0.07209394960081755, 0.0, -0.5734716783852106, -0.8191208087033734, -0.01308949346543132, 0.0, 0.06655133293274626, -0.030656035182351216, -0.9973119509921524, 0.0, 0.4354103701177415, 0.05489607153012126, 0.45651171363873577, 1.0]",
  "1783609567.7735875": "[0.8165176998540353, -0.5728012816466374, 0.07209394960081755, 0.0, -0.5734716783852106, -0.8191208087033734, -0.01308949346543132, 0.0, 0.06655133293274626, -0.030656035182351216, -0.9973119509921524, 0.0, 0.4354103701177415, 0.05489607153012126, 0.45651171363873577, 1.0]",
  "1783609567.805787": "[0.8168007152712842, -0.572426660808591, 0.07186313051798453, 0.0, -0.573119095259487, -0.8193747079435145, -0.012632918563334868, 0.0, 0.06611425096955685, -0.03086755542648591, -0.9973344974684912, 0.0, 0.43338554893039527, 0.052455532635000926, 0.4541199234367559, 1.0]",
  "1783609567.839225": "[0.8168007152712842, -0.572426660808591, 0.07186313051798453, 0.0, -0.573119095259487, -0.8193747079435145, -0.012632918563334868, 0.0, 0.06611425096955685, -0.03086755542648591, -0.9973344974684912, 0.0, 0.43338554893039527, 0.052455532635000926, 0.4541199234367559, 1.0]",
  "1783609567.8724475": "[0.8164801096072011, -0.5728232425814601, 0.07234475360573642, 0.0, -0.5735221268020789, -0.8190903688974867, -0.012780361802387855, 0.0, 0.06657777920772845, -0.03105640574570099, -0.9972977985426048, 0.0, 0.4313904333882388, 0.0500918395605584, 0.4520942578387416, 1.0]",
  "1783609567.9066653": "[0.8164801096072011, -0.5728232425814601, 0.07234475360573642, 0.0, -0.5735221268020789, -0.8190903688974867, -0.012780361802387855, 0.0, 0.06657777920772845, -0.03105640574570099, -0.9972977985426048, 0.0, 0.4313904333882388, 0.0500918395605584, 0.4520942578387416, 1.0]",
  "1783609567.9391732": "[0.8160048545736943, -0.5734756392897096, 0.07253804831550788, 0.0, -0.5741976498619878, -0.8186204253615996, -0.012556196628109384, 0.0, 0.06658180085529365, -0.031405259464820846, -0.9972866054815002, 0.0, 0.4292976759343588, 0.04758548854990131, 0.4499933143309599, 1.0]",
  "1783609567.9726787": "[0.8160048545736943, -0.5734756392897096, 0.07253804831550788, 0.0, -0.5741976498619878, -0.8186204253615996, -0.012556196628109384, 0.0, 0.06658180085529365, -0.031405259464820846, -0.9972866054815002, 0.0, 0.4292976759343588, 0.04758548854990131, 0.4499933143309599, 1.0]",
  "1783609568.0057898": "[0.8161642361423689, -0.5732623639613759, 0.07243066828049244, 0.0, -0.5739995807663099, -0.8187637071374851, -0.012266749960089921, 0.0, 0.06633566855202569, -0.03156349061650009, -0.9972980121998933, 0.0, 0.42725784398943883, 0.0452289472056682, 0.4478238091016657, 1.0]",
  "1783609568.041215": "[0.8161642361423689, -0.5732623639613759, 0.07243066828049244, 0.0, -0.5739995807663099, -0.8187637071374851, -0.012266749960089921, 0.0, 0.06633566855202569, -0.03156349061650009, -0.9972980121998933, 0.0, 0.42725784398943883, 0.0452289472056682, 0.4478238091016657, 1.0]",
  "1783609568.07307": "[0.8168491253627006, -0.5722791622171459, 0.07248494247933522, 0.0, -0.573045569423092, -0.8194384575573748, -0.011806338998821029, 0.0, 0.06615347125249839, -0.03189317745274822, -0.9972996257259965, 0.0, 0.425143680632602, 0.04285444348953895, 0.4455477366951047, 1.0]",
  "1783609568.106108": "[0.8168491253627006, -0.5722791622171459, 0.07248494247933522, 0.0, -0.573045569423092, -0.8194384575573748, -0.011806338998821029, 0.0, 0.06615347125249839, -0.03189317745274822, -0.9972996257259965, 0.0, 0.425143680632602, 0.04285444348953895, 0.4455477366951047, 1.0]",
  "1783609568.1407223": "[0.8164140221873333, -0.5729184563830929, 0.07233662081901786, 0.0, -0.5737009356421316, -0.8189838112806489, -0.011521861983405997, 0.0, 0.0658436087957144, -0.03209297736010083, -0.9973137219475727, 0.0, 0.4230583651027966, 0.04040108321769556, 0.4432133023071425, 1.0]",
  "1783609568.1746085": "[0.8164140221873333, -0.5729184563830929, 0.07233662081901786, 0.0, -0.5737009356421316, -0.8189838112806489, -0.011521861983405997, 0.0, 0.0658436087957144, -0.03209297736010083, -0.9973137219475727, 0.0, 0.4230583651027966, 0.04040108321769556, 0.4432133023071425, 1.0]",
  "1783609568.2064126": "[0.8162151598038323, -0.5731579763078765, 0.07268250890733058, 0.0, -0.5739392535654093, -0.8188140015659169, -0.011720241311135747, 0.0, 0.0662310057539923, -0.03214910627482638, -0.9972862622349434, 0.0, 0.42095396257244244, 0.037940539255339946, 0.4411732322538956, 1.0]",
  "1783609568.2391407": "[0.8162151598038323, -0.5731579763078765, 0.07268250890733058, 0.0, -0.5739392535654093, -0.8188140015659169, -0.011720241311135747, 0.0, 0.0662310057539923, -0.03214910627482638, -0.9972862622349434, 0.0, 0.42095396257244244, 0.037940539255339946, 0.4411732322538956, 1.0]",
  "1783609568.2724922": "[0.8161250074692699, -0.5732716373418729, 0.07279836538448209, 0.0, -0.5740628241963159, -0.8187286155599816, -0.011633053725777588, 0.0, 0.06627100466292915, -0.032296809170650455, -0.9972788326533166, 0.0, 0.4188010657851134, 0.03564474429127757, 0.43904861469378614, 1.0]",
  "1783609568.3058636": "[0.8161250074692699, -0.5732716373418729, 0.07279836538448209, 0.0, -0.5740628241963159, -0.8187286155599816, -0.011633053725777588, 0.0, 0.06627100466292915, -0.032296809170650455, -0.9972788326533166, 0.0, 0.4188010657851134, 0.03564474429127757, 0.43904861469378614, 1.0]",
  "1783609568.3422484": "[0.8161691412352544, -0.5731802980237619, 0.07302245444175912, 0.0, -0.5739794791382333, -0.8187872592123602, -0.011618161632269489, 0.0, 0.06644915668019985, -0.0324310053637345, -0.9972626231176958, 0.0, 0.4166459393439738, 0.033358003330534895, 0.4368315688580702, 1.0]",
  "1783609568.37331": "[0.8161691412352544, -0.5731802980237619, 0.07302245444175912, 0.0, -0.5739794791382333, -0.8187872592123602, -0.011618161632269489, 0.0, 0.06644915668019985, -0.0324310053637345, -0.9972626231176958, 0.0, 0.4166459393439738, 0.033358003330534895, 0.4368315688580702, 1.0]",
  "1783609568.4074712": "[0.8156444968369878, -0.5739681811552158, 0.07269512914157575, 0.0, -0.5747717144442603, -0.8182339757245662, -0.011429665120897265, 0.0, 0.06604188863397689, -0.032460560551900886, -0.9972887149438292, 0.0, 0.4144570929331302, 0.03098809696090085, 0.43455441783433646, 1.0]",
  "1783609568.439194": "[0.8156444968369878, -0.5739681811552158, 0.07269512914157575, 0.0, -0.5747717144442603, -0.8182339757245662, -0.011429665120897265, 0.0, 0.06604188863397689, -0.032460560551900886, -0.9972887149438292, 0.0, 0.4144570929331302, 0.03098809696090085, 0.43455441783433646, 1.0]",
  "1783609568.4725318": "[0.8158111630825932, -0.5737945191690283, 0.07219415462078707, 0.0, -0.574607416835323, -0.8183548336197732, -0.011030993109922293, 0.0, 0.06540995878047909, -0.03248408937829857, -0.9973295950835908, 0.0, 0.4122322835715876, 0.028704587035527154, 0.4321245895750041, 1.0]",
  "1783609568.5058048": "[0.8158111630825932, -0.5737945191690283, 0.07219415462078707, 0.0, -0.574607416835323, -0.8183548336197732, -0.011030993109922293, 0.0, 0.06540995878047909, -0.03248408937829857, -0.9973295950835908, 0.0, 0.4122322835715876, 0.028704587035527154, 0.4321245895750041, 1.0]",
  "1783609568.539124": "[0.8161518344366561, -0.5732531414880594, 0.07264309271879904, 0.0, -0.5740711406458002, -0.8187294925182116, -0.011150944287454875, 0.0, 0.06586735627995755, -0.03260143946121234, -0.9972956620389697, 0.0, 0.40999281812155547, 0.026538652516799377, 0.42999978606236733, 1.0]",
  "1783609568.5725143": "[0.8161518344366561, -0.5732531414880594, 0.07264309271879904, 0.0, -0.5740711406458002, -0.8187294925182116, -0.011150944287454875, 0.0, 0.06586735627995755, -0.03260143946121234, -0.9972956620389697, 0.0, 0.40999281812155547, 0.026538652516799377, 0.42999978606236733, 1.0]",
  "1783609568.6063118": "[0.816276830164149, -0.5730612992111139, 0.07275220878873115, 0.0, -0.5738820570790919, -0.8188619959108991, -0.011154201696609906, 0.0, 0.06596606021158893, -0.03264627083280431, -0.9972876715877281, 0.0, 0.40775619315612377, 0.024339307347231248, 0.42787001617451126, 1.0]",
  "1783609568.6392493": "[0.816276830164149, -0.5730612992111139, 0.07275220878873115, 0.0, -0.5738820570790919, -0.8188619959108991, -0.011154201696609906, 0.0, 0.06596606021158893, -0.03264627083280431, -0.9972876715877281, 0.0, 0.40775619315612377, 0.024339307347231248, 0.42787001617451126, 1.0]",
  "1783609568.6747122": "[0.8160807800866786, -0.5733373536509246, 0.0727766396701081, 0.0, -0.5741478650855479, -0.8186731720515508, -0.011334301070620216, 0.0, 0.06607866063129235, -0.032534847035243744, -0.9972838584563413, 0.0, 0.4055358920272697, 0.022068932421990484, 0.4257069834687309, 1.0]",
  "1783609568.7058246": "[0.8160807800866786, -0.5733373536509246, 0.0727766396701081, 0.0, -0.5741478650855479, -0.8186731720515508, -0.011334301070620216, 0.0, 0.06607866063129235, -0.032534847035243744, -0.9972838584563413, 0.0, 0.4055358920272697, 0.022068932421990484, 0.4257069834687309, 1.0]",
  "1783609568.7391372": "[0.8161219773030901, -0.5733116526286107, 0.07251666789880575, 0.0, -0.5741130748263207, -0.8186974608854443, -0.01134217144967873, 0.0, 0.06587181093883764, -0.03237617179312005, -0.9973027063152193, 0.0, 0.40317429661265325, 0.01978156779526815, 0.4233506748816903, 1.0]",
  "1783609568.7724996": "[0.8161219773030901, -0.5733116526286107, 0.07251666789880575, 0.0, -0.5741130748263207, -0.8186974608854443, -0.01134217144967873, 0.0, 0.06587181093883764, -0.03237617179312005, -0.9973027063152193, 0.0, 0.40317429661265325, 0.01978156779526815, 0.4233506748816903, 1.0]",
  "1783609568.8057766": "[0.8161243285062303, -0.5733546749900541, 0.07214913088391316, 0.0, -0.5741311474293181, -0.8186819931869653, -0.011542078795079128, 0.0, 0.06568489911501148, -0.032003291994209176, -0.9973270693858578, 0.0, 0.4009335081815117, 0.01757142415056319, 0.4210374401651178, 1.0]",
  "1783609568.839125": "[0.8161243285062303, -0.5733546749900541, 0.07214913088391316, 0.0, -0.5741311474293181, -0.8186819931869653, -0.011542078795079128, 0.0, 0.06568489911501148, -0.032003291994209176, -0.9973270693858578, 0.0, 0.4009335081815117, 0.01757142415056319, 0.4210374401651178, 1.0]",
  "1783609568.8725157": "[0.8156101572634011, -0.5740616589422264, 0.07234143419416748, 0.0, -0.5748139662431019, -0.8181956154035341, -0.012034913639340892, 0.0, 0.06609822675869757, -0.03176706890682948, -0.9973073135961779, 0.0, 0.3985966604244946, 0.01535803235480207, 0.418884945180593, 1.0]",
  "1783609568.9058096": "[0.8156101572634011, -0.5740616589422264, 0.07234143419416748, 0.0, -0.5748139662431019, -0.8181956154035341, -0.012034913639340892, 0.0, 0.06609822675869757, -0.03176706890682948, -0.9973073135961779, 0.0, 0.3985966604244946, 0.01535803235480207, 0.418884945180593, 1.0]",
  "1783609568.9391289": "[0.8155156525882383, -0.574207882165926, 0.07224630400305379, 0.0, -0.5749560905378057, -0.8180954101309426, -0.012057938304990301, 0.0, 0.06602813292121895, -0.03170501507973876, -0.997313931358492, 0.0, 0.39622913146339306, 0.013316883822879884, 0.4166792449607288, 1.0]",
  "1783609568.9724536": "[0.8155156525882383, -0.574207882165926, 0.07224630400305379, 0.0, -0.5749560905378057, -0.8180954101309426, -0.012057938304990301, 0.0, 0.06602813292121895, -0.03170501507973876, -0.997313931358492, 0.0, 0.39622913146339306, 0.013316883822879884, 0.4166792449607288, 1.0]",
  "1783609569.0057964": "[0.8160274025609456, -0.5735361645205688, 0.07180213267495196, 0.0, -0.5742793975838008, -0.8185730670337477, -0.011887280502720188, 0.0, 0.06559307722940978, -0.031534138865655426, -0.9973480567512918, 0.0, 0.39386733407917623, 0.011277013501522826, 0.41438262390520697, 1.0]",
  "1783609569.039148": "[0.8160274025609456, -0.5735361645205688, 0.07180213267495196, 0.0, -0.5742793975838008, -0.8185730670337477, -0.011887280502720188, 0.0, 0.06559307722940978, -0.031534138865655426, -0.9973480567512918, 0.0, 0.39386733407917623, 0.011277013501522826, 0.41438262390520697, 1.0]",
  "1783609569.0724545": "[0.8166084048738786, -0.5727282565499525, 0.07164535741128797, 0.0, -0.5734700850399665, -0.8191415897659431, -0.011794807331052154, 0.0, 0.06544291140828773, -0.03145473040696487, -0.9973604289731131, 0.0, 0.3914162203812285, 0.009095865821329874, 0.4119857937085417, 1.0]",
  "1783609569.1058047": "[0.8166084048738786, -0.5727282565499525, 0.07164535741128797, 0.0, -0.5734700850399665, -0.8191415897659431, -0.011794807331052154, 0.0, 0.06544291140828773, -0.03145473040696487, -0.9973604289731131, 0.0, 0.3914162203812285, 0.009095865821329874, 0.4119857937085417, 1.0]",
  "1783609569.1394773": "[0.8162908439625172, -0.573240064218039, 0.07116942347848558, 0.0, -0.5739683293513748, -0.8187925184616913, -0.011796974728817642, 0.0, 0.06503549003854185, -0.031219232637255838, -0.9973944779017916, 0.0, 0.38900846553591484, 0.00702968080585116, 0.409593516951695, 1.0]",
  "1783609569.1724477": "[0.8162908439625172, -0.573240064218039, 0.07116942347848558, 0.0, -0.5739683293513748, -0.8187925184616913, -0.011796974728817642, 0.0, 0.06503549003854185, -0.031219232637255838, -0.9973944779017916, 0.0, 0.38900846553591484, 0.00702968080585116, 0.409593516951695, 1.0]",
  "1783609569.2057998": "[0.816582894160882, -0.5727959069644395, 0.07139485925907399, 0.0, -0.5735091504433834, -0.8191095852430796, -0.012113699708134598, 0.0, 0.06541889116720395, -0.03105376511303206, -0.9973745697333367, 0.0, 0.38659779508296516, 0.0051069117641067, 0.40741517851540465, 1.0]",
  "1783609569.2391841": "[0.816582894160882, -0.5727959069644395, 0.07139485925907399, 0.0, -0.5735091504433834, -0.8191095852430796, -0.012113699708134598, 0.0, 0.06541889116720395, -0.03105376511303206, -0.9973745697333367, 0.0, 0.38659779508296516, 0.0051069117641067, 0.40741517851540465, 1.0]",
  "1783609569.2725818": "[0.8163720772041703, -0.5731072102867694, 0.07130748262745644, 0.0, -0.5738074490187504, -0.8188980930155998, -0.01228514167635529, 0.0, 0.0654342648154808, -0.03088751807333595, -0.9973787235625826, 0.0, 0.38410756544532776, 0.0030511711000830166, 0.4051552649896797, 1.0]",
  "1783609569.3067508": "[0.8163720772041703, -0.5731072102867694, 0.07130748262745644, 0.0, -0.5738074490187504, -0.8188980930155998, -0.01228514167635529, 0.0, 0.0654342648154808, -0.03088751807333595, -0.9973787235625826, 0.0, 0.38410756544532776, 0.0030511711000830166, 0.4051552649896797, 1.0]",
  "1783609569.3391511": "[0.8160753465284469, -0.573516784359371, 0.07141097147190946, 0.0, -0.5741788747978555, -0.8186277359914362, -0.012932501745760452, 0.0, 0.06587600871594877, -0.030448775404311526, -0.9973631352481573, 0.0, 0.38166020384108335, 0.0009075026094645666, 0.4029471561792281, 1.0]",
  "1783609569.3726985": "[0.8160753465284469, -0.573516784359371, 0.07141097147190946, 0.0, -0.5741788747978555, -0.8186277359914362, -0.012932501745760452, 0.0, 0.06587600871594877, -0.030448775404311526, -0.9973631352481573, 0.0, 0.38166020384108335, 0.0009075026094645666, 0.4029471561792281, 1.0]",
  "1783609569.405901": "[0.8156220452274647, -0.5742172557311024, 0.07095930213586629, 0.0, -0.5748471324143681, -0.8181536036785562, -0.013245948164239369, 0.0, 0.06566166076140045, -0.0299870640182336, -0.9973912583823967, 0.0, 0.37918186686714955, -0.0010695068051379958, 0.400618640180199, 1.0]",
  "1783609569.4402435": "[0.8156220452274647, -0.5742172557311024, 0.07095930213586629, 0.0, -0.5748471324143681, -0.8181536036785562, -0.013245948164239369, 0.0, 0.06566166076140045, -0.0299870640182336, -0.9973912583823967, 0.0, 0.37918186686714955, -0.0010695068051379958, 0.400618640180199, 1.0]",
  "1783609569.4724643": "[0.8158775309275869, -0.5739232708295291, 0.07039839293506298, 0.0, -0.5745380316631893, -0.8183713399881787, -0.0132060614318141, 0.0, 0.06519129313100427, -0.02967202531489634, -0.9974315345995532, 0.0, 0.3766868968139134, -0.003036776569233887, 0.39822039514530727, 1.0]",
  "1783609569.5066128": "[0.8158775309275869, -0.5739232708295291, 0.07039839293506298, 0.0, -0.5745380316631893, -0.8183713399881787, -0.0132060614318141, 0.0, 0.06519129313100427, -0.02967202531489634, -0.9974315345995532, 0.0, 0.3766868968139134, -0.003036776569233887, 0.39822039514530727, 1.0]",
  "1783609569.5393596": "[0.8159827524219307, -0.5737747300027772, 0.07038967935834213, 0.0, -0.5743533458687288, -0.8184920631087544, -0.013746880277788944, 0.0, 0.06550100639934199, -0.029211330647805813, -0.9974248424430074, 0.0, 0.3741443289337222, -0.005019984738348943, 0.39598725005110447, 1.0]",
  "1783609569.5724933": "[0.8159827524219307, -0.5737747300027772, 0.07038967935834213, 0.0, -0.5743533458687288, -0.8184920631087544, -0.013746880277788944, 0.0, 0.06550100639934199, -0.029211330647805813, -0.9974248424430074, 0.0, 0.3741443289337222, -0.005019984738348943, 0.39598725005110447, 1.0]",
  "1783609569.6060784": "[0.8159560193245496, -0.5738276281548147, 0.07026825523844275, 0.0, -0.5743683383051565, -0.8184725557155628, -0.014271912731235289, 0.0, 0.06570225628247899, -0.02871460789658087, -0.9974260297449313, 0.0, 0.37162655642752984, -0.006858154791416049, 0.3937097312302307, 1.0]",
  "1783609569.6401453": "[0.8159560193245496, -0.5738276281548147, 0.07026825523844275, 0.0, -0.5743683383051565, -0.8184725557155628, -0.014271912731235289, 0.0, 0.06570225628247899, -0.02871460789658087, -0.9974260297449313, 0.0, 0.37162655642752984, -0.006858154791416049, 0.3937097312302307, 1.0]",
  "1783609569.6742098": "[0.8156645511765959, -0.574261896952407, 0.07010430559177903, 0.0, -0.5747567872200828, -0.818188339578668, -0.01491564688342882, 0.0, 0.06592401306300329, -0.028126761031545232, -0.9974281476956341, 0.0, 0.3691040276709653, -0.008555170032584915, 0.3913998196586748, 1.0]",
  "1783609569.70589": "[0.8156645511765959, -0.574261896952407, 0.07010430559177903, 0.0, -0.5747567872200828, -0.818188339578668, -0.01491564688342882, 0.0, 0.06592401306300329, -0.028126761031545232, -0.9974281476956341, 0.0, 0.3691040276709653, -0.008555170032584915, 0.3913998196586748, 1.0]",
  "1783609569.7396853": "[0.8158753890334555, -0.5740387718076089, 0.06947544912499376, 0.0, -0.5744987269743073, -0.8183649170941942, -0.01516822910929904, 0.0, 0.06556342177165589, -0.027538172252779235, -0.9974683387429233, 0.0, 0.36649405067044527, -0.010365335478165278, 0.38897006395837896, 1.0]",
  "1783609569.772493": "[0.8158753890334555, -0.5740387718076089, 0.06947544912499376, 0.0, -0.5744987269743073, -0.8183649170941942, -0.01516822910929904, 0.0, 0.06556342177165589, -0.027538172252779235, -0.9974683387429233, 0.0, 0.36649405067044527, -0.010365335478165278, 0.38897006395837896, 1.0]",
  "1783609569.806636": "[0.8163118565649685, -0.573449599474593, 0.06921350803046501, 0.0, -0.5738762529347534, -0.8187946089616183, -0.015538167619049238, 0.0, 0.06558200324037929, -0.027035998184268963, -0.9974808547802605, 0.0, 0.3639810959054119, -0.012237832499080736, 0.3866417115658602, 1.0]",
  "1783609569.8442285": "[0.8163118565649685, -0.573449599474593, 0.06921350803046501, 0.0, -0.5738762529347534, -0.8187946089616183, -0.015538167619049238, 0.0, 0.06558200324037929, -0.027035998184268963, -0.9974808547802605, 0.0, 0.3639810959054119, -0.012237832499080736, 0.3866417115658602, 1.0]",
  "1783609569.8724997": "[0.8162649761833298, -0.5735036042390668, 0.06931886165559692, 0.0, -0.5738869738843774, -0.8187734840777856, -0.016239549776893143, 0.0, 0.06606988619832704, -0.02652541603677663, -0.9974623664288373, 0.0, 0.36136448971327745, -0.014010415811636777, 0.384431260254711, 1.0]",
  "1783609569.9066198": "[0.8162649761833298, -0.5735036042390668, 0.06931886165559692, 0.0, -0.5738869738843774, -0.8187734840777856, -0.016239549776893143, 0.0, 0.06606988619832704, -0.02652541603677663, -0.9974623664288373, 0.0, 0.36136448971327745, -0.014010415811636777, 0.384431260254711, 1.0]",
  "1783609569.9391289": "[0.8163174531195783, -0.5734719478951358, 0.06896187867020281, 0.0, -0.5738183018231702, -0.8188132715892604, -0.01665481197928164, 0.0, 0.0660179689564763, -0.025975974411958654, -0.997480263728667, 0.0, 0.35872267973861327, -0.015734164176571776, 0.38210913979465466, 1.0]",
  "1783609569.9737744": "[0.8163174531195783, -0.5734719478951358, 0.06896187867020281, 0.0, -0.5738183018231702, -0.8188132715892604, -0.01665481197928164, 0.0, 0.0660179689564763, -0.025975974411958654, -0.997480263728667, 0.0, 0.35872267973861327, -0.015734164176571776, 0.38210913979465466, 1.0]",
  "1783609570.0076408": "[0.8166793334310609, -0.573074782145223, 0.0679717619000951, 0.0, -0.5733983212573271, -0.8191086550613902, -0.016594468439810838, 0.0, 0.0651861298581003, -0.02542253474234978, -0.9975492284601284, 0.0, 0.3561117077626323, -0.017420937467070626, 0.3797037728800483, 1.0]",
  "1783609570.0391817": "[0.8166793334310609, -0.573074782145223, 0.0679717619000951, 0.0, -0.5733983212573271, -0.8191086550613902, -0.016594468439810838, 0.0, 0.0651861298581003, -0.02542253474234978, -0.9975492284601284, 0.0, 0.3561117077626323, -0.017420937467070626, 0.3797037728800483, 1.0]",
  "1783609570.0725956": "[0.8162838938747761, -0.5737302466611084, 0.06718786100790138, 0.0, -0.5740434208504775, -0.8186590586599571, -0.016477155466716933, 0.0, 0.06445739351629752, -0.02511871294825038, -0.9976042775975396, 0.0, 0.35595181302567086, -0.01773621327366088, 0.3793883298733462, 1.0]",
  "1783609570.1069005": "[0.8162838938747761, -0.5737302466611084, 0.06718786100790138, 0.0, -0.5740434208504775, -0.8186590586599571, -0.016477155466716933, 0.0, 0.06445739351629752, -0.02511871294825038, -0.9976042775975396, 0.0, 0.35595181302567086, -0.01773621327366088, 0.3793883298733462, 1.0]",
  "1783609570.1391368": "[0.8163719384388204, -0.5735191032178255, 0.06791683424500998, 0.0, -0.5738295476659319, -0.8188025559211212, -0.016793589329003298, 0.0, 0.06524192176166373, -0.02526287119985224, -0.997549637353242, 0.0, 0.35614191508968646, -0.01764678666609564, 0.37971595421342313, 1.0]",
  "1783609570.1726072": "[0.8163719384388204, -0.5735191032178255, 0.06791683424500998, 0.0, -0.5738295476659319, -0.8188025559211212, -0.016793589329003298, 0.0, 0.06524192176166373, -0.02526287119985224, -0.997549637353242, 0.0, 0.35614191508968646, -0.01764678666609564, 0.37971595421342313, 1.0]",
  "1783609570.2057877": "[0.8163431133326193, -0.573550135924715, 0.06800119774788589, 0.0, -0.5738574032474788, -0.8187813337458654, -0.01687626283872657, 0.0, 0.0653574942333832, -0.025246169810134465, -0.9975424947627296, 0.0, 0.3561502529916382, -0.01765759943745401, 0.37975431874100685, 1.0]",
  "1783609570.239132": "[0.8163431133326193, -0.573550135924715, 0.06800119774788589, 0.0, -0.5738574032474788, -0.8187813337458654, -0.01687626283872657, 0.0, 0.0653574942333832, -0.025246169810134465, -0.9975424947627296, 0.0, 0.3561502529916382, -0.01765759943745401, 0.37975431874100685, 1.0]",
  "1783609570.2726722": "[0.816375101586188, -0.5735029743133493, 0.06801493926986209, 0.0, -0.57381132360464, -0.8188139023436749, -0.016862924770454396, 0.0, 0.06536251535270167, -0.02526127040480882, -0.9975417834879414, 0.0, 0.35615658972733166, -0.01763786793608272, 0.37975499012895675, 1.0]",
  "1783609570.3064313": "[0.816375101586188, -0.5735029743133493, 0.06801493926986209, 0.0, -0.57381132360464, -0.8188139023436749, -0.016862924770454396, 0.0, 0.06536251535270167, -0.02526127040480882, -0.9975417834879414, 0.0, 0.35615658972733166, -0.01763786793608272, 0.37975499012895675, 1.0]",
  "1783609570.3391387": "[0.816363096849928, -0.5735165169451149, 0.06804483002211667, 0.0, -0.5738239843460775, -0.8188045009959277, -0.01688858010616403, 0.0, 0.06540129273024772, -0.02525854192057643, -0.9975393109894262, 0.0, 0.3561566122789407, -0.017640572081728954, 0.37976740659805375, 1.0]",
  "1783609570.3725126": "[0.816363096849928, -0.5735165169451149, 0.06804483002211667, 0.0, -0.5738239843460775, -0.8188045009959277, -0.01688858010616403, 0.0, 0.06540129273024772, -0.02525854192057643, -0.9975393109894262, 0.0, 0.3561566122789407, -0.017640572081728954, 0.37976740659805375, 1.0]",
  "1783609570.406018": "[0.8163560711698922, -0.5735335214118173, 0.06798576969497672, 0.0, -0.5738399660067548, -0.8187934345920005, -0.016882087619765725, 0.0, 0.06534874503327781, -0.025231157048290685, -0.9975434477939193, 0.0, 0.35615974064316275, -0.017646289386592313, 0.3797476193978831, 1.0]",
  "1783609570.4391246": "[0.8163560711698922, -0.5735335214118173, 0.06798576969497672, 0.0, -0.5738399660067548, -0.8187934345920005, -0.016882087619765725, 0.0, 0.06534874503327781, -0.025231157048290685, -0.9975434477939193, 0.0, 0.35615974064316275, -0.017646289386592313, 0.3797476193978831, 1.0]",
