{
  "1783610286.7223785": "[0.8393738590929927, -0.5369255761717356, 0.08463126091455005, 0.0, -0.5373149362033095, -0.8431432596558177, -0.020052506820752623, 0.0, 0.08212298097469596, -0.02864209052448341, -0.9962105433321902, 0.0, 0.4563129253729973, 0.0829399485904795, 0.48702589026007714, 1.0]",
  "1783610286.7561324": "[0.8393856893748968, -0.5369063154439127, 0.08463612059322648, 0.0, -0.5372959187507227, -0.8431554333628319, -0.02005020908998792, 0.0, 0.08212648882331622, -0.02864478359452425, -0.996210176722953, 0.0, 0.45631089885745535, 0.0829488549993021, 0.48702689956592726, 1.0]",
  "1783610286.789124": "[0.8393856893748968, -0.5369063154439127, 0.08463612059322648, 0.0, -0.5372959187507227, -0.8431554333628319, -0.02005020908998792, 0.0, 0.08212648882331622, -0.02864478359452425, -0.996210176722953, 0.0, 0.45631089885745535, 0.0829488549993021, 0.48702689956592726, 1.0]",
  "1783610286.8260398": "[0.8393913669106291, -0.5368965763056927, 0.08464159442691972, 0.0, -0.5372864836688777, -0.8431615004512636, -0.020047908207761114, 0.0, 0.08213018703642667, -0.028648743567555552, -0.9962097579673481, 0.0, 0.45630958636891505, 0.08295363053032578, 0.4870281191247821, 1.0]",
  "1783610286.8557577": "[0.8393913669106291, -0.5368965763056927, 0.08464159442691972, 0.0, -0.5372864836688777, -0.8431615004512636, -0.020047908207761114, 0.0, 0.08213018703642667, -0.028648743567555552, -0.9962097579673481, 0.0, 0.45630958636891505, 0.08295363053032578, 0.4870281191247821, 1.0]",
  "1783610286.8890293": "[0.8393855396015454, -0.5369078020462121, 0.08462817503484302, 0.0, -0.5372974287429595, -0.8431545421427724, -0.020047222506283532, 0.0, 0.08211814034686149, -0.02864315216448122, -0.9962109118354685, 0.0, 0.45631159859706866, 0.08294766122458769, 0.48702344422138855, 1.0]",
  "1783610286.92277": "[0.8393855396015454, -0.5369078020462121, 0.08462817503484302, 0.0, -0.5372974287429595, -0.8431545421427724, -0.020047222506283532, 0.0, 0.08211814034686149, -0.02864315216448122, -0.9962109118354685, 0.0, 0.45631159859706866, 0.08294766122458769, 0.48702344422138855, 1.0]",
  "1783610286.955699": "[0.8393769086349863, -0.5369191029329112, 0.08464208265450274, 0.0, -0.5373086348441396, -0.8431472431303639, -0.020053860565817063, 0.0, 0.08213303946829659, -0.028646174393523124, -0.9962095966814986, 0.0, 0.45631090844729977, 0.08294167849644409, 0.4870295626195354, 1.0]",
  "1783610286.9901118": "[0.8393769086349863, -0.5369191029329112, 0.08464208265450274, 0.0, -0.5373086348441396, -0.8431472431303639, -0.020053860565817063, 0.0, 0.08213303946829659, -0.028646174393523124, -0.9962095966814986, 0.0, 0.45631090844729977, 0.08294167849644409, 0.4870295626195354, 1.0]",
  "1783610287.022377": "[0.8393902075971447, -0.5368998221090562, 0.08463250208570096, 0.0, -0.5372896895886847, -0.8431595175790774, -0.020045382947498375, 0.0, 0.0821210621687097, -0.02864627262107507, -0.9962105812594051, 0.0, 0.45631080726113515, 0.08295440061314141, 0.4870240902785914, 1.0]",
  "1783610287.0558174": "[0.8393902075971447, -0.5368998221090562, 0.08463250208570096, 0.0, -0.5372896895886847, -0.8431595175790774, -0.020045382947498375, 0.0, 0.0821210621687097, -0.02864627262107507, -0.9962105812594051, 0.0, 0.45631080726113515, 0.08295440061314141, 0.4870240902785914, 1.0]",
  "1783610287.0904157": "[0.8393895145416802, -0.5369001657454613, 0.08463719572374025, 0.0, -0.5372896578907067, -0.8431593899708738, -0.02005159912903717, 0.0, 0.08212835321111588, -0.028643587876530294, -0.9962100574037536, 0.0, 0.45631007758958275, 0.08295381867013338, 0.48702793368752384, 1.0]",
  "1783610287.1253676": "[0.8393895145416802, -0.5369001657454613, 0.08463719572374025, 0.0, -0.5372896578907067, -0.8431593899708738, -0.02005159912903717, 0.0, 0.08212835321111588, -0.028643587876530294, -0.9962100574037536, 0.0, 0.45631007758958275, 0.08295381867013338, 0.48702793368752384, 1.0]",
  "1783610287.1586077": "[0.8393787836536304, -0.536917054125351, 0.08463648469488053, 0.0, -0.5373065635291789, -0.8431486059105513, -0.020052060730946134, 0.0, 0.08212742745646048, -0.028644464394505922, -0.9962101085207551, 0.0, 0.4563121489238495, 0.08294589323729262, 0.4870269784171738, 1.0]",
  "1783610287.1903508": "[0.8393787836536304, -0.536917054125351, 0.08463648469488053, 0.0, -0.5373065635291789, -0.8431486059105513, -0.020052060730946134, 0.0, 0.08212742745646048, -0.028644464394505922, -0.9962101085207551, 0.0, 0.4563121489238495, 0.08294589323729262, 0.4870269784171738, 1.0]",
  "1783610287.222363": "[0.8392831898173245, -0.5370593583308954, 0.0846815972881007, 0.0, -0.5374270190552584, -0.8430649279216589, -0.020340267889786955, 0.0, 0.08231601593515099, -0.028438933483102488, -0.9962004319327054, 0.0, 0.45634097084321235, 0.08292585553429166, 0.48715414059670525, 1.0]",
  "1783610287.2560904": "[0.8392831898173245, -0.5370593583308954, 0.0846815972881007, 0.0, -0.5374270190552584, -0.8430649279216589, -0.020340267889786955, 0.0, 0.08231601593515099, -0.028438933483102488, -0.9962004319327054, 0.0, 0.45634097084321235, 0.08292585553429166, 0.48715414059670525, 1.0]",
  "1783610287.289031": "[0.8357330599901782, -0.5416371610352424, 0.09044024671094235, 0.0, -0.5415283597298437, -0.8402201231333926, -0.027877953476028478, 0.0, 0.09108945080391102, -0.0256774310901539, -0.9955116179557386, 0.0, 0.45713718870399994, 0.08108767738270715, 0.49157682137395653, 1.0]",
  "1783610287.3223588": "[0.8357330599901782, -0.5416371610352424, 0.09044024671094235, 0.0, -0.5415283597298437, -0.8402201231333926, -0.027877953476028478, 0.0, 0.09108945080391102, -0.0256774310901539, -0.9955116179557386, 0.0, 0.45713718870399994, 0.08108767738270715, 0.49157682137395653, 1.0]",
  "1783610287.3556836": "[0.8350581397901263, -0.5413845989356993, 0.09788063754127202, 0.0, -0.5409760166928816, -0.8403910446161809, -0.032982442178036184, 0.0, 0.10011419746148337, -0.025408820597510783, -0.9946514662445769, 0.0, 0.45710558016232106, 0.08153844860080156, 0.4953853580996228, 1.0]",
  "1783610287.389077": "[0.8350581397901263, -0.5413845989356993, 0.09788063754127202, 0.0, -0.5409760166928816, -0.8403910446161809, -0.032982442178036184, 0.0, 0.10011419746148337, -0.025408820597510783, -0.9946514662445769, 0.0, 0.45710558016232106, 0.08153844860080156, 0.4953853580996228, 1.0]",
  "1783610287.4227679": "[0.8392723114637894, -0.5356067849018976, 0.0935273178129274, 0.0, -0.5356484535313416, -0.8440159582393356, -0.026791723849320402, 0.0, 0.0932883778383468, -0.02761221114631019, -0.9952561702174478, 0.0, 0.4562463092322863, 0.08428202601150182, 0.4919141709814926, 1.0]",
  "1783610287.4558403": "[0.8392723114637894, -0.5356067849018976, 0.0935273178129274, 0.0, -0.5356484535313416, -0.8440159582393356, -0.026791723849320402, 0.0, 0.0932883778383468, -0.02761221114631019, -0.9952561702174478, 0.0, 0.4562463092322863, 0.08428202601150182, 0.4919141709814926, 1.0]",
  "1783610287.4890456": "[0.8401503141557833, -0.5354413235835425, 0.08631360624514907, 0.0, -0.5357152633566273, -0.8441140691918707, -0.021922472467343936, 0.0, 0.08459672706835604, -0.02782134417036974, -0.9960267900904454, 0.0, 0.45623131535172984, 0.08413440803555267, 0.4879517741883532, 1.0]",
  "1783610287.5223444": "[0.8401503141557833, -0.5354413235835425, 0.08631360624514907, 0.0, -0.5357152633566273, -0.8441140691918707, -0.021922472467343936, 0.0, 0.08459672706835604, -0.02782134417036974, -0.9960267900904454, 0.0, 0.45623131535172984, 0.08413440803555267, 0.4879517741883532, 1.0]",
  "1783610287.559229": "[0.8395032850785037, -0.5368690633437726, 0.08370091496979566, 0.0, -0.5371826707989084, -0.8432131155551577, -0.020649938235172673, 0.0, 0.08166402228492263, -0.027626990066691504, -0.9962769378461507, 0.0, 0.45642586042835287, 0.0832584893625021, 0.48667592872925913, 1.0]",
  "1783610287.589024": "[0.8395032850785037, -0.5368690633437726, 0.08370091496979566, 0.0, -0.5371826707989084, -0.8432131155551577, -0.020649938235172673, 0.0, 0.08166402228492263, -0.027626990066691504, -0.9962769378461507, 0.0, 0.45642586042835287, 0.0832584893625021, 0.48667592872925913, 1.0]",
  "1783610287.6234522": "[0.8392413732601822, -0.5372016517652141, 0.08419205870561215, 0.0, -0.5374990023473061, -0.8430020696483838, -0.021031715198534532, 0.0, 0.08227235188089758, -0.027602462014597196, -0.996227566476013, 0.0, 0.45640355921824144, 0.08307304688419195, 0.48695864413274137, 1.0]",
  "1783610287.6557205": "[0.8392413732601822, -0.5372016517652141, 0.08419205870561215, 0.0, -0.5374990023473061, -0.8430020696483838, -0.021031715198534532, 0.0, 0.08227235188089758, -0.027602462014597196, -0.996227566476013, 0.0, 0.45640355921824144, 0.08307304688419195, 0.48695864413274137, 1.0]",
  "1783610287.689129": "[0.8392624406651094, -0.5370929034358337, 0.08467448711217548, 0.0, -0.5373845867092745, -0.8430693742022994, -0.021256440187505592, 0.0, 0.08280315003757999, -0.027663032389978356, -0.996181908580378, 0.0, 0.45635035674044366, 0.08314322257291934, 0.48719515863448126, 1.0]",
  "1783610287.7234263": "[0.8392624406651094, -0.5370929034358337, 0.08467448711217548, 0.0, -0.5373845867092745, -0.8430693742022994, -0.021256440187505592, 0.0, 0.08280315003757999, -0.027663032389978356, -0.996181908580378, 0.0, 0.45635035674044366, 0.08314322257291934, 0.48719515863448126, 1.0]",
  "1783610287.755684": "[0.839269331067836, -0.5370815478750982, 0.08467821951975502, 0.0, -0.5373731396052602, -0.8430766269178511, -0.02125817432434836, 0.0, 0.08280760085724406, -0.02766246693459489, -0.9961815543179668, 0.0, 0.45635218625857227, 0.08314938968793661, 0.4871980599258271, 1.0]",
  "1783610287.789118": "[0.839269331067836, -0.5370815478750982, 0.08467821951975502, 0.0, -0.5373731396052602, -0.8430766269178511, -0.02125817432434836, 0.0, 0.08280760085724406, -0.02766246693459489, -0.9961815543179668, 0.0, 0.45635218625857227, 0.08314938968793661, 0.4871980599258271, 1.0]",
  "1783610287.8223512": "[0.8392149431223408, -0.5371664543676248, 0.08467868410810862, 0.0, -0.537456642244235, -0.8430228500001147, -0.021279851626306013, 0.0, 0.08281688805864905, -0.02765275175818206, -0.9961810520043444, 0.0, 0.4563597729721467, 0.0831028804816326, 0.48720430862422043, 1.0]",
  "1783610287.8556836": "[0.8392149431223408, -0.5371664543676248, 0.08467868410810862, 0.0, -0.537456642244235, -0.8430228500001147, -0.021279851626306013, 0.0, 0.08281688805864905, -0.02765275175818206, -0.9961810520043444, 0.0, 0.4563597729721467, 0.0831028804816326, 0.48720430862422043, 1.0]",
  "1783610287.8890386": "[0.839266568830535, -0.5370853048416543, 0.08468176761598774, 0.0, -0.5373773108107228, -0.8430740586479442, -0.02125458681600073, 0.0, 0.08280852775684798, -0.02766779640720239, -0.9961813292632586, 0.0, 0.456352471993311, 0.08314645027519713, 0.48719810418803544, 1.0]",
  "1783610287.922481": "[0.839266568830535, -0.5370853048416543, 0.08468176761598774, 0.0, -0.5373773108107228, -0.8430740586479442, -0.02125458681600073, 0.0, 0.08280852775684798, -0.02766779640720239, -0.9961813292632586, 0.0, 0.456352471993311, 0.08314645027519713, 0.48719810418803544, 1.0]",
  "1783610287.9562898": "[0.839241285806538, -0.5371234747072714, 0.08469024215443043, 0.0, -0.537414664022949, -0.8430498764461618, -0.021269337488789654, 0.0, 0.08282235864118843, -0.027663671891100396, -0.9961802940063669, 0.0, 0.45635443218864225, 0.08312543471068357, 0.48720564690818685, 1.0]",
  "1783610287.9891028": "[0.839241285806538, -0.5371234747072714, 0.08469024215443043, 0.0, -0.537414664022949, -0.8430498764461618, -0.021269337488789654, 0.0, 0.08282235864118843, -0.027663671891100396, -0.9961802940063669, 0.0, 0.45635443218864225, 0.08312543471068357, 0.48720564690818685, 1.0]",
  "1783610288.0224514": "[0.8392473672703673, -0.537112397639786, 0.08470022922871966, 0.0, -0.5374036327077079, -0.8430568530161711, -0.021271533443290514, 0.0, 0.08283231303251336, -0.02766613243860439, -0.9961793980170304, 0.0, 0.456353634434601, 0.08313299804584925, 0.4872095303117693, 1.0]",
  "1783610288.0575802": "[0.8392473672703673, -0.537112397639786, 0.08470022922871966, 0.0, -0.5374036327077079, -0.8430568530161711, -0.021271533443290514, 0.0, 0.08283231303251336, -0.02766613243860439, -0.9961793980170304, 0.0, 0.456353634434601, 0.08313299804584925, 0.4872095303117693, 1.0]",
  "1783610288.0894425": "[0.839237252018932, -0.5371291416444502, 0.084694273832461, 0.0, -0.5374202105982396, -0.8430462622129575, -0.021272447186565634, 0.0, 0.08282724228329383, -0.027663784358934972, -0.9961798848454464, 0.0, 0.45635554357916946, 0.08312491639124694, 0.48720744581825026, 1.0]",
  "1783610288.1227374": "[0.839237252018932, -0.5371291416444502, 0.084694273832461, 0.0, -0.5374202105982396, -0.8430462622129575, -0.021272447186565634, 0.0, 0.08282724228329383, -0.027663784358934972, -0.9961798848454464, 0.0, 0.45635554357916946, 0.08312491639124694, 0.48720744581825026, 1.0]",
  "1783610288.1557276": "[0.8392504832851556, -0.5371100659525925, 0.08468413876302051, 0.0, -0.5374020687365921, -0.8430582222749416, -0.02125677238543365, 0.0, 0.08281088589831608, -0.02766967486286611, -0.9961810810639395, 0.0, 0.45635410085608086, 0.08313257455529983, 0.4871999533451118, 1.0]",
  "1783610288.189144": "[0.8392504832851556, -0.5371100659525925, 0.08468413876302051, 0.0, -0.5374020687365921, -0.8430582222749416, -0.02125677238543365, 0.0, 0.08281088589831608, -0.02766967486286611, -0.9961810810639395, 0.0, 0.45635410085608086, 0.08313257455529983, 0.4871999533451118, 1.0]",
  "1783610288.2231758": "[0.8392403710758757, -0.537122262484615, 0.08470699321682307, 0.0, -0.5374136745567508, -0.8430504346476064, -0.021272212858395177, 0.0, 0.08283804654769006, -0.02767019667242206, -0.9961788083774281, 0.0, 0.4563534322610537, 0.08312316024519809, 0.48721262981302194, 1.0]",
  "1783610288.2557216": "[0.8392403710758757, -0.537122262484615, 0.08470699321682307, 0.0, -0.5374136745567508, -0.8430504346476064, -0.021272212858395177, 0.0, 0.08283804654769006, -0.02767019667242206, -0.9961788083774281, 0.0, 0.4563534322610537, 0.08312316024519809, 0.48721262981302194, 1.0]",
  "1783610288.2901623": "[0.8392451462080129, -0.5371161970208882, 0.08469814321524011, 0.0, -0.5374079026137912, -0.8430542863533834, -0.021265381948908726, 0.0, 0.08282711376437543, -0.02767058291770356, -0.9961797067128286, 0.0, 0.45635335101775165, 0.08312730089520162, 0.4872070478601613, 1.0]",
  "1783610288.3228445": "[0.8392451462080129, -0.5371161970208882, 0.08469814321524011, 0.0, -0.5374079026137912, -0.8430542863533834, -0.021265381948908726, 0.0, 0.08282711376437543, -0.02767058291770356, -0.9961797067128286, 0.0, 0.45635335101775165, 0.08312730089520162, 0.4872070478601613, 1.0]",
  "1783610288.3562882": "[0.8392690971085714, -0.5370804360082588, 0.08468758997481238, 0.0, -0.537372922788597, -0.8430769588050859, -0.021250491420381278, 0.0, 0.08281137900194505, -0.027673937001190387, -0.9961809216797168, 0.0, 0.4563523706400964, 0.0831474160166839, 0.48719906960567033, 1.0]",
  "1783610288.3890636": "[0.8392690971085714, -0.5370804360082588, 0.08468758997481238, 0.0, -0.537372922788597, -0.8430769588050859, -0.021250491420381278, 0.0, 0.08281137900194505, -0.027673937001190387, -0.9961809216797168, 0.0, 0.4563523706400964, 0.0831474160166839, 0.48719906960567033, 1.0]",
  "1783610288.4235876": "[0.8392387833400968, -0.537122785484959, 0.08471940657672757, 0.0, -0.5374136888019867, -0.843050165338638, -0.021282523598872036, 0.0, 0.08285403807947699, -0.02766824958999019, -0.996177532540536, 0.0, 0.45635499219793985, 0.08312526419518577, 0.48721971639503936, 1.0]",
  "1783610288.455692": "[0.8392387833400968, -0.537122785484959, 0.08471940657672757, 0.0, -0.5374136888019867, -0.843050165338638, -0.021282523598872036, 0.0, 0.08285403807947699, -0.02766824958999019, -0.996177532540536, 0.0, 0.45635499219793985, 0.08312526419518577, 0.48721971639503936, 1.0]",
  "1783610288.4890728": "[0.8392372646530333, -0.5371269863283732, 0.08470781649584856, 0.0, -0.537418271747323, -0.8430474521788596, -0.0212742700663102, 0.0, 0.0828396934435126, -0.02766936812674823, -0.9961786944407371, 0.0, 0.456356147726757, 0.08312139955027292, 0.48721376209146383, 1.0]",
  "1783610288.5225394": "[0.8392372646530333, -0.5371269863283732, 0.08470781649584856, 0.0, -0.537418271747323, -0.8430474521788596, -0.0212742700663102, 0.0, 0.0828396934435126, -0.02766936812674823, -0.9961786944407371, 0.0, 0.456356147726757, 0.08312139955027292, 0.48721376209146383, 1.0]",
  "1783610288.556674": "[0.8392555976599368, -0.5370984581458568, 0.08470707204127413, 0.0, -0.5373906503175953, -0.8430653800809156, -0.02126155827434806, 0.0, 0.0828331500529489, -0.02767690673404014, -0.9961790291337902, 0.0, 0.45635283123675124, 0.08313524575158812, 0.487209514839709, 1.0]",
  "1783610288.589017": "[0.8392555976599368, -0.5370984581458568, 0.08470707204127413, 0.0, -0.5373906503175953, -0.8430653800809156, -0.02126155827434806, 0.0, 0.0828331500529489, -0.02767690673404014, -0.9961790291337902, 0.0, 0.45635283123675124, 0.08313524575158812, 0.487209514839709, 1.0]",
  "1783610288.622536": "[0.8392419857138635, -0.5371215766906935, 0.08469534384105655, 0.0, -0.5374133860802534, -0.8430508386518796, -0.021263487722366095, 0.0, 0.08282355870649251, -0.02767119985953266, -0.9961799851540514, 0.0, 0.4563553255685039, 0.08312389099368389, 0.48720564620643353, 1.0]",
  "1783610288.658092": "[0.8392419857138635, -0.5371215766906935, 0.08469534384105655, 0.0, -0.5374133860802534, -0.8430508386518796, -0.021263487722366095, 0.0, 0.08282355870649251, -0.02767119985953266, -0.9961799851540514, 0.0, 0.4563553255685039, 0.08312389099368389, 0.48720564620643353, 1.0]",
  "1783610288.6892018": "[0.8392473689611795, -0.5371083808911029, 0.08472568009922211, 0.0, -0.537400163215756, -0.8430590207186326, -0.02127327338749162, 0.0, 0.08285480231957974, -0.02767805559424367, -0.9961771965725301, 0.0, 0.45635078750786634, 0.08313058683104996, 0.4872192602636055, 1.0]",
  "1783610288.7231708": "[0.8392473689611795, -0.5371083808911029, 0.08472568009922211, 0.0, -0.537400163215756, -0.8430590207186326, -0.02127327338749162, 0.0, 0.08285480231957974, -0.02767805559424367, -0.9961771965725301, 0.0, 0.45635078750786634, 0.08313058683104996, 0.4872192602636055, 1.0]",
  "1783610288.7557256": "[0.8392436445564518, -0.5371193433120374, 0.08469307003320663, 0.0, -0.5374111835234028, -0.8430522743674276, -0.021262231959114725, 0.0, 0.08282104138188258, -0.02767080996200389, -0.9961802052743605, 0.0, 0.45635569302308515, 0.08312402297728147, 0.487205395361844, 1.0]",
  "1783610288.78911": "[0.8392436445564518, -0.5371193433120374, 0.08469307003320663, 0.0, -0.5374111835234028, -0.8430522743674276, -0.021262231959114725, 0.0, 0.08282104138188258, -0.02767080996200389, -0.9961802052743605, 0.0, 0.45635569302308515, 0.08312402297728147, 0.487205395361844, 1.0]",
  "1783610288.8226328": "[0.8392463750579455, -0.5371117943726595, 0.08471388491788247, 0.0, -0.5374034865185302, -0.8430569701100921, -0.02127058594677783, 0.0, 0.08284331373035674, -0.027674274960207794, -0.9961782570783206, 0.0, 0.4563539414424362, 0.08312909784713932, 0.4872144115485936, 1.0]",
  "1783610288.8566911": "[0.8392463750579455, -0.5371117943726595, 0.08471388491788247, 0.0, -0.5374034865185302, -0.8430569701100921, -0.02127058594677783, 0.0, 0.08284331373035674, -0.027674274960207794, -0.9961782570783206, 0.0, 0.4563539414424362, 0.08312909784713932, 0.4872144115485936, 1.0]",
  "1783610288.8891125": "[0.839244680739753, -0.5371149092874485, 0.08471092061337784, 0.0, -0.5374069620358797, -0.8430548848450348, -0.021265424855674047, 0.0, 0.08283793216514254, -0.02767734380430258, -0.9961786193422051, 0.0, 0.45635397065580724, 0.08312793156894908, 0.48721205755179187, 1.0]",
  "1783610288.9232082": "[0.839244680739753, -0.5371149092874485, 0.08471092061337784, 0.0, -0.5374069620358797, -0.8430548848450348, -0.021265424855674047, 0.0, 0.08283793216514254, -0.02767734380430258, -0.9961786193422051, 0.0, 0.45635397065580724, 0.08312793156894908, 0.48721205755179187, 1.0]",
  "1783610288.956576": "[0.8392451043025977, -0.5371133755092649, 0.0847164491298192, 0.0, -0.5374054358626267, -0.8430558153183565, -0.02126710519091636, 0.0, 0.0828435417484195, -0.027678766355179615, -0.9961781133329688, 0.0, 0.4563527341458605, 0.08312755810070722, 0.48721423257273994, 1.0]",
  "1783610288.9890826": "[0.8392451043025977, -0.5371133755092649, 0.0847164491298192, 0.0, -0.5374054358626267, -0.8430558153183565, -0.02126710519091636, 0.0, 0.0828435417484195, -0.027678766355179615, -0.9961781133329688, 0.0, 0.4563527341458605, 0.08312755810070722, 0.48721423257273994, 1.0]",
  "1783610289.0226357": "[0.8392414752186287, -0.5371200937935369, 0.08470980531250197, 0.0, -0.5374121669864237, -0.8430515754206671, -0.021265087718785068, 0.0, 0.08283664073232441, -0.02767753645022302, -0.9961787213789655, 0.0, 0.45635490286248936, 0.0831259126865928, 0.4872116213203452, 1.0]",
  "1783610289.0558228": "[0.8392414752186287, -0.5371200937935369, 0.08470980531250197, 0.0, -0.5374121669864237, -0.8430515754206671, -0.021265087718785068, 0.0, 0.08283664073232441, -0.02767753645022302, -0.9961787213789655, 0.0, 0.45635490286248936, 0.0831259126865928, 0.4872116213203452, 1.0]",
  "1783610289.08972": "[0.8392496796054658, -0.537106255214463, 0.08471626698349659, 0.0, -0.5373986567977196, -0.8430602514378334, -0.021262552000731447, 0.0, 0.08284116702539691, -0.027681818131639654, -0.9961782260172107, 0.0, 0.4563522914527769, 0.08313122281374154, 0.48721311084775587, 1.0]",
  "1783610289.1224616": "[0.8392496796054658, -0.537106255214463, 0.08471626698349659, 0.0, -0.5373986567977196, -0.8430602514378334, -0.021262552000731447, 0.0, 0.08284116702539691, -0.027681818131639654, -0.9961782260172107, 0.0, 0.4563522914527769, 0.08313122281374154, 0.48721311084775587, 1.0]",
  "1783610289.1560721": "[0.8392431196102432, -0.5371187204292215, 0.08470222164349, 0.0, -0.537410859091909, -0.843052495101154, -0.02126167993868894, 0.0, 0.08282846561999946, -0.027676175100521425, -0.9961794389641065, 0.0, 0.45635551466891194, 0.0831239636865323, 0.48720825861396455, 1.0]",
  "1783610289.1890693": "[0.8392431196102432, -0.5371187204292215, 0.08470222164349, 0.0, -0.537410859091909, -0.843052495101154, -0.02126167993868894, 0.0, 0.08282846561999946, -0.027676175100521425, -0.9961794389641065, 0.0, 0.45635551466891194, 0.0831239636865323, 0.48720825861396455, 1.0]",
  "1783610289.2229798": "[0.8392474198701332, -0.5371091835138742, 0.08472008750222065, 0.0, -0.5374012981856644, -0.8430584443098037, -0.021267444282199822, 0.0, 0.08284692480525174, -0.02768003726502844, -0.9961777966745293, 0.0, 0.4563535054600715, 0.08312842083966451, 0.4872160780166759, 1.0]",
  "1783610289.2560854": "[0.8392474198701332, -0.5371091835138742, 0.08472008750222065, 0.0, -0.5374012981856644, -0.8430584443098037, -0.021267444282199822, 0.0, 0.08284692480525174, -0.02768003726502844, -0.9961777966745293, 0.0, 0.4563535054600715, 0.08312842083966451, 0.4872160780166759, 1.0]",
  "1783610289.289133": "[0.8392412576231534, -0.5371203938071938, 0.0847100587859137, 0.0, -0.5374123960436539, -0.8430514053223144, -0.02126604247831249, 0.0, 0.08283735921507215, -0.02767689542697029, -0.996178679443501, 0.0, 0.4563551808610232, 0.08312432757249827, 0.4872117418288325, 1.0]",
  "1783610289.3228004": "[0.8392412576231534, -0.5371203938071938, 0.0847100587859137, 0.0, -0.5374123960436539, -0.8430514053223144, -0.02126604247831249, 0.0, 0.08283735921507215, -0.02767689542697029, -0.996178679443501, 0.0, 0.4563551808610232, 0.08312432757249827, 0.4872117418288325, 1.0]",
  "1783610289.3556972": "[0.8392473489105722, -0.5371090866151745, 0.08472140474513726, 0.0, -0.537401162857433, -0.8430585078973438, -0.02126834317437726, 0.0, 0.08284852144761021, -0.027679980804135623, -0.9961776654576369, 0.0, 0.45635264211515, 0.08312894730811429, 0.4872167587209474, 1.0]",
  "1783610289.3896792": "[0.8392473489105722, -0.5371090866151745, 0.08472140474513726, 0.0, -0.537401162857433, -0.8430585078973438, -0.02126834317437726, 0.0, 0.08284852144761021, -0.027679980804135623, -0.9961776654576369, 0.0, 0.45635264211515, 0.08312894730811429, 0.4872167587209474, 1.0]",
  "1783610289.422429": "[0.8392446526691301, -0.5371149024548146, 0.08471124203567196, 0.0, -0.537406950382808, -0.8430548880993123, -0.021265590330528134, 0.0, 0.08283829215116287, -0.027677377274782304, -0.9961785884773209, 0.0, 0.45635414220855763, 0.08312750611500788, 0.4872125729664124, 1.0]",
  "1783610289.4556823": "[0.8392446526691301, -0.5371149024548146, 0.08471124203567196, 0.0, -0.537406950382808, -0.8430548880993123, -0.021265590330528134, 0.0, 0.08283829215116287, -0.027677377274782304, -0.9961785884773209, 0.0, 0.45635414220855763, 0.08312750611500788, 0.4872125729664124, 1.0]",
  "1783610289.4890232": "[0.8392448166801255, -0.5371137630868641, 0.08471684117228669, 0.0, -0.5374057598259983, -0.8430555856577813, -0.021268022876037115, 0.0, 0.08284435394994526, -0.027678240440502676, -0.996178060401218, 0.0, 0.4563522321315519, 0.08312798340828388, 0.4872149198509211, 1.0]",
  "1783610289.5223608": "[0.8392448166801255, -0.5371137630868641, 0.08471684117228669, 0.0, -0.5374057598259983, -0.8430555856577813, -0.021268022876037115, 0.0, 0.08284435394994526, -0.027678240440502676, -0.996178060401218, 0.0, 0.4563522321315519, 0.08312798340828388, 0.4872149198509211, 1.0]",
  "1783610289.5556705": "[0.8392473472413934, -0.5371115573576467, 0.08470575600942057, 0.0, -0.5374040150973548, -0.8430569345405803, -0.021258637780479393, 0.0, 0.08283003504481984, -0.027679958018086523, -0.9961792033658357, 0.0, 0.4563537428074717, 0.08312847506317024, 0.487208195834971, 1.0]",
  "1783610289.5890214": "[0.8392473472413934, -0.5371115573576467, 0.08470575600942057, 0.0, -0.5374040150973548, -0.8430569345405803, -0.021258637780479393, 0.0, 0.08283003504481984, -0.027679958018086523, -0.9961792033658357, 0.0, 0.4563537428074717, 0.08312847506317024, 0.487208195834971, 1.0]",
  "1783610289.6224482": "[0.8392396847319347, -0.5371209131812028, 0.084722347668332, 0.0, -0.5374128355692768, -0.8430509961536921, -0.021271155343733344, 0.0, 0.08285044198091199, -0.027679279391965617, -0.9961775252212375, 0.0, 0.45635445616096665, 0.08312449133629506, 0.48721770866773917, 1.0]",
  "1783610289.6557117": "[0.8392396847319347, -0.5371209131812028, 0.084722347668332, 0.0, -0.5374128355692768, -0.8430509961536921, -0.021271155343733344, 0.0, 0.08285044198091199, -0.027679279391965617, -0.9961775252212375, 0.0, 0.45635445616096665, 0.08312449133629506, 0.48721770866773917, 1.0]",
  "1783610289.6890328": "[0.8392508700504338, -0.5371043123016106, 0.08471679188097146, 0.0, -0.5373969746746672, -0.8430614010040627, -0.021259486061093655, 0.0, 0.0828400188924708, -0.027684505487379548, -0.9961782468142004, 0.0, 0.45635301761999714, 0.08313164161944009, 0.48721247911384413, 1.0]",
  "1783610289.7223644": "[0.8392508700504338, -0.5371043123016106, 0.08471679188097146, 0.0, -0.5373969746746672, -0.8430614010040627, -0.021259486061093655, 0.0, 0.0828400188924708, -0.027684505487379548, -0.9961782468142004, 0.0, 0.45635301761999714, 0.08313164161944009, 0.48721247911384413, 1.0]",
  "1783610289.7556713": "[0.8392379834905013, -0.5371255971188191, 0.08470950351966998, 0.0, -0.537417749411814, -0.8430480357886365, -0.021264335636514704, 0.0, 0.08283579953098631, -0.027678552575479375, -0.9961787630959558, 0.0, 0.4563536285578052, 0.0831221587204804, 0.4872111966102781, 1.0]",
  "1783610289.789006": "[0.8392379834905013, -0.5371255971188191, 0.08470950351966998, 0.0, -0.537417749411814, -0.8430480357886365, -0.021264335636514704, 0.0, 0.08283579953098631, -0.027678552575479375, -0.9961787630959558, 0.0, 0.4563536285578052, 0.0831221587204804, 0.4872111966102781, 1.0]",
  "1783610289.8223605": "[0.8392481222324686, -0.537109261822967, 0.08471263302048253, 0.0, -0.537401660077287, -0.8430583626403694, -0.021261536358314834, 0.0, 0.08283746178783914, -0.027681005150232217, -0.9961785567248582, 0.0, 0.45635263720257224, 0.0831313464422404, 0.4872111354345225, 1.0]",
  "1783610289.8556905": "[0.8392481222324686, -0.537109261822967, 0.08471263302048253, 0.0, -0.537401660077287, -0.8430583626403694, -0.021261536358314834, 0.0, 0.08283746178783914, -0.027681005150232217, -0.9961785567248582, 0.0, 0.45635263720257224, 0.0831313464422404, 0.4872111354345225, 1.0]",
  "1783610289.889074": "[0.8392444183524994, -0.5371151460995662, 0.08471201859604499, 0.0, -0.5374072017741987, -0.8430547232891843, -0.02126577111281469, 0.0, 0.08283903515493635, -0.027677669161952863, -0.9961785185820666, 0.0, 0.45635423086188676, 0.08312584944653786, 0.48721238315011584, 1.0]",
  "1783610289.9224024": "[0.8392444183524994, -0.5371151460995662, 0.08471201859604499, 0.0, -0.5374072017741987, -0.8430547232891843, -0.02126577111281469, 0.0, 0.08283903515493635, -0.027677669161952863, -0.9961785185820666, 0.0, 0.45635423086188676, 0.08312584944653786, 0.48721238315011584, 1.0]",
  "1783610289.9621594": "[0.8392473343282876, -0.5371095850612918, 0.08471838913807593, 0.0, -0.5374022742539551, -0.8430580101933751, -0.02125998766377857, 0.0, 0.08284145972603461, -0.027685467019255127, -0.9961781002744368, 0.0, 0.45635268475135404, 0.08312995825818295, 0.48721253592829517, 1.0]",
  "1783610289.989008": "[0.8392473343282876, -0.5371095850612918, 0.08471838913807593, 0.0, -0.5374022742539551, -0.8430580101933751, -0.02125998766377857, 0.0, 0.08284145972603461, -0.027685467019255127, -0.9961781002744368, 0.0, 0.45635268475135404, 0.08312995825818295, 0.48721253592829517, 1.0]",
  "1783610290.0231771": "[0.8392428978608714, -0.5371176233096158, 0.08471137538912278, 0.0, -0.5374102798383515, -0.8430529454327003, -0.021258464697933816, 0.0, 0.0828344705672207, -0.027683748436193114, -0.9961787292240132, 0.0, 0.4563528070026721, 0.0831259661577631, 0.487210357579101, 1.0]",
  "1783610290.0556986": "[0.8392428978608714, -0.5371176233096158, 0.08471137538912278, 0.0, -0.5374102798383515, -0.8430529454327003, -0.021258464697933816, 0.0, 0.0828344705672207, -0.027683748436193114, -0.9961787292240132, 0.0, 0.4563528070026721, 0.0831259661577631, 0.487210357579101, 1.0]",
  "1783610290.0891376": "[0.8392463595258904, -0.5371117587254892, 0.08471426480441009, 0.0, -0.5374043040665744, -0.8430567045974509, -0.0212604516416807, 0.0, 0.08283816749096308, -0.02768305387956871, -0.9961784411111498, 0.0, 0.4563532213830139, 0.08312866917848749, 0.4872117978437502, 1.0]",
  "1783610290.1225731": "[0.8392463595258904, -0.5371117587254892, 0.08471426480441009, 0.0, -0.5374043040665744, -0.8430567045974509, -0.0212604516416807, 0.0, 0.08283816749096308, -0.02768305387956871, -0.9961784411111498, 0.0, 0.4563532213830139, 0.08312866917848749, 0.4872117978437502, 1.0]",
  "1783610290.158095": "[0.8392437914240256, -0.537114725341018, 0.08472089693853233, 0.0, -0.5374070904486308, -0.8430548135221949, -0.02126500723240441, 0.0, 0.08284610848895513, -0.02768308542955257, -0.9961777798612736, 0.0, 0.456353935294398, 0.08312744687701307, 0.4872156376196692, 1.0]",
  "1783610290.1890824": "[0.8392437914240256, -0.537114725341018, 0.08472089693853233, 0.0, -0.5374070904486308, -0.8430548135221949, -0.02126500723240441, 0.0, 0.08284610848895513, -0.02768308542955257, -0.9961777798612736, 0.0, 0.456353935294398, 0.08312744687701307, 0.4872156376196692, 1.0]",
  "1783610290.2255816": "[0.8392459803948299, -0.5371133052817307, 0.08470821495259476, 0.0, -0.537405596843721, -0.8430558526383551, -0.021261557169222074, 0.0, 0.08283362162893018, -0.027678992422960888, -0.9961789319727079, 0.0, 0.4563544177777222, 0.08312638772247571, 0.48720977490593725, 1.0]",
  "1783610290.2556806": "[0.8392459803948299, -0.5371133052817307, 0.08470821495259476, 0.0, -0.537405596843721, -0.8430558526383551, -0.021261557169222074, 0.0, 0.08283362162893018, -0.027678992422960888, -0.9961789319727079, 0.0, 0.4563544177777222, 0.08312638772247571, 0.48720977490593725, 1.0]",
  "1783610290.2890062": "[0.8392491802272879, -0.5371069224513307, 0.08471698379124112, 0.0, -0.537399365232432, -0.8430598053614426, -0.021262333637345268, 0.0, 0.08284163044994014, -0.027682457238958104, -0.996178169719458, 0.0, 0.4563530050188918, 0.08312797435102234, 0.487212890202227, 1.0]",
  "1783610290.322395": "[0.8392491802272879, -0.5371069224513307, 0.08471698379124112, 0.0, -0.537399365232432, -0.8430598053614426, -0.021262333637345268, 0.0, 0.08284163044994014, -0.027682457238958104, -0.996178169719458, 0.0, 0.4563530050188918, 0.08312797435102234, 0.487212890202227, 1.0]",
  "1783610290.3562565": "[0.8392439441522663, -0.5371155935278111, 0.08471387957716783, 0.0, -0.5374080641642163, -0.8430542830463765, -0.021261430065494226, 0.0, 0.08283824463988426, -0.027682395604923353, -0.9961784529884972, 0.0, 0.456353999362399, 0.08312554529404334, 0.48721233427064775, 1.0]",
  "1783610290.3906708": "[0.8392439441522663, -0.5371155935278111, 0.08471387957716783, 0.0, -0.5374080641642163, -0.8430542830463765, -0.021261430065494226, 0.0, 0.08283824463988426, -0.027682395604923353, -0.9961784529884972, 0.0, 0.456353999362399, 0.08312554529404334, 0.48721233427064775, 1.0]",
  "1783610290.422377": "[0.8392469191049088, -0.5371101371492407, 0.08471900226302469, 0.0, -0.537402718373749, -0.8430576883989171, -0.0212615219582046, 0.0, 0.0828427851863011, -0.02768455531515668, -0.9961780153865967, 0.0, 0.4563526150238489, 0.0831281876076953, 0.48721386128523364, 1.0]",
  "1783610290.4559526": "[0.8392469191049088, -0.5371101371492407, 0.08471900226302469, 0.0, -0.537402718373749, -0.8430576883989171, -0.0212615219582046, 0.0, 0.0828427851863011, -0.02768455531515668, -0.9961780153865967, 0.0, 0.4563526150238489, 0.0831281876076953, 0.48721386128523364, 1.0]",
  "1783610290.4890158": "[0.839247003391818, -0.5371112139238383, 0.08471134029818302, 0.0, -0.5374037638127602, -0.8430570758675691, -0.021259385445077317, 0.0, 0.08283514916828903, -0.027682317585134338, -0.9961787125588373, 0.0, 0.4563542881921945, 0.08312620209320165, 0.4872103071765525, 1.0]",
  "1783610290.5240526": "[0.839247003391818, -0.5371112139238383, 0.08471134029818302, 0.0, -0.5374037638127602, -0.8430570758675691, -0.021259385445077317, 0.0, 0.08283514916828903, -0.027682317585134338, -0.9961787125588373, 0.0, 0.4563542881921945, 0.08312620209320165, 0.4872103071765525, 1.0]",
  "1783610290.557349": "[0.8392463016447707, -0.5371110239088762, 0.08471949699528039, 0.0, -0.5374035155460927, -0.8430571476662017, -0.021262813727924518, 0.0, 0.08284386914114569, -0.027683817736838007, -0.9961779457412405, 0.0, 0.45635372074456904, 0.08312712753573005, 0.48721450686234147, 1.0]",
  "1783610290.5890214": "[0.8392463016447707, -0.5371110239088762, 0.08471949699528039, 0.0, -0.5374035155460927, -0.8430571476662017, -0.021262813727924518, 0.0, 0.08284386914114569, -0.027683817736838007, -0.9961779457412405, 0.0, 0.45635372074456904, 0.08312712753573005, 0.48721450686234147, 1.0]",
  "1783610290.622611": "[0.8392473156412061, -0.5371098674117447, 0.0847167841573786, 0.0, -0.5374023763421156, -0.843057903650783, -0.021261631964496187, 0.0, 0.08284098678116336, -0.027683233569882677, -0.9961782016728924, 0.0, 0.4563537478817198, 0.08312765840182197, 0.48721348351611665, 1.0]",
  "1783610290.6557033": "[0.8392473156412061, -0.5371098674117447, 0.0847167841573786, 0.0, -0.5374023763421156, -0.843057903650783, -0.021261631964496187, 0.0, 0.08284098678116336, -0.027683233569882677, -0.9961782016728924, 0.0, 0.4563537478817198, 0.08312765840182197, 0.48721348351611665, 1.0]",
  "1783610290.6890373": "[0.8392449729225886, -0.5371140687028857, 0.08471335565066045, 0.0, -0.5374067309985553, -0.8430551975346026, -0.021258866087802267, 0.0, 0.08283647084231584, -0.02768413103791688, -0.9961785522621263, 0.0, 0.4563527119919814, 0.08312523441071648, 0.487211008557331, 1.0]",
  "1783610290.7223523": "[0.8392449729225886, -0.5371140687028857, 0.08471335565066045, 0.0, -0.5374067309985553, -0.8430551975346026, -0.021258866087802267, 0.0, 0.08283647084231584, -0.02768413103791688, -0.9961785522621263, 0.0, 0.4563527119919814, 0.08312523441071648, 0.487211008557331, 1.0]",
  "1783610290.7556787": "[0.8392450347732745, -0.5371136827371712, 0.08471519004829407, 0.0, -0.5374062107381614, -0.8430554734506732, -0.021261075817358574, 0.0, 0.08283921938584403, -0.02768321696216061, -0.9961783491073117, 0.0, 0.45635396967058395, 0.08312648965487576, 0.4872124364301481, 1.0]",
  "1783610290.7896843": "[0.8392450347732745, -0.5371136827371712, 0.08471519004829407, 0.0, -0.5374062107381614, -0.8430554734506732, -0.021261075817358574, 0.0, 0.08283921938584403, -0.02768321696216061, -0.9961783491073117, 0.0, 0.45635396967058395, 0.08312648965487576, 0.4872124364301481, 1.0]",
  "1783610290.822391": "[0.8392455883588987, -0.5371126025010001, 0.08471655478552283, 0.0, -0.5374050885279439, -0.8430561660071116, -0.02126197972113982, 0.0, 0.08284089113715919, -0.02768308494355334, -0.9961782137567603, 0.0, 0.4563538602088606, 0.08312558060278032, 0.48721325039654406, 1.0]",
  "1783610290.855776": "[0.8392455883588987, -0.5371126025010001, 0.08471655478552283, 0.0, -0.5374050885279439, -0.8430561660071116, -0.02126197972113982, 0.0, 0.08284089113715919, -0.02768308494355334, -0.9961782137567603, 0.0, 0.4563538602088606, 0.08312558060278032, 0.48721325039654406, 1.0]",
  "1783610290.8900876": "[0.8392473124043637, -0.5371095083232488, 0.08471909283514806, 0.0, -0.537402071782411, -0.8430580952763653, -0.02126173165478469, 0.0, 0.08284299527434372, -0.02768436486079412, -0.9961780032083776, 0.0, 0.45635335701215335, 0.08312839496711433, 0.4872142816600682, 1.0]",
  "1783610290.926251": "[0.8392473124043637, -0.5371095083232488, 0.08471909283514806, 0.0, -0.537402071782411, -0.8430580952763653, -0.02126173165478469, 0.0, 0.08284299527434372, -0.02768436486079412, -0.9961780032083776, 0.0, 0.45635335701215335, 0.08312839496711433, 0.4872142816600682, 1.0]",
  "1783610290.9558384": "[0.8392462754251837, -0.5371111207911352, 0.08471914250892351, 0.0, -0.5374039293278696, -0.8430569828712831, -0.021258889315656223, 0.0, 0.08284145054212211, -0.027686956395742524, -0.9961780596447694, 0.0, 0.45635266448856354, 0.08312700873326498, 0.4872137243578245, 1.0]",
  "1783610290.9895751": "[0.8392462754251837, -0.5371111207911352, 0.08471914250892351, 0.0, -0.5374039293278696, -0.8430569828712831, -0.021258889315656223, 0.0, 0.08284145054212211, -0.027686956395742524, -0.9961780596447694, 0.0, 0.45635266448856354, 0.08312700873326498, 0.4872137243578245, 1.0]",
  "1783610291.0233536": "[0.8392456972884889, -0.5371126887532911, 0.08471492880814062, 0.0, -0.5374052513677443, -0.8430560990785505, -0.021260517604897725, 0.0, 0.08283873118976147, -0.02768344968870279, -0.996178383236759, 0.0, 0.45635373900273213, 0.083126308890671, 0.48721187014127076, 1.0]",
  "1783610291.0578523": "[0.8392456972884889, -0.5371126887532911, 0.08471492880814062, 0.0, -0.5374052513677443, -0.8430560990785505, -0.021260517604897725, 0.0, 0.08283873118976147, -0.02768344968870279, -0.996178383236759, 0.0, 0.45635373900273213, 0.083126308890671, 0.48721187014127076, 1.0]",
  "1783610291.089116": "[0.8392454361664319, -0.5371126681480358, 0.08471764626518727, 0.0, -0.5374051616147757, -0.8430561123432601, -0.021262260238864662, 0.0, 0.0828419588349548, -0.027683445514716208, -0.9961781149477342, 0.0, 0.4563542552556226, 0.08312834411754566, 0.4872139271176332, 1.0]",
  "1783610291.1227229": "[0.8392454361664319, -0.5371126681480358, 0.08471764626518727, 0.0, -0.5374051616147757, -0.8430561123432601, -0.021262260238864662, 0.0, 0.0828419588349548, -0.027683445514716208, -0.9961781149477342, 0.0, 0.4563542552556226, 0.08312834411754566, 0.4872139271176332, 1.0]",
