{
  "1783610163.7746282": "[0.8413267470101548, -0.5344312056853344, 0.0809480769075508, 0.0, -0.534921628649532, -0.8447239045036168, -0.017331369337024515, 0.0, 0.07764120019836925, -0.028719532549884273, -0.9965676256440767, 0.0, 0.45603240050016736, 0.08267409148913091, 0.48519578695931126, 1.0]",
  "1783610163.8014753": "[0.8413337732284345, -0.5344190964768014, 0.08095499580707864, 0.0, -0.5349097940479126, -0.8447314311186529, -0.01732978683803788, 0.0, 0.07764659848843787, -0.028723485184623202, -0.9965670911393891, 0.0, 0.45603039833812237, 0.08268264088020164, 0.48519784063635235, 1.0]",
  "1783610163.8422186": "[0.8413337732284345, -0.5344190964768014, 0.08095499580707864, 0.0, -0.5349097940479126, -0.8447314311186529, -0.01732978683803788, 0.0, 0.07764659848843787, -0.028723485184623202, -0.9965670911393891, 0.0, 0.45603039833812237, 0.08268264088020164, 0.48519784063635235, 1.0]",
  "1783610163.8688421": "[0.8413272157139314, -0.53442978641191, 0.08095257559067595, 0.0, -0.534920136580925, -0.8447247974113969, -0.017333900845433653, 0.0, 0.07764640094227487, -0.02871968025579197, -0.9965672161910188, 0.0, 0.4560325871804562, 0.0826754542016055, 0.4851979286187651, 1.0]",
  "1783610163.9020958": "[0.8413272157139314, -0.53442978641191, 0.08095257559067595, 0.0, -0.534920136580925, -0.8447247974113969, -0.017333900845433653, 0.0, 0.07764640094227487, -0.02871968025579197, -0.9965672161910188, 0.0, 0.4560325871804562, 0.0826754542016055, 0.4851979286187651, 1.0]",
  "1783610163.934818": "[0.8413190592128745, -0.5344430087808265, 0.08095005231907526, 0.0, -0.5349330691090783, -0.8447165365988201, -0.01733736917865232, 0.0, 0.07764568358064541, -0.028716600804973326, -0.9965673608238945, 0.0, 0.4560317266180908, 0.08267135008773538, 0.48519801130922646, 1.0]",
  "1783610163.9732366": "[0.8413190592128745, -0.5344430087808265, 0.08095005231907526, 0.0, -0.5349330691090783, -0.8447165365988201, -0.01733736917865232, 0.0, 0.07764568358064541, -0.028716600804973326, -0.9965673608238945, 0.0, 0.4560317266180908, 0.08267135008773538, 0.48519801130922646, 1.0]",
  "1783610164.0015254": "[0.8413647147738215, -0.5343717212736384, 0.08094615640421118, 0.0, -0.5348631749630174, -0.844761266638935, -0.017314342466962288, 0.0, 0.07763247260036665, -0.02872744140419738, -0.9965680776085106, 0.0, 0.45602812527925024, 0.08270842134953796, 0.4851912276914316, 1.0]",
  "1783610164.0351725": "[0.8413647147738215, -0.5343717212736384, 0.08094615640421118, 0.0, -0.5348631749630174, -0.844761266638935, -0.017314342466962288, 0.0, 0.07763247260036665, -0.02872744140419738, -0.9965680776085106, 0.0, 0.45602812527925024, 0.08270842134953796, 0.4851912276914316, 1.0]",
  "1783610164.0688035": "[0.8410711352298916, -0.5348340368352673, 0.08094379856167588, 0.0, -0.5353103945614064, -0.8444734702737371, -0.01753110031752864, 0.0, 0.07773111962150464, -0.02858515429945679, -0.996564479597815, 0.0, 0.45605278046110603, 0.0824763878053012, 0.48526921275999946, 1.0]",
  "1783610164.1014802": "[0.8410711352298916, -0.5348340368352673, 0.08094379856167588, 0.0, -0.5353103945614064, -0.8444734702737371, -0.01753110031752864, 0.0, 0.07773111962150464, -0.02858515429945679, -0.996564479597815, 0.0, 0.45605278046110603, 0.0824763878053012, 0.48526921275999946, 1.0]",
  "1783610164.134828": "[0.8341377440902868, -0.5453079710788381, 0.08278550937119551, 0.0, -0.5455549452936973, -0.8377963772078545, -0.021610923233069606, 0.0, 0.08114200853786017, -0.027137557282772378, -0.9963330404213073, 0.0, 0.45682720909008123, 0.07666104044882485, 0.48716168243552493, 1.0]",
  "1783610164.170708": "[0.8341377440902868, -0.5453079710788381, 0.08278550937119551, 0.0, -0.5455549452936973, -0.8377963772078545, -0.021610923233069606, 0.0, 0.08114200853786017, -0.027137557282772378, -0.9963330404213073, 0.0, 0.45682720909008123, 0.07666104044882485, 0.48716168243552493, 1.0]",
  "1783610164.2014756": "[0.8275696264109926, -0.5556808118370951, 0.07967025039522005, 0.0, -0.5558395650802399, -0.8309924525551582, -0.022224348984249218, 0.0, 0.07855502105772597, -0.02589168114339026, -0.9965734942863924, 0.0, 0.4578704523112491, 0.07064618236259856, 0.48625360737079815, 1.0]",
  "1783610164.2353227": "[0.8275696264109926, -0.5556808118370951, 0.07967025039522005, 0.0, -0.5558395650802399, -0.8309924525551582, -0.022224348984249218, 0.0, 0.07855502105772597, -0.02589168114339026, -0.9965734942863924, 0.0, 0.4578704523112491, 0.07064618236259856, 0.48625360737079815, 1.0]",
  "1783610164.2682288": "[0.8340217048317881, -0.5462755004505766, 0.07740073305176104, 0.0, -0.5466260908177849, -0.837173201712788, -0.018464754837970294, 0.0, 0.07488466269366903, -0.026909253825250067, -0.9968290622528135, 0.0, 0.4573133554003466, 0.07598270897917436, 0.48430654444074445, 1.0]",
  "1783610164.30149": "[0.8340217048317881, -0.5462755004505766, 0.07740073305176104, 0.0, -0.5466260908177849, -0.837173201712788, -0.018464754837970294, 0.0, 0.07488466269366903, -0.026909253825250067, -0.9968290622528135, 0.0, 0.4573133554003466, 0.07598270897917436, 0.48430654444074445, 1.0]",
  "1783610164.3349767": "[0.8410703239525886, -0.535069185666075, 0.07938310095310591, 0.0, -0.5355521884607883, -0.8443334714716813, -0.016877274289409716, 0.0, 0.07605631861422027, -0.028318818888209037, -0.9967012997360991, 0.0, 0.4561628794917248, 0.08235662396947853, 0.4844877005973812, 1.0]",
  "1783610164.3681822": "[0.8410703239525886, -0.535069185666075, 0.07938310095310591, 0.0, -0.5355521884607883, -0.8443334714716813, -0.016877274289409716, 0.0, 0.07605631861422027, -0.028318818888209037, -0.9967012997360991, 0.0, 0.4561628794917248, 0.08235662396947853, 0.4844877005973812, 1.0]",
  "1783610164.4036646": "[0.8433838090493595, -0.531096052439891, 0.08149069711419954, 0.0, -0.5316078756272496, -0.8468182420248369, -0.01708600436169748, 0.0, 0.07808211834009318, -0.02891103693626086, -0.9965276387229782, 0.0, 0.45567047929209414, 0.08463967995085492, 0.4852732193994995, 1.0]",
  "1783610164.4358947": "[0.8433838090493595, -0.531096052439891, 0.08149069711419954, 0.0, -0.5316078756272496, -0.8468182420248369, -0.01708600436169748, 0.0, 0.07808211834009318, -0.02891103693626086, -0.9965276387229782, 0.0, 0.45567047929209414, 0.08463967995085492, 0.4852732193994995, 1.0]",
  "1783610164.4681575": "[0.8423815829588516, -0.5327097516694711, 0.08132397658741225, 0.0, -0.5332027112656735, -0.8458096033433504, -0.017348878669797757, 0.0, 0.07802651722763482, -0.02874778893088907, -0.9965367164539956, 0.0, 0.4558171360740072, 0.08373080828612164, 0.4853018999553639, 1.0]",
  "1783610164.5017016": "[0.8423815829588516, -0.5327097516694711, 0.08132397658741225, 0.0, -0.5332027112656735, -0.8458096033433504, -0.017348878669797757, 0.0, 0.07802651722763482, -0.02874778893088907, -0.9965367164539956, 0.0, 0.4558171360740072, 0.08373080828612164, 0.4853018999553639, 1.0]",
  "1783610164.53502": "[0.8415320738124141, -0.5341187624136843, 0.08087593203575416, 0.0, -0.534592440597226, -0.844928727532549, -0.01750336671984043, 0.0, 0.0776832749134527, -0.028506017398122682, -0.9965704770716517, 0.0, 0.4559892198618928, 0.08292740792890689, 0.4851973458887229, 1.0]",
  "1783610164.5688107": "[0.8415320738124141, -0.5341187624136843, 0.08087593203575416, 0.0, -0.534592440597226, -0.844928727532549, -0.01750336671984043, 0.0, 0.0776832749134527, -0.028506017398122682, -0.9965704770716517, 0.0, 0.4559892198618928, 0.08292740792890689, 0.4851973458887229, 1.0]",
  "1783610164.6020126": "[0.8414085425516628, -0.5343146977811214, 0.08086697877474854, 0.0, -0.534783741668211, -0.8448062835116394, -0.01756966096998773, 0.0, 0.07770465988880566, -0.028463082656679593, -0.9965700370557227, 0.0, 0.4560098979398111, 0.08281679669831654, 0.48521397981246495, 1.0]",
  "1783610164.6348279": "[0.8414085425516628, -0.5343146977811214, 0.08086697877474854, 0.0, -0.534783741668211, -0.8448062835116394, -0.01756966096998773, 0.0, 0.07770465988880566, -0.028463082656679593, -0.9965700370557227, 0.0, 0.4560098979398111, 0.08281679669831654, 0.48521397981246495, 1.0]",
  "1783610164.6681442": "[0.8414484544970052, -0.5342591184553344, 0.08081888870759328, 0.0, -0.5347296325561858, -0.8448413526929859, -0.01753022664464809, 0.0, 0.07764482269235888, -0.028465472545089267, -0.996574632620085, 0.0, 0.45601044694604154, 0.08284626034188752, 0.485185835264201, 1.0]",
  "1783610164.7025979": "[0.8414484544970052, -0.5342591184553344, 0.08081888870759328, 0.0, -0.5347296325561858, -0.8448413526929859, -0.01753022664464809, 0.0, 0.07764482269235888, -0.028465472545089267, -0.996574632620085, 0.0, 0.45601044694604154, 0.08284626034188752, 0.485185835264201, 1.0]",
  "1783610164.7427177": "[0.8414549178825744, -0.5342387247522223, 0.08088637800241201, 0.0, -0.534708670050473, -0.8448539748708432, -0.017561301711171543, 0.0, 0.07771910539940864, -0.028473603917584595, -0.9965686100494335, 0.0, 0.45600166656277064, 0.0828577577154121, 0.4852193327106282, 1.0]",
  "1783610164.76821": "[0.8414549178825744, -0.5342387247522223, 0.08088637800241201, 0.0, -0.534708670050473, -0.8448539748708432, -0.017561301711171543, 0.0, 0.07771910539940864, -0.028473603917584595, -0.9965686100494335, 0.0, 0.45600166656277064, 0.0828577577154121, 0.4852193327106282, 1.0]",
  "1783610164.8016858": "[0.8414128959331824, -0.5343165657087209, 0.08080931980021723, 0.0, -0.5347861417589669, -0.8448053448606423, -0.017541718201176178, 0.0, 0.07764097590765905, -0.028455876442829202, -0.9965752063722921, 0.0, 0.45601446856659145, 0.08281245671275453, 0.4851860831472754, 1.0]",
  "1783610164.8351536": "[0.8414128959331824, -0.5343165657087209, 0.08080931980021723, 0.0, -0.5347861417589669, -0.8448053448606423, -0.017541718201176178, 0.0, 0.07764097590765905, -0.028455876442829202, -0.9965752063722921, 0.0, 0.45601446856659145, 0.08281245671275453, 0.4851860831472754, 1.0]",
  "1783610164.8686404": "[0.8414644144218649, -0.5342264806807097, 0.08086845244699112, 0.0, -0.5346965138047531, -0.8448618420632468, -0.0175529470614171, 0.0, 0.07769991883336466, -0.028469899279778277, -0.9965702120012858, 0.0, 0.4560019307443674, 0.08286309624833274, 0.48521044567595306, 1.0]",
  "1783610164.9014874": "[0.8414644144218649, -0.5342264806807097, 0.08086845244699112, 0.0, -0.5346965138047531, -0.8448618420632468, -0.0175529470614171, 0.0, 0.07769991883336466, -0.028469899279778277, -0.9965702120012858, 0.0, 0.4560019307443674, 0.08286309624833274, 0.48521044567595306, 1.0]",
  "1783610164.934985": "[0.8414294534467261, -0.5342859683563268, 0.08083921628693555, 0.0, -0.5347552245692502, -0.8448246347044621, -0.017555238316893235, 0.0, 0.07767447887327272, -0.028457698677411908, -0.9965725436302926, 0.0, 0.45601006098705127, 0.08283207396258475, 0.485200367335484, 1.0]",
  "1783610164.9695992": "[0.8414294534467261, -0.5342859683563268, 0.08083921628693555, 0.0, -0.5347552245692502, -0.8448246347044621, -0.017555238316893235, 0.0, 0.07767447887327272, -0.028457698677411908, -0.9965725436302926, 0.0, 0.45601006098705127, 0.08283207396258475, 0.485200367335484, 1.0]",
  "1783610165.0088134": "[0.8414506348832814, -0.534250004220666, 0.08085642859254234, 0.0, -0.5347201842265773, -0.8448469667850493, -0.017547857270827416, 0.0, 0.0776862512624845, -0.028469908751528383, -0.9965712772604185, 0.0, 0.45600509534978945, 0.08285136259937284, 0.485204405257892, 1.0]",
  "1783610165.0386941": "[0.8414506348832814, -0.534250004220666, 0.08085642859254234, 0.0, -0.5347201842265773, -0.8448469667850493, -0.017547857270827416, 0.0, 0.0776862512624845, -0.028469908751528383, -0.9965712772604185, 0.0, 0.45600509534978945, 0.08285136259937284, 0.485204405257892, 1.0]",
  "1783610165.0688298": "[0.8414399066749053, -0.5342715393428505, 0.08082577375532876, 0.0, -0.5347415006357099, -0.8448336276556072, -0.017540498286434093, 0.0, 0.07765572067011953, -0.028461620306798434, -0.9965738935055026, 0.0, 0.45600881096312595, 0.0828371849987884, 0.485191694721713, 1.0]",
  "1783610165.1014946": "[0.8414399066749053, -0.5342715393428505, 0.08082577375532876, 0.0, -0.5347415006357099, -0.8448336276556072, -0.017540498286434093, 0.0, 0.07765572067011953, -0.028461620306798434, -0.9965738935055026, 0.0, 0.45600881096312595, 0.0828371849987884, 0.485191694721713, 1.0]",
  "1783610165.1366506": "[0.8414484970977754, -0.5342519831218452, 0.0808655999932655, 0.0, -0.5347218856653709, -0.8448457437408621, -0.017554893147505603, 0.0, 0.07769769444690837, -0.028469067658179897, -0.9965704091855778, 0.0, 0.45600521829355384, 0.08285057670970092, 0.485209565270048, 1.0]",
  "1783610165.1686385": "[0.8414484970977754, -0.5342519831218452, 0.0808655999932655, 0.0, -0.5347218856653709, -0.8448457437408621, -0.017554893147505603, 0.0, 0.07769769444690837, -0.028469067658179897, -0.9965704091855778, 0.0, 0.45600521829355384, 0.08285057670970092, 0.485209565270048, 1.0]",
  "1783610165.2023172": "[0.8414370527447765, -0.5342738500721163, 0.08084020903796503, 0.0, -0.5347437000518165, -0.8448320930717412, -0.01754735794683558, 0.0, 0.07767149749475045, -0.028463795339680742, -0.9965726018869798, 0.0, 0.45600836266045286, 0.08283847827568941, 0.4851982772399473, 1.0]",
  "1783610165.2349122": "[0.8414370527447765, -0.5342738500721163, 0.08084020903796503, 0.0, -0.5347437000518165, -0.8448320930717412, -0.01754735794683558, 0.0, 0.07767149749475045, -0.028463795339680742, -0.9965726018869798, 0.0, 0.45600836266045286, 0.08283847827568941, 0.4851982772399473, 1.0]",
  "1783610165.2682297": "[0.8414402790293067, -0.5342672869217678, 0.08085000279737681, 0.0, -0.5347372814298642, -0.8448361264829307, -0.017548767430089013, 0.0, 0.07768073555316468, -0.02846727093647168, -0.9965717825672913, 0.0, 0.45600692078667004, 0.08283985541541153, 0.48520223008574115, 1.0]",
  "1783610165.301807": "[0.8414402790293067, -0.5342672869217678, 0.08085000279737681, 0.0, -0.5347372814298642, -0.8448361264829307, -0.017548767430089013, 0.0, 0.07768073555316468, -0.02846727093647168, -0.9965717825672913, 0.0, 0.45600692078667004, 0.08283985541541153, 0.48520223008574115, 1.0]",
  "1783610165.335708": "[0.841442106241209, -0.5342656567566741, 0.08084175811248545, 0.0, -0.5347354571572529, -0.8448372941852, -0.0175481398630526, 0.0, 0.07767350064971842, -0.028463210714693668, -0.9965724624595187, 0.0, 0.45600758182114115, 0.08284024425981248, 0.4851993869205688, 1.0]",
  "1783610165.3681765": "[0.841442106241209, -0.5342656567566741, 0.08084175811248545, 0.0, -0.5347354571572529, -0.8448372941852, -0.0175481398630526, 0.0, 0.07767350064971842, -0.028463210714693668, -0.9965724624595187, 0.0, 0.45600758182114115, 0.08284024425981248, 0.4851993869205688, 1.0]",
  "1783610165.4015045": "[0.8414435853622773, -0.5342619418680248, 0.08085091294526901, 0.0, -0.5347316613084352, -0.8448396091870043, -0.01755235434553411, 0.0, 0.07768360861209427, -0.028464227025471998, -0.9965716455593374, 0.0, 0.4560066381040571, 0.08284397005105601, 0.48520385271737265, 1.0]",
  "1783610165.4350755": "[0.8414435853622773, -0.5342619418680248, 0.08085091294526901, 0.0, -0.5347316613084352, -0.8448396091870043, -0.01755235434553411, 0.0, 0.07768360861209427, -0.028464227025471998, -0.9965716455593374, 0.0, 0.4560066381040571, 0.08284397005105601, 0.48520385271737265, 1.0]",
  "1783610165.468892": "[0.8414467744426042, -0.5342573316704126, 0.08084818697131009, 0.0, -0.5347275496895655, -0.8448423702272443, -0.01754471635010515, 0.0, 0.07767736725153844, -0.0284688079347061, -0.9965720012079644, 0.0, 0.4560075856705767, 0.0828443595306779, 0.48520074425945325, 1.0]",
  "1783610165.5014694": "[0.8414467744426042, -0.5342573316704126, 0.08084818697131009, 0.0, -0.5347275496895655, -0.8448423702272443, -0.01754471635010515, 0.0, 0.07767736725153844, -0.0284688079347061, -0.9965720012079644, 0.0, 0.4560075856705767, 0.0828443595306779, 0.48520074425945325, 1.0]",
  "1783610165.5348468": "[0.8414403514010256, -0.5342677348220458, 0.08084628972462936, 0.0, -0.5347375241247153, -0.8448359460797965, -0.017550057106031074, 0.0, 0.07767828092258534, -0.028464218583610867, -0.9965720610840627, 0.0, 0.4560070326124956, 0.08284086947663917, 0.48520121703734187, 1.0]",
  "1783610165.5681481": "[0.8414403514010256, -0.5342677348220458, 0.08084628972462936, 0.0, -0.5347375241247153, -0.8448359460797965, -0.017550057106031074, 0.0, 0.07767828092258534, -0.028464218583610867, -0.9965720610840627, 0.0, 0.4560070326124956, 0.08284086947663917, 0.48520121703734187, 1.0]",
  "1783610165.60241": "[0.841442896763124, -0.5342643197508106, 0.08084236592336025, 0.0, -0.5347340848492399, -0.8448381501636386, -0.017548747206777435, 0.0, 0.07767438437045152, -0.028462899874840835, -0.9965724024592424, 0.0, 0.45600804610702744, 0.08284251654424776, 0.4852000910322982, 1.0]",
  "1783610165.6348505": "[0.841442896763124, -0.5342643197508106, 0.08084236592336025, 0.0, -0.5347340848492399, -0.8448381501636386, -0.017548747206777435, 0.0, 0.07767438437045152, -0.028462899874840835, -0.9965724024592424, 0.0, 0.45600804610702744, 0.08284251654424776, 0.4852000910322982, 1.0]",
  "1783610165.6698246": "[0.8414390490696644, -0.5342693949424874, 0.08084887339058852, 0.0, -0.5347390386376237, -0.8448349271280307, -0.017552961615786917, 0.0, 0.07768196224123641, -0.02846330150147421, -0.9965718003284998, 0.0, 0.4560070212289226, 0.08283976767863543, 0.4852033061108828, 1.0]",
  "1783610165.7028291": "[0.8414390490696644, -0.5342693949424874, 0.08084887339058852, 0.0, -0.5347390386376237, -0.8448349271280307, -0.017552961615786917, 0.0, 0.07768196224123641, -0.02846330150147421, -0.9965718003284998, 0.0, 0.4560070212289226, 0.08283976767863543, 0.4852033061108828, 1.0]",
  "1783610165.7350833": "[0.8414460195688108, -0.534259115252368, 0.080844257195928, 0.0, -0.5347291874455499, -0.8448413228959695, -0.017545233575230867, 0.0, 0.07767427016474884, -0.02846641700573457, -0.996572310902339, 0.0, 0.45600688117277816, 0.08284285073058037, 0.4851997234789737, 1.0]",
  "1783610165.7691584": "[0.8414460195688108, -0.534259115252368, 0.080844257195928, 0.0, -0.5347291874455499, -0.8448413228959695, -0.017545233575230867, 0.0, 0.07767427016474884, -0.02846641700573457, -0.996572310902339, 0.0, 0.45600688117277816, 0.08284285073058037, 0.4851997234789737, 1.0]",
  "1783610165.8025305": "[0.8414382672637395, -0.534270357215544, 0.08085065111036999, 0.0, -0.5347403084893644, -0.8448341907256516, -0.017549719588449007, 0.0, 0.0776816893540247, -0.028467096474856176, -0.9965717132035188, 0.0, 0.4560070166017934, 0.08284040090950931, 0.4852029366646287, 1.0]",
  "1783610165.8348475": "[0.8414382672637395, -0.534270357215544, 0.08085065111036999, 0.0, -0.5347403084893644, -0.8448341907256516, -0.017549719588449007, 0.0, 0.0776816893540247, -0.028467096474856176, -0.9965717132035188, 0.0, 0.4560070166017934, 0.08284040090950931, 0.4852029366646287, 1.0]",
  "1783610165.8681877": "[0.8414444637964178, -0.5342610677471448, 0.08084754687706903, 0.0, -0.5347311583315123, -0.8448400531127447, -0.01754630918152397, 0.0, 0.07767755567600067, -0.02846745766898277, -0.9965720250930519, 0.0, 0.45600714849445945, 0.08284358207580111, 0.48520085266953183, 1.0]",
  "1783610165.9015617": "[0.8414444637964178, -0.5342610677471448, 0.08084754687706903, 0.0, -0.5347311583315123, -0.8448400531127447, -0.01754630918152397, 0.0, 0.07767755567600067, -0.02846745766898277, -0.9965720250930519, 0.0, 0.45600714849445945, 0.08284358207580111, 0.48520085266953183, 1.0]",
  "1783610165.9370792": "[0.841440289938379, -0.5342673048668759, 0.0808497706781, 0.0, -0.5347369923589741, -0.8448362293819993, -0.01755262164134899, 0.0, 0.07768260726375685, -0.0284638801622446, -0.9965717335218847, 0.0, 0.456006714147561, 0.08284217083784935, 0.48520319526160816, 1.0]",
  "1783610165.9681687": "[0.841440289938379, -0.5342673048668759, 0.0808497706781, 0.0, -0.5347369923589741, -0.8448362293819993, -0.01755262164134899, 0.0, 0.07768260726375685, -0.0284638801622446, -0.9965717335218847, 0.0, 0.456006714147561, 0.08284217083784935, 0.48520319526160816, 1.0]",
  "1783610166.003281": "[0.8414424278812885, -0.5342650728362536, 0.08084226931819255, 0.0, -0.5347349308564434, -0.8448376393807984, -0.01754755844654306, 0.0, 0.07767363956450929, -0.02846392511149366, -0.9965724312281823, 0.0, 0.4560061003385768, 0.08284356169963716, 0.4851989285309776, 1.0]",
  "1783610166.0348864": "[0.8414424278812885, -0.5342650728362536, 0.08084226931819255, 0.0, -0.5347349308564434, -0.8448376393807984, -0.01754755844654306, 0.0, 0.07767363956450929, -0.02846392511149366, -0.9965724312281823, 0.0, 0.4560061003385768, 0.08284356169963716, 0.4851989285309776, 1.0]",
  "1783610166.0706825": "[0.8414405796982276, -0.5342668158623481, 0.0808499864280652, 0.0, -0.5347369104868197, -0.8448363885805621, -0.017547452611830834, 0.0, 0.07768003218409238, -0.02846833325751877, -0.9965718070472478, 0.0, 0.4560068403602755, 0.08284075999590837, 0.4852008686492309, 1.0]",
  "1783610166.1014898": "[0.8414405796982276, -0.5342668158623481, 0.0808499864280652, 0.0, -0.5347369104868197, -0.8448363885805621, -0.017547452611830834, 0.0, 0.07768003218409238, -0.02846833325751877, -0.9965718070472478, 0.0, 0.4560068403602755, 0.08284075999590837, 0.4852008686492309, 1.0]",
  "1783610166.1366313": "[0.8414421611145821, -0.5342645636211751, 0.08084841097694559, 0.0, -0.5347342148155285, -0.8448379910815582, -0.017552445154376553, 0.0, 0.07768145856278649, -0.028463044179296362, -0.9965718469390985, 0.0, 0.4560078144873807, 0.08284207237833291, 0.48520307460725376, 1.0]",
  "1783610166.1700544": "[0.8414421611145821, -0.5342645636211751, 0.08084841097694559, 0.0, -0.5347342148155285, -0.8448379910815582, -0.017552445154376553, 0.0, 0.07768145856278649, -0.028463044179296362, -0.9965718469390985, 0.0, 0.4560078144873807, 0.08284207237833291, 0.48520307460725376, 1.0]",
  "1783610166.201778": "[0.8414430913464522, -0.5342627945376739, 0.08085041990071162, 0.0, -0.5347324569765912, -0.8448390932359366, -0.017552948357992697, 0.0, 0.07768348267877859, -0.028463536552502604, -0.9965716750970901, 0.0, 0.45600631423610494, 0.0828438682837501, 0.48520354872964, 1.0]",
  "1783610166.2348497": "[0.8414430913464522, -0.5342627945376739, 0.08085041990071162, 0.0, -0.5347324569765912, -0.8448390932359366, -0.017552948357992697, 0.0, 0.07768348267877859, -0.028463536552502604, -0.9965716750970901, 0.0, 0.45600631423610494, 0.0828438682837501, 0.48520354872964, 1.0]",
  "1783610166.2684863": "[0.8414406341626328, -0.5342670668199615, 0.0808477612032702, 0.0, -0.5347367166590918, -0.8448364094648073, -0.017552353097722, 0.0, 0.07768077649354713, -0.02846300325348135, -0.996571901274139, 0.0, 0.45600798553923577, 0.08284208668685702, 0.48520265366993964, 1.0]",
  "1783610166.301503": "[0.8414406341626328, -0.5342670668199615, 0.0808477612032702, 0.0, -0.5347367166590918, -0.8448364094648073, -0.017552353097722, 0.0, 0.07768077649354713, -0.02846300325348135, -0.996571901274139, 0.0, 0.45600798553923577, 0.08284208668685702, 0.48520265366993964, 1.0]",
  "1783610166.3348355": "[0.8414389698465384, -0.5342696122943408, 0.08084826159201566, 0.0, -0.5347392290578373, -0.8448348038653459, -0.01755309330095879, 0.0, 0.07768150957741438, -0.028462880329601876, -0.9965718476422645, 0.0, 0.4560070074435343, 0.08284133988045156, 0.48520278140981765, 1.0]",
  "1783610166.3700716": "[0.8414389698465384, -0.5342696122943408, 0.08084826159201566, 0.0, -0.5347392290578373, -0.8448348038653459, -0.01755309330095879, 0.0, 0.07768150957741438, -0.028462880329601876, -0.9965718476422645, 0.0, 0.4560070074435343, 0.08284133988045156, 0.48520278140981765, 1.0]",
  "1783610166.4031184": "[0.8414401170085548, -0.5342681615715095, 0.08084590910880507, 0.0, -0.534738083052976, -0.8448356299824078, -0.017548243360999215, 0.0, 0.0776769722727283, -0.028465590512543777, -0.9965721239003797, 0.0, 0.45600663569677546, 0.08284178064573552, 0.4852010492798257, 1.0]",
  "1783610166.4348564": "[0.8414401170085548, -0.5342681615715095, 0.08084590910880507, 0.0, -0.534738083052976, -0.8448356299824078, -0.017548243360999215, 0.0, 0.0776769722727283, -0.028465590512543777, -0.9965721239003797, 0.0, 0.45600663569677546, 0.08284178064573552, 0.4852010492798257, 1.0]",
  "1783610166.468153": "[0.8414395444773566, -0.5342688135083118, 0.08084755965494264, 0.0, -0.534738462364704, -0.8448353039227741, -0.017552381990655275, 0.0, 0.07768056293289013, -0.028463031429113186, -0.9965719171160177, 0.0, 0.4560073668351825, 0.08284223206307047, 0.48520261163191736, 1.0]",
  "1783610166.5016432": "[0.8414395444773566, -0.5342688135083118, 0.08084755965494264, 0.0, -0.534738462364704, -0.8448353039227741, -0.017552381990655275, 0.0, 0.07768056293289013, -0.028463031429113186, -0.9965719171160177, 0.0, 0.4560073668351825, 0.08284223206307047, 0.48520261163191736, 1.0]",
  "1783610166.5348337": "[0.8414396366358026, -0.5342683576354229, 0.08084961303405425, 0.0, -0.5347383593771801, -0.8448354479524864, -0.01754858665315459, 0.0, 0.07768027361441421, -0.028467313053207745, -0.9965718173712923, 0.0, 0.45600666782239146, 0.08284105056247704, 0.48520194951153117, 1.0]",
  "1783610166.5704868": "[0.8414396366358026, -0.5342683576354229, 0.08084961303405425, 0.0, -0.5347383593771801, -0.8448354479524864, -0.01754858665315459, 0.0, 0.07768027361441421, -0.028467313053207745, -0.9965718173712923, 0.0, 0.45600666782239146, 0.08284105056247704, 0.48520194951153117, 1.0]",
  "1783610166.6018276": "[0.8414430638828261, -0.5342633236362067, 0.08084720935614345, 0.0, -0.5347332426543225, -0.844838688298744, -0.017548502900558673, 0.0, 0.07767837178955028, -0.028465624371360725, -0.9965720138481076, 0.0, 0.4560071565236962, 0.08284119365333607, 0.4852017700331213, 1.0]",
  "1783610166.6351726": "[0.8414430638828261, -0.5342633236362067, 0.08084720935614345, 0.0, -0.5347332426543225, -0.844838688298744, -0.017548502900558673, 0.0, 0.07767837178955028, -0.028465624371360725, -0.9965720138481076, 0.0, 0.4560071565236962, 0.08284119365333607, 0.4852017700331213, 1.0]",
  "1783610166.6681533": "[0.8414439808498595, -0.5342617183569885, 0.08084827388249613, 0.0, -0.5347314484776061, -0.8448397671534287, -0.01755123486201795, 0.0, 0.07768078977831344, -0.028463733668974145, -0.9965718793770169, 0.0, 0.45600740027148834, 0.08284191230976007, 0.48520268232274144, 1.0]",
  "1783610166.7027233": "[0.8414439808498595, -0.5342617183569885, 0.08084827388249613, 0.0, -0.5347314484776061, -0.8448397671534287, -0.01755123486201795, 0.0, 0.07768078977831344, -0.028463733668974145, -0.9965718793770169, 0.0, 0.45600740027148834, 0.08284191230976007, 0.48520268232274144, 1.0]",
  "1783610166.735325": "[0.8414419866966143, -0.5342645715136045, 0.08085017408416274, 0.0, -0.5347344619025354, -0.8448378849548714, -0.01755002560641038, 0.0, 0.07768164698215883, -0.028466045920786668, -0.9965717465149087, 0.0, 0.4560073480539511, 0.08284159662440968, 0.48520298080421775, 1.0]",
  "1783610166.768152": "[0.8414419866966143, -0.5342645715136045, 0.08085017408416274, 0.0, -0.5347344619025354, -0.8448378849548714, -0.01755002560641038, 0.0, 0.07768164698215883, -0.028466045920786668, -0.9965717465149087, 0.0, 0.4560073480539511, 0.08284159662440968, 0.48520298080421775, 1.0]",
  "1783610166.8015814": "[0.8414413388293188, -0.5342663576684624, 0.08084511347507647, 0.0, -0.534736109119824, -0.8448368420862364, -0.017550038665125303, 0.0, 0.07767732560094423, -0.028463473390123697, -0.9965721568306305, 0.0, 0.45600683660563734, 0.08284355189047277, 0.4852004283736633, 1.0]",
  "1783610166.8350892": "[0.8414413388293188, -0.5342663576684624, 0.08084511347507647, 0.0, -0.534736109119824, -0.8448368420862364, -0.017550038665125303, 0.0, 0.07767732560094423, -0.028463473390123697, -0.9965721568306305, 0.0, 0.45600683660563734, 0.08284355189047277, 0.4852004283736633, 1.0]",
  "1783610166.868845": "[0.8414434833448163, -0.5342621307319526, 0.08085072666523035, 0.0, -0.5347318860215586, -0.84483947773261, -0.01755183569650035, 0.0, 0.07768316682762466, -0.02846458378835302, -0.9965716698067362, 0.0, 0.4560070173070198, 0.08284122634735669, 0.4852034833322857, 1.0]",
  "1783610166.901679": "[0.8414434833448163, -0.5342621307319526, 0.08085072666523035, 0.0, -0.5347318860215586, -0.84483947773261, -0.01755183569650035, 0.0, 0.07768316682762466, -0.02846458378835302, -0.9965716698067362, 0.0, 0.4560070173070198, 0.08284122634735669, 0.4852034833322857, 1.0]",
  "1783610166.9369287": "[0.8414439729174722, -0.5342614630730108, 0.08085004338864775, 0.0, -0.5347315862694532, -0.8448397714401463, -0.01754682987652256, 0.0, 0.07767992717951526, -0.028468397707757578, -0.9965718133909558, 0.0, 0.456008064078432, 0.08284116989841954, 0.48520242819713655, 1.0]",
  "1783610166.968148": "[0.8414439729174722, -0.5342614630730108, 0.08085004338864775, 0.0, -0.5347315862694532, -0.8448397714401463, -0.01754682987652256, 0.0, 0.07767992717951526, -0.028468397707757578, -0.9965718133909558, 0.0, 0.456008064078432, 0.08284116989841954, 0.48520242819713655, 1.0]",
  "1783610167.00148": "[0.8414408440747174, -0.5342664101965972, 0.08084991563674304, 0.0, -0.5347364340590927, -0.8448366722552907, -0.017548313376853978, 0.0, 0.07768044807152369, -0.02846752796166278, -0.9965717976338482, 0.0, 0.4560078770802303, 0.08284087791327344, 0.48520213168994997, 1.0]",
  "1783610167.0348148": "[0.8414408440747174, -0.5342664101965972, 0.08084991563674304, 0.0, -0.5347364340590927, -0.8448366722552907, -0.017548313376853978, 0.0, 0.07768044807152369, -0.02846752796166278, -0.9965717976338482, 0.0, 0.4560078770802303, 0.08284087791327344, 0.48520213168994997, 1.0]",
  "1783610167.068439": "[0.841440386096184, -0.5342666711607379, 0.08085295747917161, 0.0, -0.5347362939391039, -0.8448366305185393, -0.017554591375305614, 0.0, 0.07768637326183357, -0.02846386869183029, -0.9965714402833938, 0.0, 0.4560073221551371, 0.08284133096284405, 0.4852053127945015, 1.0]",
  "1783610167.101471": "[0.841440386096184, -0.5342666711607379, 0.08085295747917161, 0.0, -0.5347362939391039, -0.8448366305185393, -0.017554591375305614, 0.0, 0.07768637326183357, -0.02846386869183029, -0.9965714402833938, 0.0, 0.4560073221551371, 0.08284133096284405, 0.4852053127945015, 1.0]",
  "1783610167.1370535": "[0.8414439932876328, -0.5342624135477613, 0.08084355033200269, 0.0, -0.5347321583893584, -0.8448393570988482, -0.017549344177570227, 0.0, 0.07767576806456655, -0.02846285591653677, -0.9965722958665135, 0.0, 0.4560070357380131, 0.08284282020444439, 0.4852003292515219, 1.0]",
  "1783610167.1681285": "[0.8414439932876328, -0.5342624135477613, 0.08084355033200269, 0.0, -0.5347321583893584, -0.8448393570988482, -0.017549344177570227, 0.0, 0.07767576806456655, -0.02846285591653677, -0.9965722958665135, 0.0, 0.4560070357380131, 0.08284282020444439, 0.4852003292515219, 1.0]",
  "1783610167.2021716": "[0.8414418094567537, -0.5342659750790067, 0.08084274346546144, 0.0, -0.5347356812922822, -0.8448371193457092, -0.017549727306231857, 0.0, 0.07767517268099922, -0.028462425204512375, -0.9965723545736431, 0.0, 0.4560073891135347, 0.08284089472514912, 0.4851999108162451, 1.0]",
  "1783610167.2353678": "[0.8414418094567537, -0.5342659750790067, 0.08084274346546144, 0.0, -0.5347356812922822, -0.8448371193457092, -0.017549727306231857, 0.0, 0.07767517268099922, -0.028462425204512375, -0.9965723545736431, 0.0, 0.4560073891135347, 0.08284089472514912, 0.4851999108162451, 1.0]",
  "1783610167.270641": "[0.8414437157059229, -0.5342622501570888, 0.08084751917093128, 0.0, -0.5347322017461376, -0.8448393545978203, -0.01754814344785858, 0.0, 0.07767847652173679, -0.028465996905478484, -0.9965719950437295, 0.0, 0.45600704006226156, 0.0828409731930656, 0.4852020691473763, 1.0]",
  "1783610167.303103": "[0.8414437157059229, -0.5342622501570888, 0.08084751917093128, 0.0, -0.5347322017461376, -0.8448393545978203, -0.01754814344785858, 0.0, 0.07767847652173679, -0.028465996905478484, -0.9965719950437295, 0.0, 0.45600704006226156, 0.0828409731930656, 0.4852020691473763, 1.0]",
  "1783610167.3351054": "[0.8414405663893061, -0.5342668726579618, 0.0808497496268546, 0.0, -0.5347366856963045, -0.844836457570187, -0.01755098090674331, 0.0, 0.07768172375131374, -0.028465219839982275, -0.9965717641266412, 0.0, 0.45600749756180176, 0.08284169900645363, 0.4852027982250333, 1.0]",
  "1783610167.3684616": "[0.8414405663893061, -0.5342668726579618, 0.0808497496268546, 0.0, -0.5347366856963045, -0.844836457570187, -0.01755098090674331, 0.0, 0.07768172375131374, -0.028465219839982275, -0.9965717641266412, 0.0, 0.45600749756180176, 0.08284169900645363, 0.4852027982250333, 1.0]",
  "1783610167.4014535": "[0.8414426924214158, -0.5342640657947688, 0.08084617103513132, 0.0, -0.534733763024088, -0.8448383069646852, -0.017551004733184092, 0.0, 0.07767881340943182, -0.028463012586313355, -0.996572054024101, 0.0, 0.45600711811396843, 0.08283924194798417, 0.4852016090487675, 1.0]",
  "1783610167.4347973": "[0.8414426924214158, -0.5342640657947688, 0.08084617103513132, 0.0, -0.534733763024088, -0.8448383069646852, -0.017551004733184092, 0.0, 0.07767881340943182, -0.028463012586313355, -0.996572054024101, 0.0, 0.45600711811396843, 0.08283924194798417, 0.4852016090487675, 1.0]",
  "1783610167.4681282": "[0.8414441454302433, -0.5342616540649927, 0.08084698582449339, 0.0, -0.5347317063237009, -0.84483969971255, -0.017546624796573648, 0.0, 0.07767723201370504, -0.028466941973921387, -0.9965720650516663, 0.0, 0.45600732649454984, 0.08284100154212631, 0.4852003113895322, 1.0]",
  "1783610167.5015612": "[0.8414441454302433, -0.5342616540649927, 0.08084698582449339, 0.0, -0.5347317063237009, -0.84483969971255, -0.017546624796573648, 0.0, 0.07767723201370504, -0.028466941973921387, -0.9965720650516663, 0.0, 0.45600732649454984, 0.08284100154212631, 0.4852003113895322, 1.0]",
  "1783610167.5353615": "[0.841443906214272, -0.5342619394312418, 0.08084758976021204, 0.0, -0.534731846872375, -0.8448395672413069, -0.017548719724811257, 0.0, 0.07767885578023322, -0.02846551771335367, -0.9965719791695853, 0.0, 0.45600658002114847, 0.08284270635274525, 0.48520132258641324, 1.0]",
  "1783610167.5681288": "[0.841443906214272, -0.5342619394312418, 0.08084758976021204, 0.0, -0.534731846872375, -0.8448395672413069, -0.017548719724811257, 0.0, 0.07767885578023322, -0.02846551771335367, -0.9965719791695853, 0.0, 0.45600658002114847, 0.08284270635274525, 0.48520132258641324, 1.0]",
  "1783610167.6020956": "[0.8414438066273621, -0.5342620590227205, 0.08084783594665734, 0.0, -0.5347320094625081, -0.8448394737800387, -0.01754826485027751, 0.0, 0.07767881528861417, -0.028466047001128633, -0.9965719672073297, 0.0, 0.45600709494825875, 0.082841809321327, 0.48520193486975843, 1.0]",
  "1783610167.634869": "[0.8414438066273621, -0.5342620590227205, 0.08084783594665734, 0.0, -0.5347320094625081, -0.8448394737800387, -0.01754826485027751, 0.0, 0.07767881528861417, -0.028466047001128633, -0.9965719672073297, 0.0, 0.45600709494825875, 0.082841809321327, 0.48520193486975843, 1.0]",
  "1783610167.6681798": "[0.8414398352501449, -0.5342675119030404, 0.08085313462781464, 0.0, -0.5347372598703837, -0.8448360502445613, -0.017553094128475246, 0.0, 0.07768569083507502, -0.028465311031214326, -0.9965714522839662, 0.0, 0.4560084920851718, 0.08284059033999058, 0.4852044765658953, 1.0]",
  "1783610167.701945": "[0.8414398352501449, -0.5342675119030404, 0.08085313462781464, 0.0, -0.5347372598703837, -0.8448360502445613, -0.017553094128475246, 0.0, 0.07768569083507502, -0.028465311031214326, -0.9965714522839662, 0.0, 0.4560084920851718, 0.08284059033999058, 0.4852044765658953, 1.0]",
  "1783610167.735649": "[0.8414403460052784, -0.5342673083840254, 0.08084916392026666, 0.0, -0.534737068732931, -0.844836205093549, -0.017551463928784795, 0.0, 0.07768147422281553, -0.028464535043095797, -0.9965718031368089, 0.0, 0.45600653396033203, 0.08284173407266858, 0.4852023227564234, 1.0]",
  "1783610167.7681544": "[0.8414403460052784, -0.5342673083840254, 0.08084916392026666, 0.0, -0.534737068732931, -0.844836205093549, -0.017551463928784795, 0.0, 0.07768147422281553, -0.028464535043095797, -0.9965718031368089, 0.0, 0.45600653396033203, 0.08284173407266858, 0.4852023227564234, 1.0]",
  "1783610167.801463": "[0.8414425118760914, -0.5342646495612013, 0.08084419235109234, 0.0, -0.5347344210414551, -0.8448379247610065, -0.017549354374903913, 0.0, 0.07767623936000985, -0.02846339956440257, -0.9965722436051105, 0.0, 0.45600763159967556, 0.08284174142234788, 0.48520061933936864, 1.0]",
  "1783610167.8364348": "[0.8414425118760914, -0.5342646495612013, 0.08084419235109234, 0.0, -0.5347344210414551, -0.8448379247610065, -0.017549354374903913, 0.0, 0.07767623936000985, -0.02846339956440257, -0.9965722436051105, 0.0, 0.45600763159967556, 0.08284174142234788, 0.48520061933936864, 1.0]",
  "1783610167.8706467": "[0.8414415405477631, -0.5342661986679159, 0.08084406472674398, 0.0, -0.5347361377859546, -0.8448368821406702, -0.017547236836375362, 0.0, 0.07767494310501681, -0.02846526893894066, -0.9965722912452795, 0.0, 0.45600784140495476, 0.08284099428467989, 0.48519913487451083, 1.0]",
  "1783610167.9014976": "[0.8414415405477631, -0.5342661986679159, 0.08084406472674398, 0.0, -0.5347361377859546, -0.8448368821406702, -0.017547236836375362, 0.0, 0.07767494310501681, -0.02846526893894066, -0.9965722912452795, 0.0, 0.45600784140495476, 0.08284099428467989, 0.48519913487451083, 1.0]",
  "1783610167.9348361": "[0.8414429660298512, -0.534262895495344, 0.08085105698639755, 0.0, -0.5347326313687738, -0.844838997450589, -0.01755224589934238, 0.0, 0.07768363964383748, -0.0284644846012551, -0.9965716357834351, 0.0, 0.45600662508381695, 0.08284402275420949, 0.48520385179493813, 1.0]",
  "1783610167.9691792": "[0.8414429660298512, -0.534262895495344, 0.08085105698639755, 0.0, -0.5347326313687738, -0.844838997450589, -0.01755224589934238, 0.0, 0.07768363964383748, -0.0284644846012551, -0.9965716357834351, 0.0, 0.45600662508381695, 0.08284402275420949, 0.48520385179493813, 1.0]",
  "1783610168.001481": "[0.841442103150824, -0.5342652370240553, 0.0808445641508951, 0.0, -0.5347352702203374, -0.8448374535487495, -0.017546163787206217, 0.0, 0.07767482106513536, -0.02846635889773867, -0.9965722696240371, 0.0, 0.45600737390360996, 0.08284163689194657, 0.4851995053923026, 1.0]",
  "1783610168.0348809": "[0.841442103150824, -0.5342652370240553, 0.0808445641508951, 0.0, -0.5347352702203374, -0.8448374535487495, -0.017546163787206217, 0.0, 0.07767482106513536, -0.02846635889773867, -0.9965722696240371, 0.0, 0.45600737390360996, 0.08284163689194657, 0.4851995053923026, 1.0]",
  "1783610168.0681438": "[0.8414370420662051, -0.5342730769471505, 0.08084542960674743, 0.0, -0.5347427978090121, -0.8448325906744343, -0.017550895296648678, 0.0, 0.07767782457217379, -0.028463537793957928, -0.9965721160989738, 0.0, 0.4560073931034907, 0.08283977622721686, 0.4852008133633011, 1.0]",
  "1783610168.1014943": "[0.8414370420662051, -0.5342730769471505, 0.08084542960674743, 0.0, -0.5347427978090121, -0.8448325906744343, -0.017550895296648678, 0.0, 0.07767782457217379, -0.028463537793957928, -0.9965721160989738, 0.0, 0.4560073931034907, 0.08283977622721686, 0.4852008133633011, 1.0]",
  "1783610168.1349063": "[0.8414436386851822, -0.5342628812608714, 0.08084415020935333, 0.0, -0.5347326885828445, -0.8448390330820188, -0.017548787479551728, 0.0, 0.07767595945466756, -0.028463694206335863, -0.9965722570064479, 0.0, 0.45600771674569707, 0.08284109464877451, 0.48520048892486334, 1.0]",
  "1783610168.1713889": "[0.8414436386851822, -0.5342628812608714, 0.08084415020935333, 0.0, -0.5347326885828445, -0.8448390330820188, -0.017548787479551728, 0.0, 0.07767595945466756, -0.028463694206335863, -0.9965722570064479, 0.0, 0.45600771674569707, 0.08284109464877451, 0.48520048892486334, 1.0]",
