{
  "1783610025.0705836": "[0.83683165353684, -0.5421498323132959, 0.07606801536429875, 0.0, -0.5425638469576722, -0.8398442154982018, -0.01691643191400967, 0.0, 0.07305652341365429, -0.027115549355945172, -0.9969591222160692, 0.0, 0.4566202540600598, 0.07691078044172817, 0.48374309338259025, 1.0]",
  "1783610025.103709": "[0.8408447233582177, -0.5359596574512351, 0.07567956649847674, 0.0, -0.5364774232581462, -0.8437806523919906, -0.015039447571205906, 0.0, 0.07191749116134705, -0.027954538695925263, -0.9970187652353171, 0.0, 0.45614790563384594, 0.0804089509130698, 0.4830212342375427, 1.0]",
  "1783610025.1373436": "[0.8435516917891763, -0.5315027909389767, 0.07697614243190425, 0.0, -0.5320649433278384, -0.8465756004775293, -0.014718993092423076, 0.0, 0.07298930991016754, -0.028540075336080058, -0.9969242823497924, 0.0, 0.45563858239927285, 0.08293552524056635, 0.48336611971951593, 1.0]",
  "1783610025.1709824": "[0.8435516917891763, -0.5315027909389767, 0.07697614243190425, 0.0, -0.5320649433278384, -0.8465756004775293, -0.014718993092423076, 0.0, 0.07298930991016754, -0.028540075336080058, -0.9969242823497924, 0.0, 0.45563858239927285, 0.08293552524056635, 0.48336611971951593, 1.0]",
  "1783610025.2047305": "[0.8423509224114566, -0.5333894205535483, 0.07707560933342138, 0.0, -0.5339133170752799, -0.8453994840351633, -0.015371474969944777, 0.0, 0.07335866248944246, -0.028203518125047813, -0.9969067500037958, 0.0, 0.45582860306430717, 0.08189652479028156, 0.4836052125775204, 1.0]",
  "1783610025.2443023": "[0.8423509224114566, -0.5333894205535483, 0.07707560933342138, 0.0, -0.5339133170752799, -0.8453994840351633, -0.015371474969944777, 0.0, 0.07335866248944246, -0.028203518125047813, -0.9969067500037958, 0.0, 0.45582860306430717, 0.08189652479028156, 0.4836052125775204, 1.0]",
  "1783610025.2708757": "[0.8350239232919552, -0.5449193526150039, 0.07614424913121108, 0.0, -0.5452472812186452, -0.8380765749526622, -0.018249844911399346, 0.0, 0.07375940518867156, -0.02627838772184162, -0.9969297851328114, 0.0, 0.4569077280207749, 0.07548843389228722, 0.4841732940916447, 1.0]",
  "1783610025.3042164": "[0.8350239232919552, -0.5449193526150039, 0.07614424913121108, 0.0, -0.5452472812186452, -0.8380765749526622, -0.018249844911399346, 0.0, 0.07375940518867156, -0.02627838772184162, -0.9969297851328114, 0.0, 0.4569077280207749, 0.07548843389228722, 0.4841732940916447, 1.0]",
  "1783610025.3370404": "[0.8328532503286518, -0.5484794140604605, 0.07433569646471329, 0.0, -0.5487914911449907, -0.8357656249228289, -0.017992205095836097, 0.0, 0.07199557391852464, -0.02580993121352459, -0.9970709527345059, 0.0, 0.45734610627213224, 0.07342300726765058, 0.48346776016027815, 1.0]",
  "1783610025.3740535": "[0.8328532503286518, -0.5484794140604605, 0.07433569646471329, 0.0, -0.5487914911449907, -0.8357656249228289, -0.017992205095836097, 0.0, 0.07199557391852464, -0.02580993121352459, -0.9970709527345059, 0.0, 0.45734610627213224, 0.07342300726765058, 0.48346776016027815, 1.0]",
  "1783610025.4037251": "[0.8388945710304518, -0.5391146009614821, 0.07490891619677903, 0.0, -0.5395621110184713, -0.8417961947773613, -0.015871194398841004, 0.0, 0.0716144332444581, -0.027103754140283213, -0.9970640698884792, 0.0, 0.4565166645449438, 0.0787532457568626, 0.48299684886021255, 1.0]",
  "1783610025.4370542": "[0.8388945710304518, -0.5391146009614821, 0.07490891619677903, 0.0, -0.5395621110184713, -0.8417961947773613, -0.015871194398841004, 0.0, 0.0716144332444581, -0.027103754140283213, -0.9970640698884792, 0.0, 0.4565166645449438, 0.0787532457568626, 0.48299684886021255, 1.0]",
  "1783610025.4703953": "[0.8436229585410313, -0.5314157049241265, 0.07679617426975835, 0.0, -0.5319479583499432, -0.8466432423647638, -0.015052898903764399, 0.0, 0.07301830886705321, -0.028152597004071626, -0.9969331762220184, 0.0, 0.45564543130783053, 0.08311733107913505, 0.4833880538308015, 1.0]",
  "1783610025.5040421": "[0.8436229585410313, -0.5314157049241265, 0.07679617426975835, 0.0, -0.5319479583499432, -0.8466432423647638, -0.015052898903764399, 0.0, 0.07301830886705321, -0.028152597004071626, -0.9969331762220184, 0.0, 0.45564543130783053, 0.08311733107913505, 0.4833880538308015, 1.0]",
  "1783610025.5370533": "[0.8443272664495122, -0.5302114775489407, 0.07737736235659441, 0.0, -0.5307529462872985, -0.847392178540169, -0.015093235448332468, 0.0, 0.07357157832510099, -0.028324632818732955, -0.9968876255819599, 0.0, 0.4555177661546401, 0.08380899416075585, 0.48360185933441513, 1.0]",
  "1783610025.5705152": "[0.8443272664495122, -0.5302114775489407, 0.07737736235659441, 0.0, -0.5307529462872985, -0.847392178540169, -0.015093235448332468, 0.0, 0.07357157832510099, -0.028324632818732955, -0.9968876255819599, 0.0, 0.4555177661546401, 0.08380899416075585, 0.48360185933441513, 1.0]",
  "1783610025.6043978": "[0.8435279865044064, -0.5315295137416642, 0.07705135952967865, 0.0, -0.5320549780894268, -0.846572474390471, -0.015249455552719657, 0.0, 0.07333509578695208, -0.028132216868649675, -0.9969104985403521, 0.0, 0.4556640593613464, 0.08306254232649632, 0.4835392721788083, 1.0]",
  "1783610025.6370735": "[0.8435279865044064, -0.5315295137416642, 0.07705135952967865, 0.0, -0.5320549780894268, -0.846572474390471, -0.015249455552719657, 0.0, 0.07333509578695208, -0.028132216868649675, -0.9969104985403521, 0.0, 0.4556640593613464, 0.08306254232649632, 0.4835392721788083, 1.0]",
  "1783610025.6704152": "[0.8431229335557543, -0.5322006241295266, 0.07685190035699489, 0.0, -0.5327153983203609, -0.8461552145136126, -0.015351134935284654, 0.0, 0.07319851982600688, -0.0279972967903058, -0.9969243341737211, 0.0, 0.4557429364570868, 0.08267573852083143, 0.48350305259105386, 1.0]",
  "1783610025.705806": "[0.8431229335557543, -0.5322006241295266, 0.07685190035699489, 0.0, -0.5327153983203609, -0.8461552145136126, -0.015351134935284654, 0.0, 0.07319851982600688, -0.0279972967903058, -0.9969243341737211, 0.0, 0.4557429364570868, 0.08267573852083143, 0.48350305259105386, 1.0]",
  "1783610025.7374935": "[0.8431297838094782, -0.5321839244929506, 0.0768923804070595, 0.0, -0.5326982275641595, -0.8461656408774061, -0.015372265562741558, 0.0, 0.07324456296125643, -0.027999619815453514, -0.9969208871755093, 0.0, 0.4557407933655121, 0.08268777063475183, 0.4835237832465601, 1.0]",
  "1783610025.7704117": "[0.8431297838094782, -0.5321839244929506, 0.0768923804070595, 0.0, -0.5326982275641595, -0.8461656408774061, -0.015372265562741558, 0.0, 0.07324456296125643, -0.027999619815453514, -0.9969208871755093, 0.0, 0.4557407933655121, 0.08268777063475183, 0.4835237832465601, 1.0]",
  "1783610025.8037229": "[0.843144078095815, -0.5321657845317328, 0.0768611823073482, 0.0, -0.5326807771912198, -0.8461770303065501, -0.015350016043809898, 0.0, 0.07320692032121107, -0.02800019920130022, -0.9969236358226095, 0.0, 0.4557395058768279, 0.08269838620435802, 0.48350611319038506, 1.0]",
  "1783610025.8383658": "[0.843144078095815, -0.5321657845317328, 0.0768611823073482, 0.0, -0.5326807771912198, -0.8461770303065501, -0.015350016043809898, 0.0, 0.07320692032121107, -0.02800019920130022, -0.9969236358226095, 0.0, 0.4557395058768279, 0.08269838620435802, 0.48350611319038506, 1.0]",
  "1783610025.8710897": "[0.8431139309686242, -0.5322126875737, 0.07686712296042517, 0.0, -0.5327261512373606, -0.8461480038827425, -0.015375412614930396, 0.0, 0.07322395232751974, -0.027985902001357706, -0.9969227864256629, 0.0, 0.4557415981386704, 0.08267010408471694, 0.4835154593274206, 1.0]",
  "1783610025.9040923": "[0.8431139309686242, -0.5322126875737, 0.07686712296042517, 0.0, -0.5327261512373606, -0.8461480038827425, -0.015375412614930396, 0.0, 0.07322395232751974, -0.027985902001357706, -0.9969227864256629, 0.0, 0.4557415981386704, 0.08267010408471694, 0.4835154593274206, 1.0]",
  "1783610025.937439": "[0.8430944947990204, -0.5322449022476058, 0.07685724995744464, 0.0, -0.5327579335564153, -0.8461279263798782, -0.015379090765882345, 0.0, 0.07321650819509673, -0.027980282906427244, -0.996923490893957, 0.0, 0.4557473090138206, 0.0826526698771979, 0.4835134952529643, 1.0]",
  "1783610025.9703689": "[0.8430944947990204, -0.5322449022476058, 0.07685724995744464, 0.0, -0.5327579335564153, -0.8461279263798782, -0.015379090765882345, 0.0, 0.07321650819509673, -0.027980282906427244, -0.996923490893957, 0.0, 0.4557473090138206, 0.0826526698771979, 0.4835134952529643, 1.0]",
  "1783610026.0036833": "[0.8431178078532786, -0.5322051308943039, 0.07687691936113783, 0.0, -0.532718778310088, -0.8461526296611459, -0.01537629842760371, 0.0, 0.07323295239500735, -0.027989747539129427, -0.9969220173695665, 0.0, 0.4557422433144993, 0.08267219982655655, 0.48351943843284506, 1.0]",
  "1783610026.0442927": "[0.8431178078532786, -0.5322051308943039, 0.07687691936113783, 0.0, -0.532718778310088, -0.8461526296611459, -0.01537629842760371, 0.0, 0.07323295239500735, -0.027989747539129427, -0.9969220173695665, 0.0, 0.4557422433144993, 0.08267219982655655, 0.48351943843284506, 1.0]",
  "1783610026.070388": "[0.8431002067610615, -0.5322365122315914, 0.07685269290666616, 0.0, -0.5327498265891998, -0.8461331400869192, -0.015373077630309234, 0.0, 0.07320972359347441, -0.027982213890271862, -0.9969239349504886, 0.0, 0.4557477073712632, 0.08265649689532603, 0.48350974326103835, 1.0]",
  "1783610026.1036947": "[0.8431002067610615, -0.5322365122315914, 0.07685269290666616, 0.0, -0.5327498265891998, -0.8461331400869192, -0.015373077630309234, 0.0, 0.07320972359347441, -0.027982213890271862, -0.9969239349504886, 0.0, 0.4557477073712632, 0.08265649689532603, 0.48350974326103835, 1.0]",
  "1783610026.1370995": "[0.843106647497718, -0.5322221345256324, 0.07688160030942669, 0.0, -0.5327352838886179, -0.8461420668743338, -0.015385706540313654, 0.0, 0.07324136976649541, -0.027985749706066113, -0.9969215112375283, 0.0, 0.4557427340535191, 0.08266689090605173, 0.48352322434379413, 1.0]",
  "1783610026.1716135": "[0.843106647497718, -0.5322221345256324, 0.07688160030942669, 0.0, -0.5327352838886179, -0.8461420668743338, -0.015385706540313654, 0.0, 0.07324136976649541, -0.027985749706066113, -0.9969215112375283, 0.0, 0.4557427340535191, 0.08266689090605173, 0.48352322434379413, 1.0]",
  "1783610026.2037022": "[0.8431045474517547, -0.5322295888960296, 0.07685302056351036, 0.0, -0.5327429833815771, -0.846137472430694, -0.015371773036757169, 0.0, 0.07320953301222914, -0.02798289570720396, -0.996923929808073, 0.0, 0.45574710413983105, 0.08266253500481674, 0.48350935736720513, 1.0]",
  "1783610026.2389483": "[0.8431045474517547, -0.5322295888960296, 0.07685302056351036, 0.0, -0.5327429833815771, -0.846137472430694, -0.015371773036757169, 0.0, 0.07320953301222914, -0.02798289570720396, -0.996923929808073, 0.0, 0.45574710413983105, 0.08266253500481674, 0.48350935736720513, 1.0]",
  "1783610026.2707222": "[0.8431032548342072, -0.532231432801153, 0.07685443140377482, 0.0, -0.5327445582331247, -0.8461364028322873, -0.015376068256546499, 0.0, 0.07321295896874086, -0.02798016691281472, -0.9969237548070427, 0.0, 0.4557451550055146, 0.08266120152844794, 0.4835115823960954, 1.0]",
  "1783610026.305003": "[0.8431032548342072, -0.532231432801153, 0.07685443140377482, 0.0, -0.5327445582331247, -0.8461364028322873, -0.015376068256546499, 0.0, 0.07321295896874086, -0.02798016691281472, -0.9969237548070427, 0.0, 0.4557451550055146, 0.08266120152844794, 0.4835115823960954, 1.0]",
  "1783610026.337335": "[0.8431054220019396, -0.5322269455523697, 0.07686173182362126, 0.0, -0.5327402750943199, -0.8461391031819339, -0.015375869370574315, 0.0, 0.07321916882456221, -0.027983861321617086, -0.9969231950467261, 0.0, 0.4557457921531928, 0.08266540467193528, 0.4835140017440527, 1.0]",
  "1783610026.370969": "[0.8431054220019396, -0.5322269455523697, 0.07686173182362126, 0.0, -0.5327402750943199, -0.8461391031819339, -0.015375869370574315, 0.0, 0.07321916882456221, -0.027983861321617086, -0.9969231950467261, 0.0, 0.4557457921531928, 0.08266540467193528, 0.4835140017440527, 1.0]",
  "1783610026.4041393": "[0.8431008695186542, -0.5322351743009606, 0.07685468790981688, 0.0, -0.532748318151161, -0.8461340349392665, -0.015376099131622188, 0.0, 0.0732130679865192, -0.027980603178311615, -0.9969237345563495, 0.0, 0.45574639392727423, 0.08265856234585794, 0.4835117896011969, 1.0]",
  "1783610026.4378424": "[0.8431008695186542, -0.5322351743009606, 0.07685468790981688, 0.0, -0.532748318151161, -0.8461340349392665, -0.015376099131622188, 0.0, 0.0732130679865192, -0.027980603178311615, -0.9969237345563495, 0.0, 0.45574639392727423, 0.08265856234585794, 0.4835117896011969, 1.0]",
  "1783610026.4704087": "[0.8431032890801571, -0.5322300757218448, 0.07686345320983443, 0.0, -0.5327433361035132, -0.8461371440246388, -0.015377624625641042, 0.0, 0.07322145709776778, -0.0279835665873255, -0.9969230352547447, 0.0, 0.4557457923873063, 0.08266162174318628, 0.48351548883806195, 1.0]",
  "1783610026.505298": "[0.8431032890801571, -0.5322300757218448, 0.07686345320983443, 0.0, -0.5327433361035132, -0.8461371440246388, -0.015377624625641042, 0.0, 0.07322145709776778, -0.0279835665873255, -0.9969230352547447, 0.0, 0.4557457923873063, 0.08266162174318628, 0.48351548883806195, 1.0]",
  "1783610026.5404842": "[0.8431010081179898, -0.5322333749661701, 0.07686562744523416, 0.0, -0.5327462579236986, -0.8461351928849405, -0.015383758638915522, 0.0, 0.07322646228465017, -0.027979812967292128, -0.9969227729807308, 0.0, 0.45574495686096544, 0.08266179985338272, 0.4835172768724487, 1.0]",
  "1783610026.5711613": "[0.8431010081179898, -0.5322333749661701, 0.07686562744523416, 0.0, -0.5327462579236986, -0.8461351928849405, -0.015383758638915522, 0.0, 0.07322646228465017, -0.027979812967292128, -0.9969227729807308, 0.0, 0.45574495686096544, 0.08266179985338272, 0.4835172768724487, 1.0]",
  "1783610026.6036832": "[0.8431084146411719, -0.532222913468344, 0.07685682494428957, 0.0, -0.5327364743681553, -0.8461415911794019, -0.015370639354871499, 0.0, 0.07321236261067883, -0.027985318573444398, -0.9969236540002977, 0.0, 0.4557458074370466, 0.08266448668531896, 0.4835106629371104, 1.0]",
  "1783610026.6370215": "[0.8431084146411719, -0.532222913468344, 0.07685682494428957, 0.0, -0.5327364743681553, -0.8461415911794019, -0.015370639354871499, 0.0, 0.07321236261067883, -0.027985318573444398, -0.9969236540002977, 0.0, 0.4557458074370466, 0.08266448668531896, 0.4835106629371104, 1.0]",
  "1783610026.67146": "[0.843103530978, -0.5322295884114461, 0.07686417417634418, 0.0, -0.5327428285129021, -0.8461374540027602, -0.015378153393687847, 0.0, 0.07322236489284713, -0.02798346213587443, -0.9969229715110337, 0.0, 0.45574473370435026, 0.08266227387026003, 0.4835153907094671, 1.0]",
  "1783610026.7037373": "[0.843103530978, -0.5322295884114461, 0.07686417417634418, 0.0, -0.5327428285129021, -0.8461374540027602, -0.015378153393687847, 0.0, 0.07322236489284713, -0.02798346213587443, -0.9969229715110337, 0.0, 0.45574473370435026, 0.08266227387026003, 0.4835153907094671, 1.0]",
  "1783610026.7374978": "[0.8431038344228068, -0.5322298133106987, 0.07685928834447527, 0.0, -0.532743026340767, -0.846137356604713, -0.01537665904121642, 0.0, 0.07321743144116259, -0.027982129676771703, -0.9969233712537344, 0.0, 0.4557460292741086, 0.08266131570509813, 0.4835133240224058, 1.0]",
  "1783610026.7704985": "[0.8431038344228068, -0.5322298133106987, 0.07685928834447527, 0.0, -0.532743026340767, -0.846137356604713, -0.01537665904121642, 0.0, 0.07321743144116259, -0.027982129676771703, -0.9969233712537344, 0.0, 0.4557460292741086, 0.08266131570509813, 0.4835133240224058, 1.0]",
  "1783610026.803791": "[0.843101890072377, -0.5322320367344168, 0.07686521989768877, 0.0, -0.5327452512486511, -0.8461359128000159, -0.015379022793916949, 0.0, 0.07322363162529624, -0.027983497701659466, -0.9969228774724677, 0.0, 0.45574478555289666, 0.08266060668434935, 0.4835170634429115, 1.0]",
  "1783610026.8386898": "[0.843101890072377, -0.5322320367344168, 0.07686521989768877, 0.0, -0.5327452512486511, -0.8461359128000159, -0.015379022793916949, 0.0, 0.07322363162529624, -0.027983497701659466, -0.9969228774724677, 0.0, 0.45574478555289666, 0.08266060668434935, 0.4835170634429115, 1.0]",
  "1783610026.8704188": "[0.8431036956523141, -0.5322307940743649, 0.07685401886942013, 0.0, -0.5327438810123524, -0.8461368231424529, -0.015376402904901634, 0.0, 0.07321281049998445, -0.0279796061689299, -0.9969237814483738, 0.0, 0.45574599420037554, 0.08266168343981292, 0.4835115687866432, 1.0]",
  "1783610026.905405": "[0.8431036956523141, -0.5322307940743649, 0.07685401886942013, 0.0, -0.5327438810123524, -0.8461368231424529, -0.015376402904901634, 0.0, 0.07321281049998445, -0.0279796061689299, -0.9969237814483738, 0.0, 0.45574599420037554, 0.08266168343981292, 0.4835115687866432, 1.0]",
  "1783610026.9370716": "[0.8431035538466429, -0.5322295797825105, 0.07686398308501322, 0.0, -0.53274273269893, -0.846137494094312, -0.015379266701473562, 0.0, 0.07322279868754908, -0.02798241398326657, -0.9969229690703452, 0.0, 0.4557451258126358, 0.08266321167916807, 0.48351567481183083, 1.0]",
  "1783610026.9728458": "[0.8431035538466429, -0.5322295797825105, 0.07686398308501322, 0.0, -0.53274273269893, -0.846137494094312, -0.015379266701473562, 0.0, 0.07322279868754908, -0.02798241398326657, -0.9969229690703452, 0.0, 0.4557451258126358, 0.08266321167916807, 0.48351567481183083, 1.0]",
  "1783610027.003724": "[0.8431090079127143, -0.5322220136076757, 0.07685654824300767, 0.0, -0.5327352393377506, -0.8461422885733156, -0.015375053029542448, 0.0, 0.07321451730489184, -0.027981345916569176, -0.9969236072721464, 0.0, 0.455745844869236, 0.0826646613735841, 0.48351277988794206, 1.0]",
  "1783610027.0374603": "[0.8431090079127143, -0.5322220136076757, 0.07685654824300767, 0.0, -0.5327352393377506, -0.8461422885733156, -0.015375053029542448, 0.0, 0.07321451730489184, -0.027981345916569176, -0.9969236072721464, 0.0, 0.455745844869236, 0.0826646613735841, 0.48351277988794206, 1.0]",
  "1783610027.070411": "[0.8431053051403288, -0.5322269353250899, 0.07686308449896866, 0.0, -0.5327401036439559, -0.8461391618170726, -0.015378582799769228, 0.0, 0.07322176188579647, -0.02798228285834944, -0.9969230489021583, 0.0, 0.4557455332527338, 0.08266231526177148, 0.4835149973408357, 1.0]",
  "1783610027.1046927": "[0.8431053051403288, -0.5322269353250899, 0.07686308449896866, 0.0, -0.5327401036439559, -0.8461391618170726, -0.015378582799769228, 0.0, 0.07322176188579647, -0.02798228285834944, -0.9969230489021583, 0.0, 0.4557455332527338, 0.08266231526177148, 0.4835149973408357, 1.0]",
  "1783610027.138371": "[0.843105448801396, -0.5322272902782806, 0.07685905076459995, 0.0, -0.5327403379746162, -0.8461390122315819, -0.015378695473093291, 0.0, 0.07321840271467495, -0.02798005473191885, -0.9969233581580432, 0.0, 0.4557457389237815, 0.08266195577712192, 0.48351413329478454, 1.0]",
  "1783610027.17042": "[0.843105448801396, -0.5322272902782806, 0.07685905076459995, 0.0, -0.5327403379746162, -0.8461390122315819, -0.015378695473093291, 0.0, 0.07321840271467495, -0.02798005473191885, -0.9969233581580432, 0.0, 0.4557457389237815, 0.08266195577712192, 0.48351413329478454, 1.0]",
  "1783610027.204145": "[0.8431052262543023, -0.5322268106909547, 0.0768648127846317, 0.0, -0.53274004104096, -0.8461392046459337, -0.015378395001538939, 0.0, 0.07322312568006165, -0.02798335832028987, -0.9969229185462438, 0.0, 0.45574600827188805, 0.08265987005235975, 0.48351536500859243, 1.0]",
  "1783610027.2380443": "[0.8431052262543023, -0.5322268106909547, 0.0768648127846317, 0.0, -0.53274004104096, -0.8461392046459337, -0.015378395001538939, 0.0, 0.07322312568006165, -0.02798335832028987, -0.9969229185462438, 0.0, 0.45574600827188805, 0.08265987005235975, 0.48351536500859243, 1.0]",
  "1783610027.2706373": "[0.8431059978100961, -0.5322265784928154, 0.07685795731395231, 0.0, -0.5327400450716199, -0.8461393085442706, -0.015372537634116518, 0.0, 0.07321421196551053, -0.027984632962662532, -0.9969235374311385, 0.0, 0.45574598947101086, 0.08266306979450015, 0.48351233764569107, 1.0]",
  "1783610027.3037028": "[0.8431059978100961, -0.5322265784928154, 0.07685795731395231, 0.0, -0.5327400450716199, -0.8461393085442706, -0.015372537634116518, 0.0, 0.07321421196551053, -0.027984632962662532, -0.9969235374311385, 0.0, 0.45574598947101086, 0.08266306979450015, 0.48351233764569107, 1.0]",
  "1783610027.3371322": "[0.8431040788216465, -0.532228882793297, 0.07686305090810319, 0.0, -0.5327422028322091, -0.8461378761794334, -0.015376599625504962, 0.0, 0.07322060909189645, -0.027984117194516486, -0.9969230820825923, 0.0, 0.45574499656505446, 0.08266209372370634, 0.48351462766944686, 1.0]",
  "1783610027.3705897": "[0.8431040788216465, -0.532228882793297, 0.07686305090810319, 0.0, -0.5327422028322091, -0.8461378761794334, -0.015376599625504962, 0.0, 0.07322060909189645, -0.027984117194516486, -0.9969230820825923, 0.0, 0.45574499656505446, 0.08266209372370634, 0.48351462766944686, 1.0]",
  "1783610027.406709": "[0.8431082051998225, -0.5322223288883547, 0.07686317035739455, 0.0, -0.5327355258677435, -0.8461420546218315, -0.015377999829771442, 0.0, 0.07322167577399936, -0.027982423644166768, -0.9969230512751954, 0.0, 0.45574557069245897, 0.0826632639292948, 0.48351546746387164, 1.0]",
  "1783610027.4370496": "[0.8431082051998225, -0.5322223288883547, 0.07686317035739455, 0.0, -0.5327355258677435, -0.8461420546218315, -0.015377999829771442, 0.0, 0.07322167577399936, -0.027982423644166768, -0.9969230512751954, 0.0, 0.45574557069245897, 0.0826632639292948, 0.48351546746387164, 1.0]",
  "1783610027.4704845": "[0.843103949675717, -0.5322290514255748, 0.07686329982403166, 0.0, -0.5327423578031729, -0.846137773341771, -0.015376889365086011, 0.0, 0.0732209686054628, -0.027984019419356288, -0.9969230584220705, 0.0, 0.45574535579044956, 0.08266248307134617, 0.48351504792991035, 1.0]",
  "1783610027.503697": "[0.843103949675717, -0.5322290514255748, 0.07686329982403166, 0.0, -0.5327423578031729, -0.846137773341771, -0.015376889365086011, 0.0, 0.0732209686054628, -0.027984019419356288, -0.9969230584220705, 0.0, 0.45574535579044956, 0.08266248307134617, 0.48351504792991035, 1.0]",
  "1783610027.5371156": "[0.8431061079259266, -0.5322263000499196, 0.076858677539814, 0.0, -0.5327393820236782, -0.8461396260758589, -0.015378037106061726, 0.0, 0.07321776846521282, -0.027980327363685477, -0.9969233970880589, 0.0, 0.4557459504365515, 0.08266085164248871, 0.4835148463122564, 1.0]",
  "1783610027.570377": "[0.8431061079259266, -0.5322263000499196, 0.076858677539814, 0.0, -0.5327393820236782, -0.8461396260758589, -0.015378037106061726, 0.0, 0.07321776846521282, -0.027980327363685477, -0.9969233970880589, 0.0, 0.4557459504365515, 0.08266085164248871, 0.4835148463122564, 1.0]",
  "1783610027.6068292": "[0.8431068780940831, -0.5322244582391579, 0.07686298304439984, 0.0, -0.5327377223732886, -0.8461406877127498, -0.015377117984715215, 0.0, 0.07322097562153657, -0.027983256583712646, -0.9969230793195636, 0.0, 0.4557452403328392, 0.08266392087218384, 0.48351480961674714, 1.0]",
  "1783610027.6370223": "[0.8431068780940831, -0.5322244582391579, 0.07686298304439984, 0.0, -0.5327377223732886, -0.8461406877127498, -0.015377117984715215, 0.0, 0.07322097562153657, -0.027983256583712646, -0.9969230793195636, 0.0, 0.4557452403328392, 0.08266392087218384, 0.48351480961674714, 1.0]",
  "1783610027.6703634": "[0.843105593949018, -0.5322262405313489, 0.07686472755263282, 0.0, -0.5327395512792024, -0.8461395340013507, -0.015377239765687941, 0.0, 0.07322245526276677, -0.027984243599640964, -0.9969229429376416, 0.0, 0.4557451204329912, 0.08266234227465796, 0.48351546060261846, 1.0]",
  "1783610027.7036848": "[0.843105593949018, -0.5322262405313489, 0.07686472755263282, 0.0, -0.5327395512792024, -0.8461395340013507, -0.015377239765687941, 0.0, 0.07322245526276677, -0.027984243599640964, -0.9969229429376416, 0.0, 0.4557451204329912, 0.08266234227465796, 0.48351546060261846, 1.0]",
  "1783610027.7370236": "[0.8431061267959494, -0.5322255146574821, 0.07686390899967831, 0.0, -0.5327388180037758, -0.8461400002004991, -0.015376991013843856, 0.0, 0.07322165493262546, -0.027983952692180382, -0.9969230098862447, 0.0, 0.4557448642768374, 0.08266474918464359, 0.4835152867103741, 1.0]",
  "1783610027.7705789": "[0.8431061267959494, -0.5322255146574821, 0.07686390899967831, 0.0, -0.5327388180037758, -0.8461400002004991, -0.015376991013843856, 0.0, 0.07322165493262546, -0.027983952692180382, -0.9969230098862447, 0.0, 0.4557448642768374, 0.08266474918464359, 0.4835152867103741, 1.0]",
  "1783610027.8036962": "[0.8431068359144875, -0.532225107637611, 0.07685894895452723, 0.0, -0.5327385591912592, -0.8461402347526472, -0.015373050561161786, 0.0, 0.07321537260085818, -0.027984601710014833, -0.99692345307052, 0.0, 0.45574537369574686, 0.08266355409188762, 0.48351239819805525, 1.0]",
  "1783610027.8370724": "[0.8431068359144875, -0.532225107637611, 0.07685894895452723, 0.0, -0.5327385591912592, -0.8461402347526472, -0.015373050561161786, 0.0, 0.07321537260085818, -0.027984601710014833, -0.99692345307052, 0.0, 0.45574537369574686, 0.08266355409188762, 0.48351239819805525, 1.0]",
  "1783610027.8707185": "[0.843108343235345, -0.532221871969926, 0.0768648200660053, 0.0, -0.53273520960506, -0.8461422774530332, -0.015376695147121734, 0.0, 0.07322238738257932, -0.02798437605919378, -0.9969229442051044, 0.0, 0.4557451955049564, 0.0826633699181619, 0.4835153633014233, 1.0]",
  "1783610027.9037712": "[0.843108343235345, -0.532221871969926, 0.0768648200660053, 0.0, -0.53273520960506, -0.8461422774530332, -0.015376695147121734, 0.0, 0.07322238738257932, -0.02798437605919378, -0.9969229442051044, 0.0, 0.4557451955049564, 0.0826633699181619, 0.4835153633014233, 1.0]",
  "1783610027.9370658": "[0.8431065266525901, -0.5322255394402634, 0.07685935130695556, 0.0, -0.5327386685409655, -0.8461400829351369, -0.01537761658126444, 0.0, 0.07321813816947714, -0.027980979576164678, -0.9969233516298808, 0.0, 0.4557463496313365, 0.08266319851450082, 0.48351368383275045, 1.0]",
  "1783610027.9703946": "[0.8431065266525901, -0.5322255394402634, 0.07685935130695556, 0.0, -0.5327386685409655, -0.8461400829351369, -0.01537761658126444, 0.0, 0.07321813816947714, -0.027980979576164678, -0.9969233516298808, 0.0, 0.4557463496313365, 0.08266319851450082, 0.48351368383275045, 1.0]",
  "1783610028.0037105": "[0.8431071861199688, -0.532223890364556, 0.07686353646616488, 0.0, -0.5327369712814136, -0.8461411119169717, -0.015379796936806987, 0.0, 0.07322289357007573, -0.027981230300475307, -0.9969229953251642, 0.0, 0.45574620256243553, 0.08266320063077406, 0.48351584543659754, 1.0]",
  "1783610028.042703": "[0.8431071861199688, -0.532223890364556, 0.07686353646616488, 0.0, -0.5327369712814136, -0.8461411119169717, -0.015379796936806987, 0.0, 0.07322289357007573, -0.027981230300475307, -0.9969229953251642, 0.0, 0.45574620256243553, 0.08266320063077406, 0.48351584543659754, 1.0]",
  "1783610028.0705137": "[0.8431059072408377, -0.5322259438178173, 0.07686334563911229, 0.0, -0.5327392682541013, -0.8461397254808534, -0.015376508812810382, 0.0, 0.07322090709413942, -0.02798409709852152, -0.9969230607594006, 0.0, 0.45574538742990345, 0.08266225473944029, 0.4835150442303505, 1.0]",
  "1783610028.1037107": "[0.8431059072408377, -0.5322259438178173, 0.07686334563911229, 0.0, -0.5327392682541013, -0.8461397254808534, -0.015376508812810382, 0.0, 0.07322090709413942, -0.02798409709852152, -0.9969230607594006, 0.0, 0.45574538742990345, 0.08266225473944029, 0.4835150442303505, 1.0]",
  "1783610028.1371546": "[0.8431036404863261, -0.5322299871310864, 0.07686021205505245, 0.0, -0.5327432349680251, -0.8461372272685364, -0.015376547925928578, 0.0, 0.07321814662027123, -0.027982734476074172, -0.996923301752314, 0.0, 0.455745044563281, 0.08266024179495798, 0.4835137027315749, 1.0]",
  "1783610028.171088": "[0.8431036404863261, -0.5322299871310864, 0.07686021205505245, 0.0, -0.5327432349680251, -0.8461372272685364, -0.015376547925928578, 0.0, 0.07321814662027123, -0.027982734476074172, -0.996923301752314, 0.0, 0.455745044563281, 0.08266024179495798, 0.4835137027315749, 1.0]",
  "1783610028.2040946": "[0.8431057367242087, -0.532226393879096, 0.07686209964073813, 0.0, -0.5327395143421217, -0.8461395283537843, -0.015378830116624295, 0.0, 0.07322108003334592, -0.027981497738489625, -0.9969231210194001, 0.0, 0.45574631425425044, 0.0826631651481124, 0.4835144290321428, 1.0]",
  "1783610028.237093": "[0.8431057367242087, -0.532226393879096, 0.07686209964073813, 0.0, -0.5327395143421217, -0.8461395283537843, -0.015378830116624295, 0.0, 0.07322108003334592, -0.027981497738489625, -0.9969231210194001, 0.0, 0.45574631425425044, 0.0826631651481124, 0.4835144290321428, 1.0]",
  "1783610028.270434": "[0.8431086582450714, -0.5322224549154597, 0.0768573280563204, 0.0, -0.5327359309677506, -0.8461419092212288, -0.015371965241250186, 0.0, 0.07321351137679052, -0.027984423224637338, -0.9969235947697623, 0.0, 0.4557449144550906, 0.08266256953201287, 0.4835112444784889, 1.0]",
  "1783610028.3038661": "[0.8431086582450714, -0.5322224549154597, 0.0768573280563204, 0.0, -0.5327359309677506, -0.8461419092212288, -0.015371965241250186, 0.0, 0.07321351137679052, -0.027984423224637338, -0.9969235947697623, 0.0, 0.4557449144550906, 0.08266256953201287, 0.4835112444784889, 1.0]",
  "1783610028.337064": "[0.8431035030106326, -0.5322300002026165, 0.07686162953986331, 0.0, -0.5327433137277183, -0.8461371840413701, -0.015376197870421042, 0.0, 0.07321915657538058, -0.02798379293204245, -0.9969231978660775, 0.0, 0.4557450182810108, 0.08266219930313054, 0.4835142282581211, 1.0]",
  "1783610028.370411": "[0.8431035030106326, -0.5322300002026165, 0.07686162953986331, 0.0, -0.5327433137277183, -0.8461371840413701, -0.015376197870421042, 0.0, 0.07321915657538058, -0.02798379293204245, -0.9969231978660775, 0.0, 0.4557450182810108, 0.08266219930313054, 0.4835142282581211, 1.0]",
  "1783610028.4038131": "[0.8431029859621736, -0.5322305003581349, 0.07686383772747876, 0.0, -0.5327438185659454, -0.8461368515071925, -0.015377005601537149, 0.0, 0.07322143703480463, -0.027984335082757186, -0.996923015156403, 0.0, 0.45574543169910403, 0.08266126206194761, 0.4835144296859032, 1.0]",
  "1783610028.43823": "[0.8431029859621736, -0.5322305003581349, 0.07686383772747876, 0.0, -0.5327438185659454, -0.8461368515071925, -0.015377005601537149, 0.0, 0.07322143703480463, -0.027984335082757186, -0.996923015156403, 0.0, 0.45574543169910403, 0.08266126206194761, 0.4835144296859032, 1.0]",
  "1783610028.470383": "[0.8431010614988774, -0.5322341002341082, 0.07686001982471397, 0.0, -0.5327474596144934, -0.8461345926172428, -0.01537515693435031, 0.0, 0.07321710437984971, -0.027984169175473406, -0.9969233380264444, 0.0, 0.4557458074480166, 0.082659332887451, 0.4835134012803514, 1.0]",
  "1783610028.5049915": "[0.8431010614988774, -0.5322341002341082, 0.07686001982471397, 0.0, -0.5327474596144934, -0.8461345926172428, -0.01537515693435031, 0.0, 0.07321710437984971, -0.027984169175473406, -0.9969233380264444, 0.0, 0.4557458074480166, 0.082659332887451, 0.4835134012803514, 1.0]",
  "1783610028.5371625": "[0.8431051820993657, -0.5322275589396328, 0.07686011594029148, 0.0, -0.532740688543055, -0.8461388041137932, -0.015378001936253063, 0.0, 0.07321892301766665, -0.02798123796474089, -0.9969232867347886, 0.0, 0.455746032404513, 0.08266324141660503, 0.4835143003003245, 1.0]",
  "1783610028.571122": "[0.8431051820993657, -0.5322275589396328, 0.07686011594029148, 0.0, -0.532740688543055, -0.8461388041137932, -0.015378001936253063, 0.0, 0.07321892301766665, -0.02798123796474089, -0.9969232867347886, 0.0, 0.455746032404513, 0.08266324141660503, 0.4835143003003245, 1.0]",
  "1783610028.6037042": "[0.8431059219100256, -0.5322264644736966, 0.0768595794554886, 0.0, -0.532739924715116, -0.8461393715506182, -0.015373240597155287, 0.0, 0.07321596174863937, -0.027984896386343223, -0.9969234015306632, 0.0, 0.45574568097921664, 0.08266351267824304, 0.48351210402517186, 1.0]",
  "1783610028.638129": "[0.8431059219100256, -0.5322264644736966, 0.0768595794554886, 0.0, -0.532739924715116, -0.8461393715506182, -0.015373240597155287, 0.0, 0.07321596174863937, -0.027984896386343223, -0.9969234015306632, 0.0, 0.45574568097921664, 0.08266351267824304, 0.48351210402517186, 1.0]",
  "1783610028.6706095": "[0.8431027877762752, -0.5322307836191011, 0.07686405019299102, 0.0, -0.5327439517302097, -0.8461367287902879, -0.015379144545473383, 0.0, 0.07322275014469863, -0.02798265820590032, -0.996922965780696, 0.0, 0.4557455936700375, 0.08266257857046147, 0.4835159849852871, 1.0]",
  "1783610028.703703": "[0.8431027877762752, -0.5322307836191011, 0.07686405019299102, 0.0, -0.5327439517302097, -0.8461367287902879, -0.015379144545473383, 0.0, 0.07322275014469863, -0.02798265820590032, -0.996922965780696, 0.0, 0.4557455936700375, 0.08266257857046147, 0.4835159849852871, 1.0]",
  "1783610028.7394664": "[0.8431072495052112, -0.5322243545877131, 0.07685962669340575, 0.0, -0.5327375997547176, -0.8461407837080361, -0.015376083816508651, 0.0, 0.07321759105119334, -0.0279823253079904, -0.9969233540403284, 0.0, 0.4557450342608094, 0.08266463859596956, 0.4835131873763619, 1.0]",
  "1783610028.7705936": "[0.8431072495052112, -0.5322243545877131, 0.07685962669340575, 0.0, -0.5327375997547176, -0.8461407837080361, -0.015376083816508651, 0.0, 0.07321759105119334, -0.0279823253079904, -0.9969233540403284, 0.0, 0.4557450342608094, 0.08266463859596956, 0.4835131873763619, 1.0]",
  "1783610028.806599": "[0.8431026947617305, -0.5322314383856048, 0.07686053655484268, 0.0, -0.5327446097017761, -0.8461363392212617, -0.015377785371887855, 0.0, 0.07321903385876155, -0.02798198426187259, -0.9969232576470255, 0.0, 0.4557455437396833, 0.08266140581556945, 0.4835137487377926, 1.0]",
  "1783610028.8370314": "[0.8431026947617305, -0.5322314383856048, 0.07686053655484268, 0.0, -0.5327446097017761, -0.8461363392212617, -0.015377785371887855, 0.0, 0.07321903385876155, -0.02798198426187259, -0.9969232576470255, 0.0, 0.4557455437396833, 0.08266140581556945, 0.4835137487377926, 1.0]",
  "1783610028.8714643": "[0.8431046417205664, -0.532228153108431, 0.07686192911984281, 0.0, -0.5327414965693775, -0.8461383351175829, -0.015375814692705783, 0.0, 0.07321926619582576, -0.027984118410858953, -0.9969231806786876, 0.0, 0.45574476082634247, 0.08266200696630704, 0.48351424691553635, 1.0]",
  "1783610028.9036973": "[0.8431046417205664, -0.532228153108431, 0.07686192911984281, 0.0, -0.5327414965693775, -0.8461383351175829, -0.015375814692705783, 0.0, 0.07321926619582576, -0.027984118410858953, -0.9969231806786876, 0.0, 0.45574476082634247, 0.08266200696630704, 0.48351424691553635, 1.0]",
  "1783610028.936976": "[0.8431000314209072, -0.5322354004032024, 0.07686231570612588, 0.0, -0.5327487659134558, -0.8461337544936283, -0.015376017826676525, 0.0, 0.07321946077208681, -0.027984782724889586, -0.9969231477401284, 0.0, 0.45574547812889143, 0.08266040810707065, 0.48351407313672545, 1.0]",
  "1783610028.970438": "[0.8431000314209072, -0.5322354004032024, 0.07686231570612588, 0.0, -0.5327487659134558, -0.8461337544936283, -0.015376017826676525, 0.0, 0.07321946077208681, -0.027984782724889586, -0.9969231477401284, 0.0, 0.45574547812889143, 0.08266040810707065, 0.48351407313672545, 1.0]",
  "1783610029.003738": "[0.8431078270591477, -0.5322233053437375, 0.0768605568584368, 0.0, -0.5327366779967553, -0.8461413900472685, -0.015374653357315877, 0.0, 0.07321764724834968, -0.027983947145870134, -0.9969233043888348, 0.0, 0.4557451316891931, 0.08266290094154093, 0.48351349845730873, 1.0]",
  "1783610029.0370665": "[0.8431078270591477, -0.5322233053437375, 0.0768605568584368, 0.0, -0.5327366779967553, -0.8461413900472685, -0.015374653357315877, 0.0, 0.07321764724834968, -0.027983947145870134, -0.9969233043888348, 0.0, 0.4557451316891931, 0.08266290094154093, 0.48351349845730873, 1.0]",
  "1783610029.0703855": "[0.8431035595455602, -0.5322309700779486, 0.07685429312336355, 0.0, -0.5327440505946137, -0.8461367127130122, -0.015376604152448323, 0.0, 0.07321314388584728, -0.027979597729474236, -0.9969237572017464, 0.0, 0.45574571524211044, 0.0826630374185292, 0.48351169067605204, 1.0]",
  "1783610029.1045675": "[0.8431035595455602, -0.5322309700779486, 0.07685429312336355, 0.0, -0.5327440505946137, -0.8461367127130122, -0.015376604152448323, 0.0, 0.07321314388584728, -0.027979597729474236, -0.9969237572017464, 0.0, 0.45574571524211044, 0.0826630374185292, 0.48351169067605204, 1.0]",
  "1783610029.137079": "[0.8431045349408068, -0.532228014664967, 0.07686405901351648, 0.0, -0.5327414691300868, -0.8461383651349927, -0.015375113521473825, 0.0, 0.07322069537611894, -0.027985843786978166, -0.9969230272775167, 0.0, 0.4557451504241923, 0.08266254539971035, 0.4835142338701252, 1.0]",
  "1783610029.170608": "[0.8431045349408068, -0.532228014664967, 0.07686405901351648, 0.0, -0.5327414691300868, -0.8461383651349927, -0.015375113521473825, 0.0, 0.07322069537611894, -0.027985843786978166, -0.9969230272775167, 0.0, 0.4557451504241923, 0.08266254539971035, 0.4835142338701252, 1.0]",
  "1783610029.2037": "[0.8431041654267746, -0.5322288948520908, 0.07686201743737912, 0.0, -0.5327421190380188, -0.8461379124132382, -0.015377508896063263, 0.0, 0.07322022154366382, -0.02798279223896829, -0.9969231477378822, 0.0, 0.45574533397066486, 0.0826630686459577, 0.48351477081493033, 1.0]",
  "1783610029.237916": "[0.8431041654267746, -0.5322288948520908, 0.07686201743737912, 0.0, -0.5327421190380188, -0.8461379124132382, -0.015377508896063263, 0.0, 0.07322022154366382, -0.02798279223896829, -0.9969231477378822, 0.0, 0.45574533397066486, 0.0826630686459577, 0.48351477081493033, 1.0]",
  "1783610029.2708662": "[0.8431056234321236, -0.5322260326559144, 0.07686584352282796, 0.0, -0.5327392783223978, -0.8461396821605494, -0.015378543681884568, 0.0, 0.07322410169924326, -0.027983717347600284, -0.9969228367801335, 0.0, 0.4557451564136403, 0.08266308493836133, 0.48351593329937687, 1.0]",
  "1783610029.304136": "[0.8431056234321236, -0.5322260326559144, 0.07686584352282796, 0.0, -0.5327392783223978, -0.8461396821605494, -0.015378543681884568, 0.0, 0.07322410169924326, -0.027983717347600284, -0.9969228367801335, 0.0, 0.4557451564136403, 0.08266308493836133, 0.48351593329937687, 1.0]",
  "1783610029.3370214": "[0.8431063601961357, -0.5322257099900038, 0.07685999624290978, 0.0, -0.5327390039181814, -0.8461399079152119, -0.015375628035974788, 0.0, 0.0732176146913281, -0.027983028050462565, -0.9969233325788092, 0.0, 0.4557462665223568, 0.08266293736941804, 0.4835127533815784, 1.0]",
  "1783610029.3715465": "[0.8431063601961357, -0.5322257099900038, 0.07685999624290978, 0.0, -0.5327390039181814, -0.8461399079152119, -0.015375628035974788, 0.0, 0.0732176146913281, -0.027983028050462565, -0.9969233325788092, 0.0, 0.4557462665223568, 0.08266293736941804, 0.4835127533815784, 1.0]",
  "1783610029.4036868": "[0.8431033372206553, -0.532230380613294, 0.07686081394066985, 0.0, -0.5327435583748887, -0.846137001760308, -0.015377752180934321, 0.0, 0.07321928555685087, -0.027982069335644764, -0.9969232367731429, 0.0, 0.45574487702399114, 0.08266159552319605, 0.4835156494912828, 1.0]",
  "1783610029.4371169": "[0.8431033372206553, -0.532230380613294, 0.07686081394066985, 0.0, -0.5327435583748887, -0.846137001760308, -0.015377752180934321, 0.0, 0.07321928555685087, -0.027982069335644764, -0.9969232367731429, 0.0, 0.45574487702399114, 0.08266159552319605, 0.4835156494912828, 1.0]",
  "1783610029.470454": "[0.8431079915444275, -0.5322238906133928, 0.0768546996238012, 0.0, -0.5327371271384843, -0.8461411138859769, -0.015374288927710863, 0.0, 0.073212485015576, -0.027981166025408972, -0.9969237615714166, 0.0, 0.45574505083738687, 0.08266450992523969, 0.4835111847771869, 1.0]",
