{
  "1783610558.6767912": "[0.83476473279532, -0.5427082392737743, 0.09292797159907099, 0.0, -0.5428429270491284, -0.8394304907295989, -0.026038582645763298, 0.0, 0.09213792614278118, -0.0287092016229185, -0.9953322984351922, 0.0, 0.4569284349545323, 0.08348793069728855, 0.4911363591751934, 1.0]",
  "1783610558.7100897": "[0.83476473279532, -0.5427082392737743, 0.09292797159907099, 0.0, -0.5428429270491284, -0.8394304907295989, -0.026038582645763298, 0.0, 0.09213792614278118, -0.0287092016229185, -0.9953322984351922, 0.0, 0.4569284349545323, 0.08348793069728855, 0.4911363591751934, 1.0]",
  "1783610558.7433784": "[0.8347636466419539, -0.542708152995788, 0.09293823172907509, 0.0, -0.5428427702624699, -0.8394304689275123, -0.026042553828378483, 0.0, 0.09214868972912399, -0.028711469973459896, -0.9953312365605576, 0.0, 0.4569300710809269, 0.08348658717713187, 0.4911395461139233, 1.0]",
  "1783610558.7768362": "[0.8347636466419539, -0.542708152995788, 0.09293823172907509, 0.0, -0.5428427702624699, -0.8394304689275123, -0.026042553828378483, 0.0, 0.09214868972912399, -0.028711469973459896, -0.9953312365605576, 0.0, 0.4569300710809269, 0.08348658717713187, 0.4911395461139233, 1.0]",
  "1783610558.8101225": "[0.8347625160172306, -0.5427109820893822, 0.09293186629010049, 0.0, -0.542845826839426, -0.8394286250937619, -0.02603827291155947, 0.0, 0.09214092541104014, -0.02871190158758388, -0.9953319429073009, 0.0, 0.45692873608901474, 0.08348630992530184, 0.4911379989940716, 1.0]",
  "1783610558.8433857": "[0.8347625160172306, -0.5427109820893822, 0.09293186629010049, 0.0, -0.542845826839426, -0.8394286250937619, -0.02603827291155947, 0.0, 0.09214092541104014, -0.02871190158758388, -0.9953319429073009, 0.0, 0.45692873608901474, 0.08348630992530184, 0.4911379989940716, 1.0]",
  "1783610558.8767443": "[0.8347631087082219, -0.542710990754958, 0.09292649166710872, 0.0, -0.5428455417738917, -0.8394287632370139, -0.026039762414192424, 0.0, 0.09213723523090582, -0.028707698691283874, -0.9953324057418482, 0.0, 0.4569291846046954, 0.08348726066270401, 0.4911361932251581, 1.0]",
  "1783610558.9101553": "[0.8347631087082219, -0.542710990754958, 0.09292649166710872, 0.0, -0.5428455417738917, -0.8394287632370139, -0.026039762414192424, 0.0, 0.09213723523090582, -0.028707698691283874, -0.9953324057418482, 0.0, 0.4569291846046954, 0.08348726066270401, 0.4911361932251581, 1.0]",
  "1783610558.9436562": "[0.8347633249881519, -0.5427097904723911, 0.09293155858016348, 0.0, -0.5428443683582059, -0.8394294840688068, -0.026040987265406948, 0.0, 0.09214218901515996, -0.028709312102347236, -0.9953319006251655, 0.0, 0.45692876349746697, 0.08348741646615031, 0.4911385242712159, 1.0]",
  "1783610558.97676": "[0.8347633249881519, -0.5427097904723911, 0.09293155858016348, 0.0, -0.5428443683582059, -0.8394294840688068, -0.026040987265406948, 0.0, 0.09214218901515996, -0.028709312102347236, -0.9953319006251655, 0.0, 0.45692876349746697, 0.08348741646615031, 0.4911385242712159, 1.0]",
  "1783610559.0101023": "[0.8347655311244198, -0.5427064113037449, 0.09293147570320816, 0.0, -0.5428414576858601, -0.8394315304593833, -0.026035696420640957, 0.0, 0.09213935024763283, -0.028713355784857106, -0.9953320467740985, 0.0, 0.4569294553855399, 0.08348414445500084, 0.4911371984459706, 1.0]",
  "1783610559.0434513": "[0.8347655311244198, -0.5427064113037449, 0.09293147570320816, 0.0, -0.5428414576858601, -0.8394315304593833, -0.026035696420640957, 0.0, 0.09213935024763283, -0.028713355784857106, -0.9953320467740985, 0.0, 0.4569294553855399, 0.08348414445500084, 0.4911371984459706, 1.0]",
  "1783610559.0774877": "[0.8347624710764345, -0.5427105903671705, 0.09293455754283307, 0.0, -0.5428452242330581, -0.8394289186997423, -0.026041370508148146, 0.0, 0.09214488271046663, -0.02871072193274053, -0.9953316105883385, 0.0, 0.4569291769698247, 0.08348655470602764, 0.4911391159124811, 1.0]",
  "1783610559.1100948": "[0.8347624710764345, -0.5427105903671705, 0.09293455754283307, 0.0, -0.5428452242330581, -0.8394289186997423, -0.026041370508148146, 0.0, 0.09214488271046663, -0.02871072193274053, -0.9953316105883385, 0.0, 0.4569291769698247, 0.08348655470602764, 0.4911391159124811, 1.0]",
  "1783610559.1434796": "[0.8347611363142604, -0.5427129683232381, 0.09293266009915319, 0.0, -0.5428472645414224, -0.8394275000968645, -0.026044566823507646, 0.0, 0.09214495471386253, -0.02870724812497916, -0.9953317041197229, 0.0, 0.4569293762882176, 0.08348493508945848, 0.49113841491228055, 1.0]",
  "1783610559.1767416": "[0.8347611363142604, -0.5427129683232381, 0.09293266009915319, 0.0, -0.5428472645414224, -0.8394275000968645, -0.026044566823507646, 0.0, 0.09214495471386253, -0.02870724812497916, -0.9953317041197229, 0.0, 0.4569293762882176, 0.08348493508945848, 0.49113841491228055, 1.0]",
  "1783610559.2105544": "[0.8347669773815529, -0.5427038444293977, 0.09293347467311251, 0.0, -0.5428384713949803, -0.8394333064630746, -0.026040698416726092, 0.0, 0.09214384106833702, -0.02870995022674149, -0.995331729279817, 0.0, 0.4569283767174103, 0.08348726585731982, 0.49113866985193605, 1.0]",
  "1783610559.2435296": "[0.8347669773815529, -0.5427038444293977, 0.09293347467311251, 0.0, -0.5428384713949803, -0.8394333064630746, -0.026040698416726092, 0.0, 0.09214384106833702, -0.02870995022674149, -0.995331729279817, 0.0, 0.4569283767174103, 0.08348726585731982, 0.49113866985193605, 1.0]",
  "1783610559.2767174": "[0.8347690206255612, -0.5427007193051961, 0.09293337112934236, 0.0, -0.5428357935821245, -0.8394351948639411, -0.026035645369427245, 0.0, 0.0921411059728856, -0.028713810080867434, -0.9953318711368251, 0.0, 0.4569283669473784, 0.08348916423938818, 0.4911367288236532, 1.0]",
  "1783610559.3101046": "[0.8347690206255612, -0.5427007193051961, 0.09293337112934236, 0.0, -0.5428357935821245, -0.8394351948639411, -0.026035645369427245, 0.0, 0.0921411059728856, -0.028713810080867434, -0.9953318711368251, 0.0, 0.4569283669473784, 0.08348916423938818, 0.4911367288236532, 1.0]",
  "1783610559.3434017": "[0.8347624763359452, -0.5427109553522653, 0.09293237886824993, 0.0, -0.5428458295597105, -0.8394286282729195, -0.026038113708075045, 0.0, 0.0921412688815946, -0.028712314021622783, -0.9953318992137314, 0.0, 0.45692958199555167, 0.08348547993886256, 0.49113793087663005, 1.0]",
  "1783610559.376713": "[0.8347624763359452, -0.5427109553522653, 0.09293237886824993, 0.0, -0.5428458295597105, -0.8394286282729195, -0.026038113708075045, 0.0, 0.0921412688815946, -0.028712314021622783, -0.9953318992137314, 0.0, 0.45692958199555167, 0.08348547993886256, 0.49113793087663005, 1.0]",
  "1783610559.4100544": "[0.8347676908789466, -0.5427037406705416, 0.09292767148074302, 0.0, -0.5428383596617697, -0.8394334326435888, -0.026038960039147692, 0.0, 0.09213803527507206, -0.028708222209025885, -0.9953323165823798, 0.0, 0.45692863115926613, 0.08348724298173127, 0.49113638782313296, 1.0]",
  "1783610559.4434402": "[0.8347676908789466, -0.5427037406705416, 0.09292767148074302, 0.0, -0.5428383596617697, -0.8394334326435888, -0.026038960039147692, 0.0, 0.09213803527507206, -0.028708222209025885, -0.9953323165823798, 0.0, 0.45692863115926613, 0.08348724298173127, 0.49113638782313296, 1.0]",
  "1783610559.476706": "[0.8347630275097155, -0.5427101864962849, 0.09293191796138513, 0.0, -0.5428450353114098, -0.8394291393124684, -0.02603819715116618, 0.0, 0.09214095474091887, -0.02871190600250281, -0.9953319400647884, 0.0, 0.4569293519752776, 0.0834854651067512, 0.4911374014824205, 1.0]",
  "1783610559.5101345": "[0.8347630275097155, -0.5427101864962849, 0.09293191796138513, 0.0, -0.5428450353114098, -0.8394291393124684, -0.02603819715116618, 0.0, 0.09214095474091887, -0.02871190600250281, -0.9953319400647884, 0.0, 0.4569293519752776, 0.0834854651067512, 0.4911374014824205, 1.0]",
  "1783610559.5433855": "[0.834762091362767, -0.542711024712461, 0.09293543177502249, 0.0, -0.5428455869986798, -0.8394286508067148, -0.026042443834584372, 0.0, 0.0921461854865306, -0.028710344135332792, -0.9953315008779302, 0.0, 0.45692970298021385, 0.08348486436555397, 0.49113917342774516, 1.0]",
  "1783610559.577094": "[0.834762091362767, -0.542711024712461, 0.09293543177502249, 0.0, -0.5428455869986798, -0.8394286508067148, -0.026042443834584372, 0.0, 0.0921461854865306, -0.028710344135332792, -0.9953315008779302, 0.0, 0.45692970298021385, 0.08348486436555397, 0.49113917342774516, 1.0]",
  "1783610559.6101723": "[0.8347666037273288, -0.5427048932429156, 0.09293070618335106, 0.0, -0.5428394324521629, -0.8394326805098704, -0.026040842287222477, 0.0, 0.09214156432660822, -0.028708426327645274, -0.9953319840039483, 0.0, 0.45692897848558334, 0.0834890689268305, 0.4911371637906096, 1.0]",
  "1783610559.6451535": "[0.8347666037273288, -0.5427048932429156, 0.09293070618335106, 0.0, -0.5428394324521629, -0.8394326805098704, -0.026040842287222477, 0.0, 0.09214156432660822, -0.028708426327645274, -0.9953319840039483, 0.0, 0.45692897848558334, 0.0834890689268305, 0.4911371637906096, 1.0]",
  "1783610559.67674": "[0.834761554846214, -0.5427119426485221, 0.09293489042011428, 0.0, -0.5428465904918964, -0.8394280340755191, -0.02604140548111703, 0.0, 0.09214513412033525, -0.028711024272499098, -0.9953315785923649, 0.0, 0.45692965212265446, 0.0834857300246629, 0.4911395407270066, 1.0]",
  "1783610559.710155": "[0.834761554846214, -0.5427119426485221, 0.09293489042011428, 0.0, -0.5428465904918964, -0.8394280340755191, -0.02604140548111703, 0.0, 0.09214513412033525, -0.028711024272499098, -0.9953315785923649, 0.0, 0.45692965212265446, 0.0834857300246629, 0.4911395407270066, 1.0]",
  "1783610559.7434251": "[0.8347639714771995, -0.54270896193963, 0.09293058997995494, 0.0, -0.5428438701196953, -0.8394299279141613, -0.026037065800453535, 0.0, 0.09213926740041205, -0.028711996664025553, -0.9953320936503958, 0.0, 0.45692929148442485, 0.08348537901424938, 0.4911369880470624, 1.0]",
  "1783610559.7784345": "[0.8347639714771995, -0.54270896193963, 0.09293058997995494, 0.0, -0.5428438701196953, -0.8394299279141613, -0.026037065800453535, 0.0, 0.09213926740041205, -0.028711996664025553, -0.9953320936503958, 0.0, 0.45692929148442485, 0.08348537901424938, 0.4911369880470624, 1.0]",
  "1783610559.8100762": "[0.8347625719613394, -0.5427111205558308, 0.09293055513405746, 0.0, -0.5428457228162769, -0.8394286235928334, -0.026040489878562934, 0.0, 0.0921410314277174, -0.02870932806730286, -0.9953320073268821, 0.0, 0.45692880188201623, 0.08348566941850225, 0.49113810082976667, 1.0]",
  "1783610559.8441935": "[0.8347625719613394, -0.5427111205558308, 0.09293055513405746, 0.0, -0.5428457228162769, -0.8394286235928334, -0.026040489878562934, 0.0, 0.0921410314277174, -0.02870932806730286, -0.9953320073268821, 0.0, 0.45692880188201623, 0.08348566941850225, 0.49113810082976667, 1.0]",
  "1783610559.8767002": "[0.8347675128320963, -0.5427040428545131, 0.09292750609740191, 0.0, -0.5428391795050462, -0.8394330769633997, -0.026033334285996634, 0.0, 0.09213481814387059, -0.028712909450715897, -0.9953324791829463, 0.0, 0.4569288018553985, 0.08348686705396874, 0.4911353464746626, 1.0]",
  "1783610559.9101174": "[0.8347675128320963, -0.5427040428545131, 0.09292750609740191, 0.0, -0.5428391795050462, -0.8394330769633997, -0.026033334285996634, 0.0, 0.09213481814387059, -0.028712909450715897, -0.9953324791829463, 0.0, 0.4569288018553985, 0.08348686705396874, 0.4911353464746626, 1.0]",
  "1783610559.9433756": "[0.8347607979915701, -0.542713307453017, 0.09293371858418337, 0.0, -0.5428476587455755, -0.8394272527033846, -0.026044324013020898, 0.0, 0.09214569730011513, -0.028708070855683783, -0.9953316116434865, 0.0, 0.4569295301385586, 0.08348742192555317, 0.4911385494859431, 1.0]",
  "1783610559.976677": "[0.8347607979915701, -0.542713307453017, 0.09293371858418337, 0.0, -0.5428476587455755, -0.8394272527033846, -0.026044324013020898, 0.0, 0.09214569730011513, -0.028708070855683783, -0.9953316116434865, 0.0, 0.4569295301385586, 0.08348742192555317, 0.4911385494859431, 1.0]",
  "1783610560.0100405": "[0.8347619272238227, -0.5427119623236552, 0.09293143068078095, 0.0, -0.542846705232046, -0.8394280253225146, -0.026039295725037732, 0.0, 0.0921410846272253, -0.028710908274578662, -0.9953319568213246, 0.0, 0.45692897797859905, 0.08348459330150684, 0.49113728134437573, 1.0]",
  "1783610560.0434399": "[0.8347619272238227, -0.5427119623236552, 0.09293143068078095, 0.0, -0.542846705232046, -0.8394280253225146, -0.026039295725037732, 0.0, 0.0921410846272253, -0.028710908274578662, -0.9953319568213246, 0.0, 0.45692897797859905, 0.08348459330150684, 0.49113728134437573, 1.0]",
  "1783610560.078614": "[0.8347628196264326, -0.5427102287530967, 0.09293353848901557, 0.0, -0.5428450349328897, -0.8394291094405988, -0.026039168044948737, 0.0, 0.09214284029721241, -0.028711980609578813, -0.995331763359051, 0.0, 0.45692892860917667, 0.08348630917661826, 0.4911381931066064, 1.0]",
  "1783610560.1100829": "[0.8347628196264326, -0.5427102287530967, 0.09293353848901557, 0.0, -0.5428450349328897, -0.8394291094405988, -0.026039168044948737, 0.0, 0.09214284029721241, -0.028711980609578813, -0.995331763359051, 0.0, 0.45692892860917667, 0.08348630917661826, 0.4911381931066064, 1.0]",
  "1783610560.144959": "[0.8347634345418634, -0.5427095591772254, 0.09293192524387858, 0.0, -0.5428445114085162, -0.8394295138672887, -0.02603704442091549, 0.0, 0.0921403537301731, -0.02871281292714355, -0.9953319695399567, 0.0, 0.45692945410172003, 0.08348470522249424, 0.4911380666132168, 1.0]",
  "1783610560.176737": "[0.8347634345418634, -0.5427095591772254, 0.09293192524387858, 0.0, -0.5428445114085162, -0.8394295138672887, -0.02603704442091549, 0.0, 0.0921403537301731, -0.02871281292714355, -0.9953319695399567, 0.0, 0.45692945410172003, 0.08348470522249424, 0.4911380666132168, 1.0]",
  "1783610560.2106187": "[0.8347647740148016, -0.5427072457426961, 0.09293340348009484, 0.0, -0.5428419385639819, -0.839431080718501, -0.02604017011979653, 0.0, 0.09214337632253052, -0.02871073217712442, -0.9953317497486647, 0.0, 0.45692856971051876, 0.08348780716568498, 0.4911375021795136, 1.0]",
  "1783610560.2435486": "[0.8347647740148016, -0.5427072457426961, 0.09293340348009484, 0.0, -0.5428419385639819, -0.839431080718501, -0.02604017011979653, 0.0, 0.09214337632253052, -0.02871073217712442, -0.9953317497486647, 0.0, 0.45692856971051876, 0.08348780716568498, 0.4911375021795136, 1.0]",
  "1783610560.2769258": "[0.8347616632459316, -0.542711460472059, 0.09293673249674027, 0.0, -0.5428459535754014, -0.8394283771029387, -0.026043624961585153, 0.0, 0.09214790427187707, -0.02871010948448887, -0.9953313485225359, 0.0, 0.456929551912015, 0.08348531600920454, 0.4911396623098222, 1.0]",
  "1783610560.3101163": "[0.8347616632459316, -0.542711460472059, 0.09293673249674027, 0.0, -0.5428459535754014, -0.8394283771029387, -0.026043624961585153, 0.0, 0.09214790427187707, -0.02871010948448887, -0.9953313485225359, 0.0, 0.456929551912015, 0.08348531600920454, 0.4911396623098222, 1.0]",
  "1783610560.3434358": "[0.8347647545731209, -0.5427069419859425, 0.09293535195362354, 0.0, -0.5428416958979563, -0.8394312397459898, -0.026040102402668543, 0.0, 0.09214498205061314, -0.028711824372155904, -0.9953315695908147, 0.0, 0.4569293506476853, 0.0834873874639103, 0.49113943778866015, 1.0]",
  "1783610560.3771667": "[0.8347647545731209, -0.5427069419859425, 0.09293535195362354, 0.0, -0.5428416958979563, -0.8394312397459898, -0.026040102402668543, 0.0, 0.09214498205061314, -0.028711824372155904, -0.9953315695908147, 0.0, 0.4569293506476853, 0.0834873874639103, 0.49113943778866015, 1.0]",
  "1783610560.410334": "[0.8347577461787234, -0.5427179077985091, 0.09293426574427124, 0.0, -0.5428523679901216, -0.8394242298305425, -0.02604359692742555, 0.0, 0.09214560088325194, -0.028709491953176, -0.9953315795802198, 0.0, 0.45692973705065476, 0.08348419529589687, 0.49113885682167724, 1.0]",
  "1783610560.4433694": "[0.8347577461787234, -0.5427179077985091, 0.09293426574427124, 0.0, -0.5428523679901216, -0.8394242298305425, -0.02604359692742555, 0.0, 0.09214560088325194, -0.028709491953176, -0.9953315795802198, 0.0, 0.45692973705065476, 0.08348419529589687, 0.49113885682167724, 1.0]",
  "1783610560.476729": "[0.8347647699511553, -0.5427069656458327, 0.09293507565977292, 0.0, -0.5428416339889098, -0.8394312537492634, -0.026040941557285882, 0.0, 0.09214520745348094, -0.028710967737654865, -0.9953315734341608, 0.0, 0.4569295988369995, 0.08348723553489057, 0.4911384089695682, 1.0]",
  "1783610560.510094": "[0.8347647699511553, -0.5427069656458327, 0.09293507565977292, 0.0, -0.5428416339889098, -0.8394312537492634, -0.026040941557285882, 0.0, 0.09214520745348094, -0.028710967737654865, -0.9953315734341608, 0.0, 0.4569295988369995, 0.08348723553489057, 0.4911384089695682, 1.0]",
  "1783610560.5434446": "[0.8347609320310547, -0.5427130090250454, 0.09293425735231274, 0.0, -0.5428476979683767, -0.8394273358132067, -0.026040827559350933, 0.0, 0.09214425193726848, -0.028711282181799903, -0.9953316528225145, 0.0, 0.4569294266021988, 0.08348386790738874, 0.49113854190044076, 1.0]",
  "1783610560.578593": "[0.8347609320310547, -0.5427130090250454, 0.09293425735231274, 0.0, -0.5428476979683767, -0.8394273358132067, -0.026040827559350933, 0.0, 0.09214425193726848, -0.028711282181799903, -0.9953316528225145, 0.0, 0.4569294266021988, 0.08348386790738874, 0.49113854190044076, 1.0]",
  "1783610560.610056": "[0.8347626586610115, -0.5427109025723375, 0.09293104935552153, 0.0, -0.5428454786745999, -0.83942876831431, -0.02604091413267192, 0.0, 0.09214168431141288, -0.02870921725577863, -0.9953319500833964, 0.0, 0.4569288336720445, 0.08348734506964287, 0.4911378540473183, 1.0]",
  "1783610560.643574": "[0.8347626586610115, -0.5427109025723375, 0.09293104935552153, 0.0, -0.5428454786745999, -0.83942876831431, -0.02604091413267192, 0.0, 0.09214168431141288, -0.02870921725577863, -0.9953319500833964, 0.0, 0.4569288336720445, 0.08348734506964287, 0.4911378540473183, 1.0]",
  "1783610560.6767206": "[0.834759877150499, -0.5427146887102441, 0.09293392361149139, 0.0, -0.5428494939816304, -0.8394262134282748, -0.02603956784118454, 0.0, 0.09214322755130452, -0.028712346954066312, -0.9953317169410494, 0.0, 0.4569282584691537, 0.08348470341215028, 0.49113870997719045, 1.0]",
  "1783610560.7101717": "[0.834759877150499, -0.5427146887102441, 0.09293392361149139, 0.0, -0.5428494939816304, -0.8394262134282748, -0.02603956784118454, 0.0, 0.09214322755130452, -0.028712346954066312, -0.9953317169410494, 0.0, 0.4569282584691537, 0.08348470341215028, 0.49113870997719045, 1.0]",
  "1783610560.7437544": "[0.8347619618526121, -0.5427123965543624, 0.09292858370920465, 0.0, -0.5428468021394918, -0.8394278764723639, -0.026042073804225314, 0.0, 0.09214019997213871, -0.028707051874368183, -0.9953321499488379, 0.0, 0.45692913539245417, 0.08348668067634007, 0.4911379570084442, 1.0]",
  "1783610560.7767563": "[0.8347619618526121, -0.5427123965543624, 0.09292858370920465, 0.0, -0.5428468021394918, -0.8394278764723639, -0.026042073804225314, 0.0, 0.09214019997213871, -0.028707051874368183, -0.9953321499488379, 0.0, 0.45692913539245417, 0.08348668067634007, 0.4911379570084442, 1.0]",
  "1783610560.810068": "[0.8347633978468333, -0.5427101836664959, 0.09292860786586515, 0.0, -0.5428448250642307, -0.8394292379512907, -0.026039400405926585, 0.0, 0.09213883826158334, -0.02870907551966258, -0.9953322176372128, 0.0, 0.4569293181938269, 0.08348638737570359, 0.49113677502914843, 1.0]",
  "1783610560.8443944": "[0.8347633978468333, -0.5427101836664959, 0.09292860786586515, 0.0, -0.5428448250642307, -0.8394292379512907, -0.026039400405926585, 0.0, 0.09213883826158334, -0.02870907551966258, -0.9953322176372128, 0.0, 0.4569293181938269, 0.08348638737570359, 0.49113677502914843, 1.0]",
  "1783610560.8769546": "[0.8347628851537882, -0.5427086329602837, 0.09294226853323302, 0.0, -0.5428432718985574, -0.8394301116518592, -0.0260436135475984, 0.0, 0.09215263275779191, -0.02871284316343101, -0.9953308318912262, 0.0, 0.4569284571737103, 0.08348578285760645, 0.4911420959192461, 1.0]",
  "1783610560.9100866": "[0.8347628851537882, -0.5427086329602837, 0.09294226853323302, 0.0, -0.5428432718985574, -0.8394301116518592, -0.0260436135475984, 0.0, 0.09215263275779191, -0.02871284316343101, -0.9953308318912262, 0.0, 0.4569284571737103, 0.08348578285760645, 0.4911420959192461, 1.0]",
  "1783610560.9441502": "[0.8347664910891978, -0.5427049692892026, 0.09293127387179134, 0.0, -0.5428397624010338, -0.8394325465606958, -0.026038282028857537, 0.0, 0.09214064093014199, -0.02871090530496829, -0.9953319979813529, 0.0, 0.45692856917312036, 0.08348883368386587, 0.4911365618810852, 1.0]",
  "1783610560.976738": "[0.8347664910891978, -0.5427049692892026, 0.09293127387179134, 0.0, -0.5428397624010338, -0.8394325465606958, -0.026038282028857537, 0.0, 0.09214064093014199, -0.02871090530496829, -0.9953319979813529, 0.0, 0.45692856917312036, 0.08348883368386587, 0.4911365618810852, 1.0]",
  "1783610561.0100617": "[0.8347627198973249, -0.5427100223729734, 0.09293563947994907, 0.0, -0.5428448294361358, -0.8394292225926954, -0.026039804374760438, 0.0, 0.09214495441462273, -0.028712573436561868, -0.9953315505411136, 0.0, 0.4569299432741363, 0.08348518088985707, 0.4911383851237827, 1.0]",
  "1783610561.0434008": "[0.8347627198973249, -0.5427100223729734, 0.09293563947994907, 0.0, -0.5428448294361358, -0.8394292225926954, -0.026039804374760438, 0.0, 0.09214495441462273, -0.028712573436561868, -0.9953315505411136, 0.0, 0.4569299432741363, 0.08348518088985707, 0.4911383851237827, 1.0]",
  "1783610561.0774949": "[0.834762924553695, -0.5427096790510741, 0.09293580609669269, 0.0, -0.5428440644473669, -0.8394295750183365, -0.026044390543775085, 0.0, 0.09214760704882635, -0.028708759095680773, -0.9953314149901831, 0.0, 0.4569289212886852, 0.08348757325626843, 0.49113989247906215, 1.0]",
  "1783610561.1100476": "[0.834762924553695, -0.5427096790510741, 0.09293580609669269, 0.0, -0.5428440644473669, -0.8394295750183365, -0.026044390543775085, 0.0, 0.09214760704882635, -0.028708759095680773, -0.9953314149901831, 0.0, 0.4569289212886852, 0.08348757325626843, 0.49113989247906215, 1.0]",
  "1783610561.1434028": "[0.8347611137584107, -0.5427121881240238, 0.09293741882821951, 0.0, -0.5428466954360456, -0.8394278940789712, -0.02604373046068171, 0.0, 0.09214851171333649, -0.02871047724747218, -0.9953312816772311, 0.0, 0.4569294951800518, 0.08348584026034683, 0.4911405072505658, 1.0]",
  "1783610561.176728": "[0.8347611137584107, -0.5427121881240238, 0.09293741882821951, 0.0, -0.5428466954360456, -0.8394278940789712, -0.02604373046068171, 0.0, 0.09214851171333649, -0.02871047724747218, -0.9953312816772311, 0.0, 0.4569294951800518, 0.08348584026034683, 0.4911405072505658, 1.0]",
  "1783610561.2100346": "[0.8347657580281047, -0.5427052030035266, 0.0929364936753306, 0.0, -0.5428400261040416, -0.839432334906034, -0.02603960778444365, 0.0, 0.09214572851265132, -0.028712675721798916, -0.995331475926371, 0.0, 0.4569287963490321, 0.08349000267041803, 0.49113961957623076, 1.0]",
  "1783610561.243423": "[0.8347657580281047, -0.5427052030035266, 0.0929364936753306, 0.0, -0.5428400261040416, -0.839432334906034, -0.02603960778444365, 0.0, 0.09214572851265132, -0.028712675721798916, -0.995331475926371, 0.0, 0.4569287963490321, 0.08349000267041803, 0.49113961957623076, 1.0]",
  "1783610561.2767222": "[0.8347674112616452, -0.5427022590855031, 0.09293883514991351, 0.0, -0.5428370354159144, -0.839434235985872, -0.02604066887919817, 0.0, 0.09214836990632298, -0.028712739999977505, -0.9953312295338173, 0.0, 0.45692877389368963, 0.08348809209843125, 0.49114000890587844, 1.0]",
  "1783610561.3105946": "[0.8347674112616452, -0.5427022590855031, 0.09293883514991351, 0.0, -0.5428370354159144, -0.839434235985872, -0.02604066887919817, 0.0, 0.09214836990632298, -0.028712739999977505, -0.9953312295338173, 0.0, 0.45692877389368963, 0.08348809209843125, 0.49114000890587844, 1.0]",
  "1783610561.3434021": "[0.834762635483683, -0.5427102141333013, 0.0929352778858596, 0.0, -0.5428445190276363, -0.8394292582021046, -0.0260451269130894, 0.0, 0.09214754778066532, -0.028707907441171663, -0.9953314450414794, 0.0, 0.45692910152435534, 0.08348667185140765, 0.49113990293327425, 1.0]",
  "1783610561.3769064": "[0.834762635483683, -0.5427102141333013, 0.0929352778858596, 0.0, -0.5428445190276363, -0.8394292582021046, -0.0260451269130894, 0.0, 0.09214754778066532, -0.028707907441171663, -0.9953314450414794, 0.0, 0.45692910152435534, 0.08348667185140765, 0.49113990293327425, 1.0]",
  "1783610561.4101272": "[0.8347628387234479, -0.5427105449082456, 0.09293152065777262, 0.0, -0.5428448445692736, -0.8394290818270189, -0.026044026332537884, 0.0, 0.092143788781079, -0.02870681153391725, -0.9953318246497622, 0.0, 0.4569288387186477, 0.08348745447166017, 0.4911383946389766, 1.0]",
  "1783610561.4433799": "[0.8347628387234479, -0.5427105449082456, 0.09293152065777262, 0.0, -0.5428448445692736, -0.8394290818270189, -0.026044026332537884, 0.0, 0.092143788781079, -0.02870681153391725, -0.9953318246497622, 0.0, 0.4569288387186477, 0.08348745447166017, 0.4911383946389766, 1.0]",
  "1783610561.476712": "[0.8347581939609958, -0.5427169902315445, 0.0929356020531957, 0.0, -0.5428515627082555, -0.8394247769611825, -0.026042747337295606, 0.0, 0.09214628847751466, -0.028710840072746435, -0.9953314770377435, 0.0, 0.456929311184975, 0.08348505096369663, 0.4911404819272941, 1.0]",
  "1783610561.5106077": "[0.8347581939609958, -0.5427169902315445, 0.0929356020531957, 0.0, -0.5428515627082555, -0.8394247769611825, -0.026042747337295606, 0.0, 0.09214628847751466, -0.028710840072746435, -0.9953314770377435, 0.0, 0.456929311184975, 0.08348505096369663, 0.4911404819272941, 1.0]",
  "1783610561.5433757": "[0.8347651865469721, -0.542706532861861, 0.09293386098864483, 0.0, -0.5428414192133324, -0.8394314783074075, -0.026038179911353824, 0.0, 0.0921426986562374, -0.028712582881005592, -0.9953317590977633, 0.0, 0.4569289163111729, 0.08348807188300969, 0.49113929088114505, 1.0]",
  "1783610561.576873": "[0.8347651865469721, -0.542706532861861, 0.09293386098864483, 0.0, -0.5428414192133324, -0.8394314783074075, -0.026038179911353824, 0.0, 0.0921426986562374, -0.028712582881005592, -0.9953317590977633, 0.0, 0.4569289163111729, 0.08348807188300969, 0.49113929088114505, 1.0]",
  "1783610561.610082": "[0.8347603142082931, -0.5427140890932113, 0.0929334994638516, 0.0, -0.5428484329847106, -0.8394267501967603, -0.02604438250659283, 0.0, 0.092145518767414, -0.028707987631172886, -0.9953316305720683, 0.0, 0.4569296102239834, 0.08348425082335942, 0.4911385747974458, 1.0]",
  "1783610561.6433926": "[0.8347603142082931, -0.5427140890932113, 0.0929334994638516, 0.0, -0.5428484329847106, -0.8394267501967603, -0.02604438250659283, 0.0, 0.092145518767414, -0.028707987631172886, -0.9953316305720683, 0.0, 0.4569296102239834, 0.08348425082335942, 0.4911385747974458, 1.0]",
  "1783610561.676745": "[0.8347642483160268, -0.5427081184395766, 0.09293302918313417, 0.0, -0.5428427119406849, -0.8394305493134915, -0.02604117839370813, 0.0, 0.09214358266456374, -0.028709772883548045, -0.9953317583171524, 0.0, 0.4569300011999721, 0.08348500466920081, 0.49113892739123577, 1.0]",
  "1783610561.7100532": "[0.8347642483160268, -0.5427081184395766, 0.09293302918313417, 0.0, -0.5428427119406849, -0.8394305493134915, -0.02604117839370813, 0.0, 0.09214358266456374, -0.028709772883548045, -0.9953317583171524, 0.0, 0.4569300011999721, 0.08348500466920081, 0.49113892739123577, 1.0]",
  "1783610561.7442286": "[0.8347649344267175, -0.5427068720350698, 0.09293414494935856, 0.0, -0.5428412906032434, -0.8394314013293112, -0.026043342306894944, 0.0, 0.09214574036689493, -0.02870842225235097, -0.9953315975211565, 0.0, 0.4569293255539679, 0.0834866571788531, 0.491139137667475, 1.0]",
  "1783610561.7767293": "[0.8347649344267175, -0.5427068720350698, 0.09293414494935856, 0.0, -0.5428412906032434, -0.8394314013293112, -0.026043342306894944, 0.0, 0.09214574036689493, -0.02870842225235097, -0.9953315975211565, 0.0, 0.4569293255539679, 0.0834866571788531, 0.491139137667475, 1.0]",
  "1783610561.8105645": "[0.8347653652388052, -0.5427067608764046, 0.09293092432966231, 0.0, -0.5428413133699851, -0.8394314629989432, -0.026040879904570845, 0.0, 0.09214170335127357, -0.028708720391121628, -0.995331962652175, 0.0, 0.4569291577843558, 0.0834856378274756, 0.4911377062410388, 1.0]",
  "1783610561.8434162": "[0.8347653652388052, -0.5427067608764046, 0.09293092432966231, 0.0, -0.5428413133699851, -0.8394314629989432, -0.026040879904570845, 0.0, 0.09214170335127357, -0.028708720391121628, -0.995331962652175, 0.0, 0.4569291577843558, 0.0834856378274756, 0.4911377062410388, 1.0]",
  "1783610561.877206": "[0.8347619744643031, -0.5427111662550456, 0.09293565521664078, 0.0, -0.5428458488554145, -0.8394285193485924, -0.02604122279530345, 0.0, 0.09214570184714264, -0.02871151208693916, -0.9953315119621098, 0.0, 0.4569285727754516, 0.08348720608401601, 0.4911390257938084, 1.0]",
  "1783610561.9100487": "[0.8347619744643031, -0.5427111662550456, 0.09293565521664078, 0.0, -0.5428458488554145, -0.8394285193485924, -0.02604122279530345, 0.0, 0.09214570184714264, -0.02871151208693916, -0.9953315119621098, 0.0, 0.4569285727754516, 0.08348720608401601, 0.4911390257938084, 1.0]",
  "1783610561.9435902": "[0.8347588313182441, -0.5427162782809477, 0.0929340348046731, 0.0, -0.5428506768983815, -0.8394253081127554, -0.02604409128333757, 0.0, 0.09214573309257648, -0.028708768498190002, -0.9953315882077436, 0.0, 0.45692971139027744, 0.08348517219943206, 0.49114077431359116, 1.0]",
  "1783610561.9767032": "[0.8347588313182441, -0.5427162782809477, 0.0929340348046731, 0.0, -0.5428506768983815, -0.8394253081127554, -0.02604409128333757, 0.0, 0.09214573309257648, -0.028708768498190002, -0.9953315882077436, 0.0, 0.45692971139027744, 0.08348517219943206, 0.49114077431359116, 1.0]",
  "1783610562.0101316": "[0.8347619022207469, -0.5427122563599852, 0.09292993811175156, 0.0, -0.542847083027218, -0.8394278230303642, -0.0260379409966397, 0.0, 0.09213908535274858, -0.02871126467359769, -0.9953321316179851, 0.0, 0.4569285665568027, 0.08348457798861611, 0.4911370461207283, 1.0]",
  "1783610562.0433724": "[0.8347619022207469, -0.5427122563599852, 0.09292993811175156, 0.0, -0.542847083027218, -0.8394278230303642, -0.0260379409966397, 0.0, 0.09213908535274858, -0.02871126467359769, -0.9953321316179851, 0.0, 0.4569285665568027, 0.08348457798861611, 0.4911370461207283, 1.0]",
  "1783610562.0767395": "[0.8347631680673909, -0.5427095812957916, 0.09293418966042312, 0.0, -0.5428444765835394, -0.839429495256911, -0.026038370445773337, 0.0, 0.09214297304100937, -0.028712938938301683, -0.9953317234252557, 0.0, 0.45692883553839786, 0.08348715227286642, 0.4911389055692337, 1.0]",
  "1783610562.1100354": "[0.8347631680673909, -0.5427095812957916, 0.09293418966042312, 0.0, -0.5428444765835394, -0.839429495256911, -0.026038370445773337, 0.0, 0.09214297304100937, -0.028712938938301683, -0.9953317234252557, 0.0, 0.45692883553839786, 0.08348715227286642, 0.4911389055692337, 1.0]",
  "1783610562.1433787": "[0.8347641261104592, -0.5427072978886034, 0.09293891852981812, 0.0, -0.5428420119700335, -0.8394309866676548, -0.02604167165321688, 0.0, 0.09214881333672956, -0.028712496244992385, -0.995331195512335, 0.0, 0.4569284578718131, 0.0834884717521086, 0.49114126153464444, 1.0]",
  "1783610562.176704": "[0.8347641261104592, -0.5427072978886034, 0.09293891852981812, 0.0, -0.5428420119700335, -0.8394309866676548, -0.02604167165321688, 0.0, 0.09214881333672956, -0.028712496244992385, -0.995331195512335, 0.0, 0.4569284578718131, 0.0834884717521086, 0.49114126153464444, 1.0]",
  "1783610562.2100403": "[0.8347636660477994, -0.5427084148381305, 0.09293652839611495, 0.0, -0.542842727479822, -0.8394304105748147, -0.026045326345942282, 0.0, 0.09214876596409678, -0.028708226453102836, -0.995331323060423, 0.0, 0.4569290078879068, 0.08348751239845634, 0.4911400839064879, 1.0]",
  "1783610562.2446988": "[0.8347636660477994, -0.5427084148381305, 0.09293652839611495, 0.0, -0.542842727479822, -0.8394304105748147, -0.026045326345942282, 0.0, 0.09214876596409678, -0.028708226453102836, -0.995331323060423, 0.0, 0.4569290078879068, 0.08348751239845634, 0.4911400839064879, 1.0]",
  "1783610562.2767074": "[0.8347650162599607, -0.5427065162641912, 0.09293548747864108, 0.0, -0.5428412619915509, -0.8394315170811466, -0.026040207569533208, 0.0, 0.09214516757772942, -0.028711763011511376, -0.9953315541852585, 0.0, 0.4569294988819877, 0.08348556177682387, 0.49113978520016416, 1.0]",
  "1783610562.3104727": "[0.8347650162599607, -0.5427065162641912, 0.09293548747864108, 0.0, -0.5428412619915509, -0.8394315170811466, -0.026040207569533208, 0.0, 0.09214516757772942, -0.028711763011511376, -0.9953315541852585, 0.0, 0.4569294988819877, 0.08348556177682387, 0.49113978520016416, 1.0]",
  "1783610562.3434465": "[0.8347611341537089, -0.542712194859057, 0.09293719630846822, 0.0, -0.54284655551825, -0.8394279375649034, -0.026045245199537357, 0.0, 0.09214915120816528, -0.028709078473498146, -0.9953312628189759, 0.0, 0.45692864722612314, 0.08348501571061001, 0.4911405342285199, 1.0]",
  "1783610562.3771794": "[0.8347611341537089, -0.542712194859057, 0.09293719630846822, 0.0, -0.54284655551825, -0.8394279375649034, -0.026045245199537357, 0.0, 0.09214915120816528, -0.028709078473498146, -0.9953312628189759, 0.0, 0.45692864722612314, 0.08348501571061001, 0.4911405342285199, 1.0]",
  "1783610562.4100997": "[0.8347638261154242, -0.5427087169181405, 0.09293332658526503, 0.0, -0.5428430457835193, -0.839430240727614, -0.02604416626523855, 0.0, 0.09214544076409735, -0.028707482178783, -0.9953316523718838, 0.0, 0.4569291394533774, 0.08348516600142505, 0.49113978580994516, 1.0]",
  "1783610562.4437711": "[0.8347638261154242, -0.5427087169181405, 0.09293332658526503, 0.0, -0.5428430457835193, -0.839430240727614, -0.02604416626523855, 0.0, 0.09214544076409735, -0.028707482178783, -0.9953316523718838, 0.0, 0.4569291394533774, 0.08348516600142505, 0.49113978580994516, 1.0]",
  "1783610562.476722": "[0.8347645297607011, -0.5427074099161286, 0.09293463872810054, 0.0, -0.5428420567957701, -0.8394309765517278, -0.026041063326045853, 0.0, 0.09214489257215167, -0.028710674452898606, -0.9953316110449457, 0.0, 0.4569282908076823, 0.08348651250936989, 0.49113955223674255, 1.0]",
  "1783610562.510039": "[0.8347645297607011, -0.5427074099161286, 0.09293463872810054, 0.0, -0.5428420567957701, -0.8394309765517278, -0.026041063326045853, 0.0, 0.09214489257215167, -0.028710674452898606, -0.9953316110449457, 0.0, 0.4569282908076823, 0.08348651250936989, 0.49113955223674255, 1.0]",
  "1783610562.5433948": "[0.8347620161414393, -0.542711048397863, 0.09293596910976859, 0.0, -0.5428458079963057, -0.8394285687426677, -0.026040482320331317, 0.0, 0.09214556499537879, -0.028712295720296734, -0.995331502026412, 0.0, 0.45692811399129424, 0.08348564658997062, 0.49114014179062304, 1.0]",
  "1783610562.5767324": "[0.8347620161414393, -0.542711048397863, 0.09293596910976859, 0.0, -0.5428458079963057, -0.8394285687426677, -0.026040482320331317, 0.0, 0.09214556499537879, -0.028712295720296734, -0.995331502026412, 0.0, 0.45692811399129424, 0.08348564658997062, 0.49114014179062304, 1.0]",
  "1783610562.6104248": "[0.8347617864845763, -0.5427119120319606, 0.09293298856537492, 0.0, -0.5428463696177563, -0.8394281316978585, -0.026042862881501976, 0.0, 0.09214433687373723, -0.02870874871630679, -0.9953317180363754, 0.0, 0.45692939415611117, 0.08348674812084134, 0.4911395029715882, 1.0]",
  "1783610562.6433728": "[0.8347617864845763, -0.5427119120319606, 0.09293298856537492, 0.0, -0.5428463696177563, -0.8394281316978585, -0.026042862881501976, 0.0, 0.09214433687373723, -0.02870874871630679, -0.9953317180363754, 0.0, 0.45692939415611117, 0.08348674812084134, 0.4911395029715882, 1.0]",
  "1783610562.6773596": "[0.8347654250785541, -0.5427064852006822, 0.09293199672094944, 0.0, -0.5428410915677591, -0.839431614579647, -0.02604061730701869, 0.0, 0.09214246794472523, -0.0287094995659702, -0.9953318693961961, 0.0, 0.4569290085428877, 0.08348641747247676, 0.49113805161704316, 1.0]",
  "1783610562.7100341": "[0.8347654250785541, -0.5427064852006822, 0.09293199672094944, 0.0, -0.5428410915677591, -0.839431614579647, -0.02604061730701869, 0.0, 0.09214246794472523, -0.0287094995659702, -0.9953318693961961, 0.0, 0.4569290085428877, 0.08348641747247676, 0.49113805161704316, 1.0]",
  "1783610562.7434623": "[0.8347678407345323, -0.5427024331938342, 0.09293396085876482, 0.0, -0.5428369667758752, -0.8394342460821949, -0.026041774248020715, 0.0, 0.0921448836179948, -0.028709153765123407, -0.9953316557374818, 0.0, 0.45692933682861364, 0.08348838639906739, 0.49113823575807997, 1.0]",
  "1783610562.776709": "[0.8347678407345323, -0.5427024331938342, 0.09293396085876482, 0.0, -0.5428369667758752, -0.8394342460821949, -0.026041774248020715, 0.0, 0.0921448836179948, -0.028709153765123407, -0.9953316557374818, 0.0, 0.45692933682861364, 0.08348838639906739, 0.49113823575807997, 1.0]",
  "1783610562.81003": "[0.8347598660617592, -0.5427147058718574, 0.09293392299358218, 0.0, -0.5428493716225927, -0.8394262457781352, -0.02604107578004168, 0.0, 0.09214404886648907, -0.028711076769236794, -0.9953316775473597, 0.0, 0.4569292842826882, 0.0834854607091099, 0.49113805369587665, 1.0]",
  "1783610562.8433728": "[0.8347598660617592, -0.5427147058718574, 0.09293392299358218, 0.0, -0.5428493716225927, -0.8394262457781352, -0.02604107578004168, 0.0, 0.09214404886648907, -0.028711076769236794, -0.9953316775473597, 0.0, 0.4569292842826882, 0.0834854607091099, 0.49113805369587665, 1.0]",
  "1783610562.8767238": "[0.8347627529747094, -0.5427111011848454, 0.09292904226783336, 0.0, -0.5428456942697323, -0.8394286537195532, -0.026040113812940573, 0.0, 0.0921395596847345, -0.028708813373438266, -0.9953321584153665, 0.0, 0.45692928116021303, 0.08348644952409759, 0.49113698045784526, 1.0]",
  "1783610562.9101596": "[0.8347627529747094, -0.5427111011848454, 0.09292904226783336, 0.0, -0.5428456942697323, -0.8394286537195532, -0.026040113812940573, 0.0, 0.0921395596847345, -0.028708813373438266, -0.9953321584153665, 0.0, 0.45692928116021303, 0.08348644952409759, 0.49113698045784526, 1.0]",
  "1783610562.9434078": "[0.8347599635624892, -0.5427152392668068, 0.09292993221091096, 0.0, -0.5428500999038502, -0.8394258779008397, -0.026037752299012132, 0.0, 0.09213887489833765, -0.028711749824378553, -0.9953321371052435, 0.0, 0.4569291117622622, 0.08348444988329767, 0.4911365817954123, 1.0]",
  "1783610562.9767418": "[0.8347599635624892, -0.5427152392668068, 0.09292993221091096, 0.0, -0.5428500999038502, -0.8394258779008397, -0.026037752299012132, 0.0, 0.09213887489833765, -0.028711749824378553, -0.9953321371052435, 0.0, 0.4569291117622622, 0.08348444988329767, 0.4911365817954123, 1.0]",
  "1783610563.010095": "[0.8347666788440218, -0.5427051543883101, 0.09292850634806528, 0.0, -0.5428397025429179, -0.8394325297386231, -0.026040072191382196, 0.0, 0.09213929256749494, -0.02870789816368272, -0.9953322095402044, 0.0, 0.45692887804237114, 0.08348810095337611, 0.49113705976284977, 1.0]",
  "1783610563.0434322": "[0.8347666788440218, -0.5427051543883101, 0.09292850634806528, 0.0, -0.5428397025429179, -0.8394325297386231, -0.026040072191382196, 0.0, 0.09213929256749494, -0.02870789816368272, -0.9953322095402044, 0.0, 0.45692887804237114, 0.08348810095337611, 0.49113705976284977, 1.0]",
  "1783610563.0767505": "[0.8347629355142873, -0.5427101268594008, 0.09293309257645055, 0.0, -0.5428450907072313, -0.8394291307273631, -0.026037319012548802, 0.0, 0.09214146182163449, -0.02871328421752962, -0.9953318533649045, 0.0, 0.45692940449929836, 0.08348579895207842, 0.4911381152529778, 1.0]",
