{
  "1783610411.7299914": "[0.8372594832910255, -0.5395790360325634, 0.08860599027952115, 0.0, -0.5398556563040782, -0.8414464995548676, -0.022883591137617683, 0.0, 0.08690470640729475, -0.02867494134309878, -0.9958038560596318, 0.0, 0.4566171076116389, 0.08322231137230282, 0.4890000539064716, 1.0]",
  "1783610411.763701": "[0.8372594832910255, -0.5395790360325634, 0.08860599027952115, 0.0, -0.5398556563040782, -0.8414464995548676, -0.022883591137617683, 0.0, 0.08690470640729475, -0.02867494134309878, -0.9958038560596318, 0.0, 0.4566171076116389, 0.08322231137230282, 0.4890000539064716, 1.0]",
  "1783610411.796558": "[0.837263647867685, -0.5395744155545229, 0.08859477432835473, 0.0, -0.5398513919276272, -0.8414494547755456, -0.022875526042915525, 0.0, 0.08689107314966503, -0.028675165857092642, -0.995805039287293, 0.0, 0.4566193176384859, 0.08322093164881846, 0.4889932811710533, 1.0]",
  "1783610411.8309202": "[0.837263647867685, -0.5395744155545229, 0.08859477432835473, 0.0, -0.5398513919276272, -0.8414494547755456, -0.022875526042915525, 0.0, 0.08689107314966503, -0.028675165857092642, -0.995805039287293, 0.0, 0.4566193176384859, 0.08322093164881846, 0.4889932811710533, 1.0]",
  "1783610411.8632677": "[0.837263647867685, -0.5395744155545229, 0.08859477432835473, 0.0, -0.5398513919276272, -0.8414494547755456, -0.022875526042915525, 0.0, 0.08689107314966503, -0.028675165857092642, -0.995805039287293, 0.0, 0.4566193176384859, 0.08322093164881846, 0.4889932811710533, 1.0]",
  "1783610411.8965938": "[0.8372548405148493, -0.5395853798059126, 0.08861122916517539, 0.0, -0.5398619185732979, -0.8414423992374909, -0.022886625784781588, 0.0, 0.08691053393468548, -0.02867588996288941, -0.9958033201521392, 0.0, 0.4566189951684085, 0.08321784131315596, 0.48900268248675377, 1.0]",
  "1783610411.9307494": "[0.8372320367325854, -0.5396222484430642, 0.08860217634944782, 0.0, -0.5398978672056975, -0.8414190712222143, -0.022896278524805566, 0.0, 0.08690690223075344, -0.02866662813793045, -0.9958039037761681, 0.0, 0.45662239951322914, 0.08319691389163755, 0.48900229696203346, 1.0]",
  "1783610411.963255": "[0.8372320367325854, -0.5396222484430642, 0.08860217634944782, 0.0, -0.5398978672056975, -0.8414190712222143, -0.022896278524805566, 0.0, 0.08690690223075344, -0.02866662813793045, -0.9958039037761681, 0.0, 0.45662239951322914, 0.08319691389163755, 0.48900229696203346, 1.0]",
  "1783610411.9974275": "[0.8372820820075334, -0.539545041693008, 0.0885994533483161, 0.0, -0.539822301556354, -0.8414682095452304, -0.022872146098380116, 0.0, 0.08689417639595277, -0.02867752271789063, -0.9958047006312205, 0.0, 0.45661453445181377, 0.08323970617230686, 0.4889944500152896, 1.0]",
  "1783610412.0304003": "[0.8372820820075334, -0.539545041693008, 0.0885994533483161, 0.0, -0.539822301556354, -0.8414682095452304, -0.022872146098380116, 0.0, 0.08689417639595277, -0.02867752271789063, -0.9958047006312205, 0.0, 0.45661453445181377, 0.08323970617230686, 0.4889944500152896, 1.0]",
  "1783610412.0664785": "[0.8372421910994552, -0.5396078661855528, 0.0885938157754695, 0.0, -0.5398841326983004, -0.8414281835913155, -0.02288525985921634, 0.0, 0.08689439972511052, -0.028669890283961646, -0.9958049009155956, 0.0, 0.456621038870664, 0.08320434054665263, 0.4889964753148425, 1.0]",
  "1783610412.0967734": "[0.8372421910994552, -0.5396078661855528, 0.0885938157754695, 0.0, -0.5398841326983004, -0.8414281835913155, -0.02288525985921634, 0.0, 0.08689439972511052, -0.028669890283961646, -0.9958049009155956, 0.0, 0.456621038870664, 0.08320434054665263, 0.4889964753148425, 1.0]",
  "1783610412.1299403": "[0.8372802034267106, -0.5395473969885821, 0.08860286311723473, 0.0, -0.5398245595158319, -0.8414666962745003, -0.022874527414048152, 0.0, 0.08689825023131492, -0.028677612587578675, -0.9958043425507908, 0.0, 0.45661447285460743, 0.08323626099957082, 0.488996466307174, 1.0]",
  "1783610412.1637464": "[0.8372802034267106, -0.5395473969885821, 0.08860286311723473, 0.0, -0.5398245595158319, -0.8414666962745003, -0.022874527414048152, 0.0, 0.08689825023131492, -0.028677612587578675, -0.9958043425507908, 0.0, 0.45661447285460743, 0.08323626099957082, 0.488996466307174, 1.0]",
  "1783610412.196561": "[0.837257675271882, -0.5395835633308302, 0.0885955042963673, 0.0, -0.5398602178472353, -0.8414436711179396, -0.02287998080200874, 0.0, 0.08689378794976936, -0.02867274871316739, -0.9958048719990136, 0.0, 0.45661794642324177, 0.08321897334629386, 0.4889955285923529, 1.0]",
  "1783610412.2338712": "[0.837257675271882, -0.5395835633308302, 0.0885955042963673, 0.0, -0.5398602178472353, -0.8414436711179396, -0.02287998080200874, 0.0, 0.08689378794976936, -0.02867274871316739, -0.9958048719990136, 0.0, 0.45661794642324177, 0.08321897334629386, 0.4889955285923529, 1.0]",
  "1783610412.263309": "[0.8372722656355126, -0.5395604135776846, 0.08859860776250177, 0.0, -0.5398374326669997, -0.8414584110535299, -0.022875505650602906, 0.0, 0.08689476099902767, -0.02867581850874121, -0.9958046986953693, 0.0, 0.45661718042748056, 0.08322830387226074, 0.4889945664039076, 1.0]",
  "1783610412.2979174": "[0.8372722656355126, -0.5395604135776846, 0.08859860776250177, 0.0, -0.5398374326669997, -0.8414584110535299, -0.022875505650602906, 0.0, 0.08689476099902767, -0.02867581850874121, -0.9958046986953693, 0.0, 0.45661718042748056, 0.08322830387226074, 0.4889945664039076, 1.0]",
  "1783610412.3305204": "[0.8372533513556959, -0.5395880005415611, 0.08860934101558307, 0.0, -0.5398643544795129, -0.8414407917181299, -0.022888267631803808, 0.0, 0.08690974862507916, -0.028673745906778944, -0.9958034504306554, 0.0, 0.4566174543984988, 0.08321537299200102, 0.48900274563050344, 1.0]",
  "1783610412.3635533": "[0.8372533513556959, -0.5395880005415611, 0.08860934101558307, 0.0, -0.5398643544795129, -0.8414407917181299, -0.022888267631803808, 0.0, 0.08690974862507916, -0.028673745906778944, -0.9958034504306554, 0.0, 0.4566174543984988, 0.08321537299200102, 0.48900274563050344, 1.0]",
  "1783610412.3966675": "[0.8372590658280774, -0.5395816552742327, 0.08859398388273475, 0.0, -0.5398583093088676, -0.8414449121426395, -0.022879372793778927, 0.0, 0.08689224682827763, -0.02867223606181856, -0.9958050212367624, 0.0, 0.4566194545033441, 0.08321747348445371, 0.4889944306883306, 1.0]",
  "1783610412.4299276": "[0.8372590658280774, -0.5395816552742327, 0.08859398388273475, 0.0, -0.5398583093088676, -0.8414449121426395, -0.022879372793778927, 0.0, 0.08689224682827763, -0.02867223606181856, -0.9958050212367624, 0.0, 0.4566194545033441, 0.08321747348445371, 0.4889944306883306, 1.0]",
  "1783610412.4633229": "[0.837260056509171, -0.5395784241600229, 0.08860429986883302, 0.0, -0.5398550474383329, -0.8414469073258217, -0.022882961066375385, 0.0, 0.08690296617270925, -0.028674489233398506, -0.9958040209486949, 0.0, 0.4566181823489047, 0.08322070249036896, 0.4889994114569237, 1.0]",
  "1783610412.4985392": "[0.837260056509171, -0.5395784241600229, 0.08860429986883302, 0.0, -0.5398550474383329, -0.8414469073258217, -0.022882961066375385, 0.0, 0.08690296617270925, -0.028674489233398506, -0.9958040209486949, 0.0, 0.4566181823489047, 0.08322070249036896, 0.4889994114569237, 1.0]",
  "1783610412.5300016": "[0.83726219470488, -0.539576099729001, 0.08859825009110975, 0.0, -0.5398528851004732, -0.8414484033186196, -0.02287896416450835, 0.0, 0.08689579832571304, -0.0286743291775883, -0.9958046510634262, 0.0, 0.45661838548882056, 0.08322083414115666, 0.48899576282206797, 1.0]",
  "1783610412.5641956": "[0.83726219470488, -0.539576099729001, 0.08859825009110975, 0.0, -0.5398528851004732, -0.8414484033186196, -0.02287896416450835, 0.0, 0.08689579832571304, -0.0286743291775883, -0.9958046510634262, 0.0, 0.45661838548882056, 0.08322083414115666, 0.48899576282206797, 1.0]",
  "1783610412.5973344": "[0.8372648172312469, -0.5395714068610354, 0.08860204695564183, 0.0, -0.5398480275257066, -0.8414514415525123, -0.022881841835894427, 0.0, 0.08690070772629346, -0.02867347916109884, -0.9958042471236339, 0.0, 0.4566173041473038, 0.08322471044314964, 0.48899820745752176, 1.0]",
  "1783610412.6299422": "[0.8372648172312469, -0.5395714068610354, 0.08860204695564183, 0.0, -0.5398480275257066, -0.8414514415525123, -0.022881841835894427, 0.0, 0.08690070772629346, -0.02867347916109884, -0.9958042471236339, 0.0, 0.4566173041473038, 0.08322471044314964, 0.48899820745752176, 1.0]",
  "1783610412.6637404": "[0.8372615834690029, -0.5395765401749788, 0.08860134389374323, 0.0, -0.5398531468536758, -0.8414481511183625, -0.022882063099146657, 0.0, 0.08690006144509556, -0.02867344193307282, -0.9958043045943061, 0.0, 0.45661709536672146, 0.08322328066101026, 0.48899793306855077, 1.0]",
  "1783610412.696898": "[0.8372615834690029, -0.5395765401749788, 0.08860134389374323, 0.0, -0.5398531468536758, -0.8414481511183625, -0.022882063099146657, 0.0, 0.08690006144509556, -0.02867344193307282, -0.9958043045943061, 0.0, 0.45661709536672146, 0.08322328066101026, 0.48899793306855077, 1.0]",
  "1783610412.7301402": "[0.8372649124114295, -0.5395711875766378, 0.0886024829325788, 0.0, -0.5398477794520313, -0.8414515881476579, -0.022882303740998294, 0.0, 0.08690133178146398, -0.028673303627610506, -0.9958041977184504, 0.0, 0.45661845160356146, 0.08322284133820897, 0.4889980868773819, 1.0]",
  "1783610412.7633822": "[0.8372649124114295, -0.5395711875766378, 0.0886024829325788, 0.0, -0.5398477794520313, -0.8414515881476579, -0.022882303740998294, 0.0, 0.08690133178146398, -0.028673303627610506, -0.9958041977184504, 0.0, 0.45661845160356146, 0.08322284133820897, 0.4889980868773819, 1.0]",
  "1783610412.7981305": "[0.8372626324449839, -0.5395742061383755, 0.08860564531359023, 0.0, -0.5398507726044846, -0.8414496266919895, -0.022883816514143455, 0.0, 0.08690470430095852, -0.028674061624640864, -0.9958038815752375, 0.0, 0.45661765662892206, 0.08322151976810602, 0.4889998720223244, 1.0]",
  "1783610412.829963": "[0.8372626324449839, -0.5395742061383755, 0.08860564531359023, 0.0, -0.5398507726044846, -0.8414496266919895, -0.022883816514143455, 0.0, 0.08690470430095852, -0.028674061624640864, -0.9958038815752375, 0.0, 0.45661765662892206, 0.08322151976810602, 0.4889998720223244, 1.0]",
  "1783610412.8632185": "[0.8372626086350444, -0.5395746627029914, 0.08860308996075389, 0.0, -0.5398513777446661, -0.8414493070809979, -0.022881292797705063, 0.0, 0.08690117449624177, -0.028674849290998786, -0.9958041669371103, 0.0, 0.4566166610980695, 0.0832224227555021, 0.4889980489836122, 1.0]",
  "1783610412.8965998": "[0.8372626086350444, -0.5395746627029914, 0.08860308996075389, 0.0, -0.5398513777446661, -0.8414493070809979, -0.022881292797705063, 0.0, 0.08690117449624177, -0.028674849290998786, -0.9958041669371103, 0.0, 0.4566166610980695, 0.0832224227555021, 0.4889980489836122, 1.0]",
  "1783610412.9299703": "[0.8372601511860813, -0.53957885325403, 0.08860079207843538, 0.0, -0.5398554780649039, -0.84144666248627, -0.022881804868312, 0.0, 0.08689937881926565, -0.028673599560979566, -0.9958043596254451, 0.0, 0.45661841182439034, 0.08322055195879721, 0.48899749371871837, 1.0]",
  "1783610412.963246": "[0.8372601511860813, -0.53957885325403, 0.08860079207843538, 0.0, -0.5398554780649039, -0.84144666248627, -0.022881804868312, 0.0, 0.08689937881926565, -0.028673599560979566, -0.9958043596254451, 0.0, 0.45661841182439034, 0.08322055195879721, 0.48899749371871837, 1.0]",
  "1783610413.0049195": "[0.8372638386200559, -0.5395734257282896, 0.08859899992125657, 0.0, -0.5398502812892707, -0.8414500931295175, -0.02287825527050707, 0.0, 0.08689613530591721, -0.028675059200724138, -0.995804600636456, 0.0, 0.4566175166516068, 0.08322197568558337, 0.4889957703652399, 1.0]",
  "1783610413.030064": "[0.8372638386200559, -0.5395734257282896, 0.08859899992125657, 0.0, -0.5398502812892707, -0.8414500931295175, -0.02287825527050707, 0.0, 0.08689613530591721, -0.028675059200724138, -0.995804600636456, 0.0, 0.4566175166516068, 0.08322197568558337, 0.4889957703652399, 1.0]",
  "1783610413.0644119": "[0.8372638386200559, -0.5395734257282896, 0.08859899992125657, 0.0, -0.5398502812892707, -0.8414500931295175, -0.02287825527050707, 0.0, 0.08689613530591721, -0.028675059200724138, -0.995804600636456, 0.0, 0.4566175166516068, 0.08322197568558337, 0.4889957703652399, 1.0]",
  "1783610413.096625": "[0.8372570211793985, -0.5395843214362546, 0.08859706849539101, 0.0, -0.5398609559831471, -0.8414431760292949, -0.02288077181162338, 0.0, 0.08689550443355937, -0.02867301124594082, -0.9958047146581137, 0.0, 0.45661801066249025, 0.08321933922328102, 0.48899573724694423, 1.0]",
  "1783610413.1304152": "[0.8372676074444654, -0.5395666733473549, 0.08860450630238513, 0.0, -0.5398435596318375, -0.8414543759551363, -0.022879342428892654, 0.0, 0.08690158024021903, -0.02867643978635958, -0.9958040857281776, 0.0, 0.4566173483408949, 0.08322399048423115, 0.4889984480214465, 1.0]",
  "1783610413.1644204": "[0.8372676074444654, -0.5395666733473549, 0.08860450630238513, 0.0, -0.5398435596318375, -0.8414543759551363, -0.022879342428892654, 0.0, 0.08690158024021903, -0.02867643978635958, -0.9958040857281776, 0.0, 0.4566173483408949, 0.08322399048423115, 0.4889984480214465, 1.0]",
  "1783610413.1987634": "[0.8372610812348957, -0.5395778152889653, 0.08859832446136105, 0.0, -0.5398545148853903, -0.8414473276152608, -0.02288007008284628, 0.0, 0.08689640157816265, -0.02867361325545241, -0.9958046190371099, 0.0, 0.456617944656903, 0.08322161542116818, 0.48899632920907676, 1.0]",
  "1783610413.2299376": "[0.8372610812348957, -0.5395778152889653, 0.08859832446136105, 0.0, -0.5398545148853903, -0.8414473276152608, -0.02288007008284628, 0.0, 0.08689640157816265, -0.02867361325545241, -0.9958046190371099, 0.0, 0.456617944656903, 0.08322161542116818, 0.48899632920907676, 1.0]",
  "1783610413.26324": "[0.8372638898937315, -0.5395718445616606, 0.08860814430031046, 0.0, -0.5398482764206349, -0.8414511673653531, -0.022886052196803643, 0.0, 0.08690809585813765, -0.028673288890746707, -0.995803607835652, 0.0, 0.45661791314930344, 0.08322258305440222, 0.48900148206612293, 1.0]",
  "1783610413.2965763": "[0.8372638898937315, -0.5395718445616606, 0.08860814430031046, 0.0, -0.5398482764206349, -0.8414511673653531, -0.022886052196803643, 0.0, 0.08690809585813765, -0.028673288890746707, -0.995803607835652, 0.0, 0.45661791314930344, 0.08322258305440222, 0.48900148206612293, 1.0]",
  "1783610413.329912": "[0.8372602357480224, -0.5395783241974245, 0.08860321490479309, 0.0, -0.5398549760810377, -0.8414469719610516, -0.022882267766099706, 0.0, 0.08690168258272127, -0.028674473558836098, -0.9958041334170167, 0.0, 0.45661874419652415, 0.08322239191994324, 0.48899879212829234, 1.0]",
  "1783610413.3647895": "[0.8372602357480224, -0.5395783241974245, 0.08860321490479309, 0.0, -0.5398549760810377, -0.8414469719610516, -0.022882267766099706, 0.0, 0.08690168258272127, -0.028674473558836098, -0.9958041334170167, 0.0, 0.45661874419652415, 0.08322239191994324, 0.48899879212829234, 1.0]",
  "1783610413.3974507": "[0.8372588106243188, -0.5395802152693686, 0.08860516532241826, 0.0, -0.5398567681624639, -0.8414457708122391, -0.022884157213593173, 0.0, 0.0869042801082368, -0.028674135942668592, -0.9958039164548462, 0.0, 0.4566179649770201, 0.08322071583393464, 0.48900004049310464, 1.0]",
  "1783610413.4306405": "[0.8372588106243188, -0.5395802152693686, 0.08860516532241826, 0.0, -0.5398567681624639, -0.8414457708122391, -0.022884157213593173, 0.0, 0.0869042801082368, -0.028674135942668592, -0.9958039164548462, 0.0, 0.4566179649770201, 0.08322071583393464, 0.48900004049310464, 1.0]",
  "1783610413.4633727": "[0.8372620277566105, -0.5395764435364876, 0.08859773392928484, 0.0, -0.5398531287941657, -0.8414482198941176, -0.022879959968732294, 0.0, 0.08689589292963516, -0.02867324218738656, -0.9958046741075406, 0.0, 0.45661844688660974, 0.08322119436378511, 0.48899645095770283, 1.0]",
  "1783610413.497116": "[0.8372620277566105, -0.5395764435364876, 0.08859773392928484, 0.0, -0.5398531287941657, -0.8414482198941176, -0.022879959968732294, 0.0, 0.08689589292963516, -0.02867324218738656, -0.9958046741075406, 0.0, 0.45661844688660974, 0.08322119436378511, 0.48899645095770283, 1.0]",
  "1783610413.5299108": "[0.837260955844971, -0.5395773545871295, 0.08860231506185764, 0.0, -0.5398540434632114, -0.8414475914613719, -0.022881489905115134, 0.0, 0.08690053839871587, -0.028674539937231486, -0.9958042313554418, 0.0, 0.45661755654603986, 0.08322183633777608, 0.4889978815373234, 1.0]",
  "1783610413.5633883": "[0.837260955844971, -0.5395773545871295, 0.08860231506185764, 0.0, -0.5398540434632114, -0.8414475914613719, -0.022881489905115134, 0.0, 0.08690053839871587, -0.028674539937231486, -0.9958042313554418, 0.0, 0.45661755654603986, 0.08322183633777608, 0.4889978815373234, 1.0]",
  "1783610413.5972593": "[0.837260955844971, -0.5395773545871295, 0.08860231506185764, 0.0, -0.5398540434632114, -0.8414475914613719, -0.022881489905115134, 0.0, 0.08690053839871587, -0.028674539937231486, -0.9958042313554418, 0.0, 0.45661755654603986, 0.08322183633777608, 0.4889978815373234, 1.0]",
  "1783610413.6314814": "[0.8372632047379653, -0.5395740873588567, 0.08860096073276401, 0.0, -0.5398507376928804, -0.8414497176544213, -0.02288129523754121, 0.0, 0.08689940738787959, -0.028673627432741277, -0.9958043563298384, 0.0, 0.456618072349403, 0.08322296812900346, 0.4889974193217814, 1.0]",
  "1783610413.663251": "[0.8372632047379653, -0.5395740873588567, 0.08860096073276401, 0.0, -0.5398507376928804, -0.8414497176544213, -0.02288129523754121, 0.0, 0.08689940738787959, -0.028673627432741277, -0.9958043563298384, 0.0, 0.456618072349403, 0.08322296812900346, 0.4889974193217814, 1.0]",
  "1783610413.696598": "[0.8372599056553445, -0.53957934141753, 0.08860013937589681, 0.0, -0.5398558958924894, -0.8414463776232721, -0.022882422397810326, 0.0, 0.08689914874221363, -0.028672772801017772, -0.9958044035089322, 0.0, 0.4566185730533565, 0.08322063971198204, 0.4889980379221792, 1.0]",
  "1783610413.7324138": "[0.8372618123830259, -0.539576567184253, 0.08859901619514772, 0.0, -0.5398534420460539, -0.8414480662431072, -0.02287821948412086, 0.0, 0.08689602198097861, -0.028675424345472884, -0.9958046000107093, 0.0, 0.45661715879866127, 0.0832219172750499, 0.488996250725736, 1.0]",
  "1783610413.7632904": "[0.8372618123830259, -0.539576567184253, 0.08859901619514772, 0.0, -0.5398534420460539, -0.8414480662431072, -0.02287821948412086, 0.0, 0.08689602198097861, -0.028675424345472884, -0.9958046000107093, 0.0, 0.45661715879866127, 0.0832219172750499, 0.488996250725736, 1.0]",
  "1783610413.799544": "[0.8372599159018996, -0.5395783451628289, 0.0886061095821671, 0.0, -0.539854869290431, -0.8414469745265611, -0.022884692777231916, 0.0, 0.08690542749078199, -0.02867400375670842, -0.9958038201278425, 0.0, 0.45661746328086, 0.08321887296903756, 0.48900030542540945, 1.0]",
  "1783610413.8300133": "[0.8372599159018996, -0.5395783451628289, 0.0886061095821671, 0.0, -0.539854869290431, -0.8414469745265611, -0.022884692777231916, 0.0, 0.08690542749078199, -0.02867400375670842, -0.9958038201278425, 0.0, 0.45661746328086, 0.08321887296903756, 0.48900030542540945, 1.0]",
  "1783610413.863489": "[0.8372598549905597, -0.5395789493120519, 0.08860300604657345, 0.0, -0.539855614230731, -0.8414465675083684, -0.022882084956246412, 0.0, 0.086901386667573, -0.028674579119613547, -0.995804156201191, 0.0, 0.45661769447315426, 0.08322306908279145, 0.4889982445718152, 1.0]",
  "1783610413.8975077": "[0.8372598549905597, -0.5395789493120519, 0.08860300604657345, 0.0, -0.539855614230731, -0.8414465675083684, -0.022882084956246412, 0.0, 0.086901386667573, -0.028674579119613547, -0.995804156201191, 0.0, 0.45661769447315426, 0.08322306908279145, 0.4889982445718152, 1.0]",
  "1783610413.9299672": "[0.8372566960771155, -0.539583998232, 0.08860210903811414, 0.0, -0.5398606567915237, -0.8414433305191769, -0.022882149667821358, 0.0, 0.08690049552596008, -0.028674559748408317, -0.995804234526334, 0.0, 0.45661804552663066, 0.08322050661123033, 0.4889982594624189, 1.0]",
  "1783610413.9636533": "[0.8372566960771155, -0.539583998232, 0.08860210903811414, 0.0, -0.5398606567915237, -0.8414433305191769, -0.022882149667821358, 0.0, 0.08690049552596008, -0.028674559748408317, -0.995804234526334, 0.0, 0.45661804552663066, 0.08322050661123033, 0.4889982594624189, 1.0]",
  "1783610413.997321": "[0.8372603394978906, -0.5395785955780786, 0.08860058181448571, 0.0, -0.5398551416055587, -0.8414468560987862, -0.02288262317809448, 0.0, 0.0868996546939009, -0.02867276679110039, -0.9958043595298345, 0.0, 0.4566179787957263, 0.08322048732730303, 0.48899821132105026, 1.0]",
  "1783610414.0314136": "[0.8372603394978906, -0.5395785955780786, 0.08860058181448571, 0.0, -0.5398551416055587, -0.8414468560987862, -0.02288262317809448, 0.0, 0.0868996546939009, -0.02867276679110039, -0.9958043595298345, 0.0, 0.4566179787957263, 0.08322048732730303, 0.48899821132105026, 1.0]",
  "1783610414.0634322": "[0.8372614856505952, -0.5395763864301717, 0.08860320453073989, 0.0, -0.5398529072010867, -0.841448261563549, -0.02288365570041859, 0.0, 0.08690249267249475, -0.028673093984403254, -0.9958041024461928, 0.0, 0.4566180199054487, 0.08322323818798424, 0.4889988650854941, 1.0]",
  "1783610414.0984116": "[0.8372614856505952, -0.5395763864301717, 0.08860320453073989, 0.0, -0.5398529072010867, -0.841448261563549, -0.02288365570041859, 0.0, 0.08690249267249475, -0.028673093984403254, -0.9958041024461928, 0.0, 0.4566180199054487, 0.08322323818798424, 0.4889988650854941, 1.0]",
  "1783610414.1300344": "[0.8372609959751008, -0.5395782915194669, 0.08859622982788408, 0.0, -0.5398550859377256, -0.8414470089320172, -0.0228783160773017, 0.0, 0.0868936752931594, -0.028674003562376055, -0.9958048456970632, 0.0, 0.4566183197828245, 0.08321954481735289, 0.48899572561254034, 1.0]",
  "1783610414.1642153": "[0.8372609959751008, -0.5395782915194669, 0.08859622982788408, 0.0, -0.5398550859377256, -0.8414470089320172, -0.0228783160773017, 0.0, 0.0868936752931594, -0.028674003562376055, -0.9958048456970632, 0.0, 0.4566183197828245, 0.08321954481735289, 0.48899572561254034, 1.0]",
  "1783610414.1965833": "[0.8372638040218006, -0.5395733368446529, 0.08859986817863033, 0.0, -0.5398497481806397, -0.8414502890411979, -0.02288362868481415, 0.0, 0.08689978057649972, -0.028670982522601574, -0.9958043999184505, 0.0, 0.45661755056160136, 0.08322409488811194, 0.48899794105351574, 1.0]",
  "1783610414.2299056": "[0.8372638040218006, -0.5395733368446529, 0.08859986817863033, 0.0, -0.5398497481806397, -0.8414502890411979, -0.02288362868481415, 0.0, 0.08689978057649972, -0.028670982522601574, -0.9958043999184505, 0.0, 0.45661755056160136, 0.08322409488811194, 0.48899794105351574, 1.0]",
  "1783610414.263198": "[0.8372614110794734, -0.5395772516014412, 0.08859864034760455, 0.0, -0.539853976284614, -0.841447679016553, -0.02287985505522124, 0.0, 0.08689656959224977, -0.028673908556236385, -0.9958045958727086, 0.0, 0.4566177063822186, 0.08322288929740021, 0.4889963415698385, 1.0]",
  "1783610414.2967799": "[0.8372614110794734, -0.5395772516014412, 0.08859864034760455, 0.0, -0.539853976284614, -0.841447679016553, -0.02287985505522124, 0.0, 0.08689656959224977, -0.028673908556236385, -0.9958045958727086, 0.0, 0.4566177063822186, 0.08322288929740021, 0.4889963415698385, 1.0]",
  "1783610414.3299358": "[0.8372644036529091, -0.5395719089099501, 0.08860289775741576, 0.0, -0.5398484897337316, -0.8414511241451821, -0.02288260927033941, 0.0, 0.08690182108533565, -0.028673346335619868, -0.9958041537882691, 0.0, 0.45661805076250167, 0.08322242676007363, 0.48899888350337095, 1.0]",
  "1783610414.3636162": "[0.8372644036529091, -0.5395719089099501, 0.08860289775741576, 0.0, -0.5398484897337316, -0.8414511241451821, -0.02288260927033941, 0.0, 0.08690182108533565, -0.028673346335619868, -0.9958041537882691, 0.0, 0.45661805076250167, 0.08322242676007363, 0.48899888350337095, 1.0]",
  "1783610414.3965416": "[0.837260966935627, -0.539577634388839, 0.08860050628164236, 0.0, -0.5398538550116656, -0.84144758231707, -0.022886271907000193, 0.0, 0.08690160225831524, -0.028669542725723262, -0.9958042823993254, 0.0, 0.45661747262387625, 0.08322254075539587, 0.4889989134422462, 1.0]",
  "1783610414.430044": "[0.837260966935627, -0.539577634388839, 0.08860050628164236, 0.0, -0.5398538550116656, -0.84144758231707, -0.022886271907000193, 0.0, 0.08690160225831524, -0.028669542725723262, -0.9958042823993254, 0.0, 0.45661747262387625, 0.08322254075539587, 0.4889989134422462, 1.0]",
  "1783610414.463719": "[0.8372604266524506, -0.539577522576719, 0.08860629261924166, 0.0, -0.5398541571045692, -0.8414474654846531, -0.02288344131393637, 0.0, 0.08690493092265597, -0.02867507557833884, -0.9958038326005301, 0.0, 0.45661792201221235, 0.083221769163384, 0.48899992344841514, 1.0]",
  "1783610414.4965749": "[0.8372604266524506, -0.539577522576719, 0.08860629261924166, 0.0, -0.5398541571045692, -0.8414474654846531, -0.02288344131393637, 0.0, 0.08690493092265597, -0.02867507557833884, -0.9958038326005301, 0.0, 0.45661792201221235, 0.083221769163384, 0.48899992344841514, 1.0]",
  "1783610414.5310261": "[0.8372604266524506, -0.539577522576719, 0.08860629261924166, 0.0, -0.5398541571045692, -0.8414474654846531, -0.02288344131393637, 0.0, 0.08690493092265597, -0.02867507557833884, -0.9958038326005301, 0.0, 0.45661792201221235, 0.083221769163384, 0.48899992344841514, 1.0]",
  "1783610414.5632606": "[0.8372581725697346, -0.5395816797360364, 0.08860227625984508, 0.0, -0.5398582754010046, -0.841444840893488, -0.022882792984806246, 0.0, 0.08690106412605998, -0.028673866620492924, -0.9958042048649869, 0.0, 0.4566181793794031, 0.08322040855243198, 0.488998251080629, 1.0]",
  "1783610414.597881": "[0.8372581725697346, -0.5395816797360364, 0.08860227625984508, 0.0, -0.5398582754010046, -0.841444840893488, -0.022882792984806246, 0.0, 0.08690106412605998, -0.028673866620492924, -0.9958042048649869, 0.0, 0.4566181793794031, 0.08322040855243198, 0.488998251080629, 1.0]",
  "1783610414.6299176": "[0.8372616498499819, -0.5395771015922775, 0.08859729751952627, 0.0, -0.5398538952340524, -0.8414477648461633, -0.022878610884766414, 0.0, 0.0868947725188757, -0.028674212677471216, -0.9958047439313693, 0.0, 0.4566181545595479, 0.08322084093563509, 0.48899584332341345, 1.0]",
  "1783610414.6655254": "[0.8372623766703946, -0.5395747677110497, 0.08860464243937213, 0.0, -0.5398514298650564, -0.8414492429982598, -0.02288241967777296, 0.0, 0.08690308558904225, -0.02867475383019551, -0.9958040029081432, 0.0, 0.45661779189211865, 0.08322232922967036, 0.4889990414358404, 1.0]",
  "1783610414.6967936": "[0.8372623766703946, -0.5395747677110497, 0.08860464243937213, 0.0, -0.5398514298650564, -0.8414492429982598, -0.02288241967777296, 0.0, 0.08690308558904225, -0.02867475383019551, -0.9958040029081432, 0.0, 0.45661779189211865, 0.08322232922967036, 0.4889990414358404, 1.0]",
  "1783610414.729935": "[0.8372589360702287, -0.5395806327246322, 0.08860143768040238, 0.0, -0.5398572322840007, -0.8414455205479996, -0.02288241028310951, 0.0, 0.08690018826911217, -0.028673624434166673, -0.9958042882718479, 0.0, 0.45661791463700896, 0.08322044984585678, 0.48899841108656183, 1.0]",
  "1783610414.7633476": "[0.8372589360702287, -0.5395806327246322, 0.08860143768040238, 0.0, -0.5398572322840007, -0.8414455205479996, -0.02288241028310951, 0.0, 0.08690018826911217, -0.028673624434166673, -0.9958042882718479, 0.0, 0.45661791463700896, 0.08322044984585678, 0.48899841108656183, 1.0]",
  "1783610414.7965965": "[0.8372635125041268, -0.5395731215018182, 0.08860393434851528, 0.0, -0.5398497581621251, -0.8414503165225196, -0.02288238266542208, 0.0, 0.08690252724487961, -0.028674228445343945, -0.9958040667628933, 0.0, 0.4566186857376134, 0.08322317078746402, 0.4889988668470606, 1.0]",
  "1783610414.83026": "[0.8372635125041268, -0.5395731215018182, 0.08860393434851528, 0.0, -0.5398497581621251, -0.8414503165225196, -0.02288238266542208, 0.0, 0.08690252724487961, -0.028674228445343945, -0.9958040667628933, 0.0, 0.4566186857376134, 0.08322317078746402, 0.4889988668470606, 1.0]",
  "1783610414.8636045": "[0.8372604604507385, -0.5395784921648608, 0.08860006861686176, 0.0, -0.5398549143236735, -0.8414469681053824, -0.02288386651855467, 0.0, 0.08689990130257083, -0.02867142583400917, -0.9958043766193483, 0.0, 0.45661846726382505, 0.08322160244767023, 0.4889981279924409, 1.0]",
  "1783610414.8999505": "[0.8372604604507385, -0.5395784921648608, 0.08860006861686176, 0.0, -0.5398549143236735, -0.8414469681053824, -0.02288386651855467, 0.0, 0.08689990130257083, -0.02867142583400917, -0.9958043766193483, 0.0, 0.45661846726382505, 0.08322160244767023, 0.4889981279924409, 1.0]",
  "1783610414.9305775": "[0.8372606452233196, -0.5395777559577812, 0.08860280602664784, 0.0, -0.5398544375419463, -0.8414473313040536, -0.02288175927580289, 0.0, 0.08690108299957737, -0.02867462147705073, -0.9958041814818059, 0.0, 0.45661763272551464, 0.08322137704509266, 0.4889987307788254, 1.0]",
  "1783610414.9640844": "[0.8372606452233196, -0.5395777559577812, 0.08860280602664784, 0.0, -0.5398544375419463, -0.8414473313040536, -0.02288175927580289, 0.0, 0.08690108299957737, -0.02867462147705073, -0.9958041814818059, 0.0, 0.45661763272551464, 0.08322137704509266, 0.4889987307788254, 1.0]",
  "1783610414.9991271": "[0.8372602422662256, -0.5395788242290595, 0.08860010814828094, 0.0, -0.5398554888743731, -0.8414466741767559, -0.022881119926446772, 0.0, 0.08689843412002811, -0.028673802685773145, -0.9958044362157787, 0.0, 0.4566181902835793, 0.08322058545242678, 0.4889976020764538, 1.0]",
  "1783610415.029928": "[0.8372602422662256, -0.5395788242290595, 0.08860010814828094, 0.0, -0.5398554888743731, -0.8414466741767559, -0.022881119926446772, 0.0, 0.08689843412002811, -0.028673802685773145, -0.9958044362157787, 0.0, 0.4566181902835793, 0.08322058545242678, 0.4889976020764538, 1.0]",
  "1783610415.0635786": "[0.8372620710698199, -0.5395763461344135, 0.08859791780911892, 0.0, -0.5398530518501138, -0.8414482741280225, -0.02287978092312505, 0.0, 0.0868959536226752, -0.028673483555498973, -0.9958046618613501, 0.0, 0.45661815340882295, 0.08322297584836742, 0.48899638432666237, 1.0]",
  "1783610415.0974019": "[0.8372620710698199, -0.5395763461344135, 0.08859791780911892, 0.0, -0.5398530518501138, -0.8414482741280225, -0.02287978092312505, 0.0, 0.0868959536226752, -0.028673483555498973, -0.9958046618613501, 0.0, 0.45661815340882295, 0.08322297584836742, 0.48899638432666237, 1.0]",
  "1783610415.1299524": "[0.8372634365570437, -0.5395741273529597, 0.0885985264887703, 0.0, -0.539850952859102, -0.8414496560805655, -0.022878482882779112, 0.0, 0.0868958370798558, -0.028674681745227894, -0.9958046375293708, 0.0, 0.4566168959970914, 0.08322275142869742, 0.48899589008279376, 1.0]",
  "1783610415.16506": "[0.8372634365570437, -0.5395741273529597, 0.0885985264887703, 0.0, -0.539850952859102, -0.8414496560805655, -0.022878482882779112, 0.0, 0.0868958370798558, -0.028674681745227894, -0.9958046375293708, 0.0, 0.4566168959970914, 0.08322275142869742, 0.48899589008279376, 1.0]",
  "1783610415.196821": "[0.8372556832321266, -0.5394258934415891, 0.08956911510251851, 0.0, -0.5397338304269302, -0.8415258719188448, -0.0228385460111077, 0.0, 0.0876944307705949, -0.029221779137674583, -0.9957187225496213, 0.0, 0.45652283074308436, 0.08297805120245158, 0.48904650706739455, 1.0]",
  "1783610415.2300553": "[0.8372556832321266, -0.5394258934415891, 0.08956911510251851, 0.0, -0.5397338304269302, -0.8415258719188448, -0.0228385460111077, 0.0, 0.0876944307705949, -0.029221779137674583, -0.9957187225496213, 0.0, 0.45652283074308436, 0.08297805120245158, 0.48904650706739455, 1.0]",
  "1783610415.2656107": "[0.8355619951985676, -0.5408427200322934, 0.09656761552331747, 0.0, -0.5417342339101527, -0.8403346940116678, -0.019016357435036855, 0.0, 0.09143397612249501, -0.03642463765622604, -0.9951447501655446, 0.0, 0.45406797375095653, 0.07843734450663845, 0.48787650308208774, 1.0]",
  "1783610415.2971215": "[0.8355619951985676, -0.5408427200322934, 0.09656761552331747, 0.0, -0.5417342339101527, -0.8403346940116678, -0.019016357435036855, 0.0, 0.09143397612249501, -0.03642463765622604, -0.9951447501655446, 0.0, 0.45406797375095653, 0.07843734450663845, 0.48787650308208774, 1.0]",
  "1783610415.3304124": "[0.8303720383983315, -0.547539519951349, 0.10335739904644604, 0.0, -0.5490403438331167, -0.8356450457640092, -0.01587634509828638, 0.0, 0.09506302482991404, -0.04356410886857797, -0.9945175663248356, 0.0, 0.4514870742209417, 0.07074508638042962, 0.48699156768651086, 1.0]",
  "1783610415.363706": "[0.8303720383983315, -0.547539519951349, 0.10335739904644604, 0.0, -0.5490403438331167, -0.8356450457640092, -0.01587634509828638, 0.0, 0.09506302482991404, -0.04356410886857797, -0.9945175663248356, 0.0, 0.4514870742209417, 0.07074508638042962, 0.48699156768651086, 1.0]",
  "1783610415.396513": "[0.8254883496016963, -0.5539508017484985, 0.10820117334882949, 0.0, -0.5560358922844512, -0.8310623265143338, -0.012629170203026407, 0.0, 0.09691785781424368, -0.04973850310150579, -0.9940487966623768, 0.0, 0.4493687144797816, 0.06327349713727458, 0.4851305555211942, 1.0]",
  "1783610415.430847": "[0.8254883496016963, -0.5539508017484985, 0.10820117334882949, 0.0, -0.5560358922844512, -0.8310623265143338, -0.012629170203026407, 0.0, 0.09691785781424368, -0.04973850310150579, -0.9940487966623768, 0.0, 0.4493687144797816, 0.06327349713727458, 0.4851305555211942, 1.0]",
  "1783610415.4632294": "[0.8223289886801772, -0.5578989022972833, 0.11191000487768411, 0.0, -0.5606805417605925, -0.8279953845644561, -0.007808535778727661, 0.0, 0.0970173410648094, -0.056324576833256354, -0.9936876660084244, 0.0, 0.44673216206971283, 0.0570002242685627, 0.48249875286001603, 1.0]",
  "1783610415.498198": "[0.8223289886801772, -0.5578989022972833, 0.11191000487768411, 0.0, -0.5606805417605925, -0.8279953845644561, -0.007808535778727661, 0.0, 0.0970173410648094, -0.056324576833256354, -0.9936876660084244, 0.0, 0.44673216206971283, 0.0570002242685627, 0.48249875286001603, 1.0]",
  "1783610415.5299118": "[0.8200496016180379, -0.5603128525747731, 0.11648243698351263, 0.0, -0.5638014964852995, -0.8259025112545071, -0.0035936700510251565, 0.0, 0.09821671673923038, -0.06272598459186915, -0.9931862501111994, 0.0, 0.44401230876367254, 0.051586642134985705, 0.48034024110142914, 1.0]",
  "1783610415.563484": "[0.8200496016180379, -0.5603128525747731, 0.11648243698351263, 0.0, -0.5638014964852995, -0.8259025112545071, -0.0035936700510251565, 0.0, 0.09821671673923038, -0.06272598459186915, -0.9931862501111994, 0.0, 0.44401230876367254, 0.051586642134985705, 0.48034024110142914, 1.0]",
  "1783610415.596604": "[0.817473314839574, -0.5632654248036797, 0.12028898846498336, 0.0, -0.5674524268506842, -0.8234059073593656, 0.00067452721809768, 0.0, 0.0986667258323065, -0.06880968642879659, -0.9927386888134775, 0.0, 0.44125709327253226, 0.04588499323451789, 0.47802751099877716, 1.0]",
  "1783610415.6299713": "[0.817473314839574, -0.5632654248036797, 0.12028898846498336, 0.0, -0.5674524268506842, -0.8234059073593656, 0.00067452721809768, 0.0, 0.0986667258323065, -0.06880968642879659, -0.9927386888134775, 0.0, 0.44125709327253226, 0.04588499323451789, 0.47802751099877716, 1.0]",
  "1783610415.663277": "[0.8148600884163155, -0.5661434775518136, 0.12443712923277186, 0.0, -0.5710023743834424, -0.8209378358213535, 0.004166313169176081, 0.0, 0.09979641654200655, -0.07444885857077688, -0.9922187474054713, 0.0, 0.43845446745533834, 0.040203860043212095, 0.4758492103306282, 1.0]",
  "1783610415.6965792": "[0.8148600884163155, -0.5661434775518136, 0.12443712923277186, 0.0, -0.5710023743834424, -0.8209378358213535, 0.004166313169176081, 0.0, 0.09979641654200655, -0.07444885857077688, -0.9922187474054713, 0.0, 0.43845446745533834, 0.040203860043212095, 0.4758492103306282, 1.0]",
  "1783610415.7310865": "[0.8148600884163155, -0.5661434775518136, 0.12443712923277186, 0.0, -0.5710023743834424, -0.8209378358213535, 0.004166313169176081, 0.0, 0.09979641654200655, -0.07444885857077688, -0.9922187474054713, 0.0, 0.43845446745533834, 0.040203860043212095, 0.4758492103306282, 1.0]",
  "1783610415.7632675": "[0.8123172982600205, -0.5688539533638737, 0.12863042676533712, 0.0, -0.5743562034593719, -0.8185749288222082, 0.007073715533846052, 0.0, 0.10126973138740629, -0.07962578505741155, -0.9916673715811739, 0.0, 0.43559097786514683, 0.03470479110028722, 0.4738185406697212, 1.0]",
  "1783610415.796562": "[0.809591356336624, -0.5718838593651214, 0.132327952990589, 0.0, -0.5780054386469642, -0.8159731993223505, 0.009871721338141494, 0.0, 0.10233058506407515, -0.08447833678110342, -0.991156830161172, 0.0, 0.43271539840093454, 0.029004230494432546, 0.47163782846927366, 1.0]",
  "1783610415.829952": "[0.809591356336624, -0.5718838593651214, 0.132327952990589, 0.0, -0.5780054386469642, -0.8159731993223505, 0.009871721338141494, 0.0, 0.10233058506407515, -0.08447833678110342, -0.991156830161172, 0.0, 0.43271539840093454, 0.029004230494432546, 0.47163782846927366, 1.0]",
  "1783610415.863223": "[0.8072715431262467, -0.5744875381692149, 0.1351914351830141, 0.0, -0.5811756991210986, -0.8136788493826896, 0.012709713543742972, 0.0, 0.10270083938152857, -0.08883016692282286, -0.9907379769822051, 0.0, 0.4297469216432602, 0.023559074884094394, 0.4690296297795994, 1.0]",
  "1783610415.8965895": "[0.8072715431262467, -0.5744875381692149, 0.1351914351830141, 0.0, -0.5811756991210986, -0.8136788493826896, 0.012709713543742972, 0.0, 0.10270083938152857, -0.08883016692282286, -0.9907379769822051, 0.0, 0.4297469216432602, 0.023559074884094394, 0.4690296297795994, 1.0]",
  "1783610415.9304402": "[0.8052422468348539, -0.5765866365128014, 0.1383212727934895, 0.0, -0.5838633718082598, -0.8117054792553269, 0.015420052126044206, 0.0, 0.10338513903383831, -0.09317760214630327, -0.9902673616176689, 0.0, 0.42658608813647864, 0.018311651878569087, 0.4666168819652627, 1.0]",
  "1783610415.9641652": "[0.8052422468348539, -0.5765866365128014, 0.1383212727934895, 0.0, -0.5838633718082598, -0.8117054792553269, 0.015420052126044206, 0.0, 0.10338513903383831, -0.09317760214630327, -0.9902673616176689, 0.0, 0.42658608813647864, 0.018311651878569087, 0.4666168819652627, 1.0]",
  "1783610415.996581": "[0.8032379200141091, -0.5787913707760318, 0.1407458452907575, 0.0, -0.586603750112371, -0.8096711348207184, 0.01812991429194081, 0.0, 0.10346441033278451, -0.09712467530618654, -0.9898797468587572, 0.0, 0.4234752103599946, 0.013123493548986297, 0.4640785081761494, 1.0]",
  "1783610416.0299723": "[0.8032379200141091, -0.5787913707760318, 0.1407458452907575, 0.0, -0.586603750112371, -0.8096711348207184, 0.01812991429194081, 0.0, 0.10346441033278451, -0.09712467530618654, -0.9898797468587572, 0.0, 0.4234752103599946, 0.013123493548986297, 0.4640785081761494, 1.0]",
  "1783610416.0638924": "[0.8013876452545523, -0.5808835262302764, 0.14266103528169, 0.0, -0.589166061955012, -0.8077486777571399, 0.020625833850175634, 0.0, 0.10325305551791994, -0.10058032877194222, -0.9895566704289054, 0.0, 0.42031257764317315, 0.008018049871201997, 0.4612228965827323, 1.0]",
  "1783610416.0968843": "[0.8013876452545523, -0.5808835262302764, 0.14266103528169, 0.0, -0.589166061955012, -0.8077486777571399, 0.020625833850175634, 0.0, 0.10325305551791994, -0.10058032877194222, -0.9895566704289054, 0.0, 0.42031257764317315, 0.008018049871201997, 0.4612228965827323, 1.0]",
  "1783610416.1300974": "[0.7997840308346209, -0.5824945546710782, 0.14507100951075114, 0.0, -0.591238524418771, -0.8061824142830245, 0.022514931576808117, 0.0, 0.1038388716475703, -0.10377865232954328, -0.989165041868961, 0.0, 0.4170770675905927, 0.003178258095544133, 0.45867174470148353, 1.0]",
