{
  "1783613992.4774175": "[0.7245404717266657, -0.6823926939028354, 0.09685719456050719, 0.0, -0.6837226603466274, -0.7293494263796589, -0.023931944513412268, 0.0, 0.08697372338028951, -0.04888379637153675, -0.9950105255190396, 0.0, 0.41911200076741717, 0.09477813531814785, 0.33396878662937673, 1.0]",
  "1783613992.5149143": "[0.7245404717266657, -0.6823926939028354, 0.09685719456050719, 0.0, -0.6837226603466274, -0.7293494263796589, -0.023931944513412268, 0.0, 0.08697372338028951, -0.04888379637153675, -0.9950105255190396, 0.0, 0.41911200076741717, 0.09477813531814785, 0.33396878662937673, 1.0]",
  "1783613992.5441957": "[0.7245367233791006, -0.6823978638265801, 0.09684880959514602, 0.0, -0.6837276586887852, -0.7293448190630827, -0.02392955598817252, 0.0, 0.08696565539929421, -0.04888036774369789, -0.9950113991458651, 0.0, 0.4191111271704888, 0.0947774816620281, 0.3339654591230443, 1.0]",
  "1783613992.5783117": "[0.7245367233791006, -0.6823978638265801, 0.09684880959514602, 0.0, -0.6837276586887852, -0.7293448190630827, -0.02392955598817252, 0.0, 0.08696565539929421, -0.04888036774369789, -0.9950113991458651, 0.0, 0.4191111271704888, 0.0947774816620281, 0.3339654591230443, 1.0]",
  "1783613992.6107557": "[0.724534908526766, -0.6823992930171061, 0.09685231652296548, 0.0, -0.6837290979466921, -0.7293434049370311, -0.023931533504153037, 0.0, 0.08696945985294795, -0.04888151557195795, -0.9950110102346983, 0.0, 0.41911220505050467, 0.09477563506214837, 0.3339664383683503, 1.0]",
  "1783613992.6440897": "[0.724534908526766, -0.6823992930171061, 0.09685231652296548, 0.0, -0.6837290979466921, -0.7293434049370311, -0.023931533504153037, 0.0, 0.08696945985294795, -0.04888151557195795, -0.9950110102346983, 0.0, 0.41911220505050467, 0.09477563506214837, 0.3339664383683503, 1.0]",
  "1783613992.6784956": "[0.7245328112316161, -0.6824020168510875, 0.0968488143777689, 0.0, -0.6837317750565085, -0.7293409359378196, -0.02393029342530477, 0.0, 0.08696588542001643, -0.04888032899759673, -0.9950113809450618, 0.0, 0.41911174714642135, 0.09477522900258215, 0.3339657575218122, 1.0]",
  "1783613992.7107716": "[0.7245328112316161, -0.6824020168510875, 0.0968488143777689, 0.0, -0.6837317750565085, -0.7293409359378196, -0.02393029342530477, 0.0, 0.08696588542001643, -0.04888032899759673, -0.9950113809450618, 0.0, 0.41911174714642135, 0.09477522900258215, 0.3339657575218122, 1.0]",
  "1783613992.7440996": "[0.7245385969778474, -0.6823954232931803, 0.09685198892069197, 0.0, -0.6837255765037348, -0.7293468525847464, -0.023927069594082598, 0.0, 0.08696641606969877, -0.048884096526845514, -0.9950111494766007, 0.0, 0.41911107922743485, 0.09477637631088781, 0.3339658547623832, 1.0]",
  "1783613992.7786403": "[0.7245385969778474, -0.6823954232931803, 0.09685198892069197, 0.0, -0.6837255765037348, -0.7293468525847464, -0.023927069594082598, 0.0, 0.08696641606969877, -0.048884096526845514, -0.9950111494766007, 0.0, 0.41911107922743485, 0.09477637631088781, 0.3339658547623832, 1.0]",
  "1783613992.810773": "[0.7245367965334628, -0.6823966911272963, 0.09685652485787888, 0.0, -0.6837263733898022, -0.729345841387969, -0.023935120248386732, 0.0, 0.08697515047561744, -0.048881485130807395, -0.9950105143219095, 0.0, 0.4191129938765943, 0.09477666138299454, 0.3339689770922137, 1.0]",
  "1783613992.8441422": "[0.7245367965334628, -0.6823966911272963, 0.09685652485787888, 0.0, -0.6837263733898022, -0.729345841387969, -0.023935120248386732, 0.0, 0.08697515047561744, -0.048881485130807395, -0.9950105143219095, 0.0, 0.4191129938765943, 0.09477666138299454, 0.3339689770922137, 1.0]",
  "1783613992.8774433": "[0.7245356180583733, -0.682398228642288, 0.09685450795207597, 0.0, -0.6837279136208125, -0.729344432127401, -0.023934064855128147, 0.0, 0.08697285956263477, -0.048881048174383844, -0.9950107360369895, 0.0, 0.41911247706835436, 0.09477632769085764, 0.3339681830583017, 1.0]",
  "1783613992.9107623": "[0.7245356180583733, -0.682398228642288, 0.09685450795207597, 0.0, -0.6837279136208125, -0.729344432127401, -0.023934064855128147, 0.0, 0.08697285956263477, -0.048881048174383844, -0.9950107360369895, 0.0, 0.41911247706835436, 0.09477632769085764, 0.3339681830583017, 1.0]",
  "1783613992.9441762": "[0.7245310379486966, -0.6824042058934172, 0.09684665625595448, 0.0, -0.6837340250287798, -0.7293388841432107, -0.023928541424003018, 0.0, 0.08696296951535346, -0.04888038313793113, -0.9950116331366989, 0.0, 0.41911138172730117, 0.0947748535205631, 0.3339643224145014, 1.0]",
  "1783613992.9774694": "[0.7245310379486966, -0.6824042058934172, 0.09684665625595448, 0.0, -0.6837340250287798, -0.7293388841432107, -0.023928541424003018, 0.0, 0.08696296951535346, -0.04888038313793113, -0.9950116331366989, 0.0, 0.41911138172730117, 0.0947748535205631, 0.3339643224145014, 1.0]",
  "1783613993.0107872": "[0.7245312731816451, -0.6824037243062296, 0.09684828978754206, 0.0, -0.6837337182542395, -0.7293392082319832, -0.023927428983838234, 0.0, 0.0869634216439116, -0.04888227069737651, -0.995011500892051, 0.0, 0.4191097767180039, 0.094774625519422, 0.33396438876655193, 1.0]",
  "1783613993.0441515": "[0.7245312731816451, -0.6824037243062296, 0.09684828978754206, 0.0, -0.6837337182542395, -0.7293392082319832, -0.023927428983838234, 0.0, 0.0869634216439116, -0.04888227069737651, -0.995011500892051, 0.0, 0.4191097767180039, 0.094774625519422, 0.33396438876655193, 1.0]",
  "1783613993.0774677": "[0.7245329973938801, -0.6824020518345177, 0.09684717517553094, 0.0, -0.6837317798953588, -0.7293409504282027, -0.02392971352964434, 0.0, 0.08696429640124988, -0.04887962439019327, -0.9950115544409068, 0.0, 0.41911186722412536, 0.09477452644334061, 0.3339649695836409, 1.0]",
  "1783613993.110728": "[0.7245329973938801, -0.6824020518345177, 0.09684717517553094, 0.0, -0.6837317798953588, -0.7293409504282027, -0.02392971352964434, 0.0, 0.08696429640124988, -0.04887962439019327, -0.9950115544409068, 0.0, 0.41911186722412536, 0.09477452644334061, 0.3339649695836409, 1.0]",
  "1783613993.1440806": "[0.7245342252484697, -0.6823998050086043, 0.09685382061549651, 0.0, -0.6837294355605964, -0.7293429937732059, -0.023934418353612992, 0.0, 0.08697249790357912, -0.048880502842712927, -0.9950107944390632, 0.0, 0.4191131191034205, 0.09477577780135982, 0.3339686052399532, 1.0]",
  "1783613993.1779938": "[0.7245342252484697, -0.6823998050086043, 0.09685382061549651, 0.0, -0.6837294355605964, -0.7293429937732059, -0.023934418353612992, 0.0, 0.08697249790357912, -0.048880502842712927, -0.9950107944390632, 0.0, 0.4191131191034205, 0.09477577780135982, 0.3339686052399532, 1.0]",
  "1783613993.2116475": "[0.7245361840215618, -0.682397522556558, 0.09685524896537966, 0.0, -0.6837272574327882, -0.7293450540087045, -0.02393385962351753, 0.0, 0.08697330329998611, -0.04888162642253781, -0.9950106688429912, 0.0, 0.41911250888204066, 0.0947763257605871, 0.3339682109408666, 1.0]",
  "1783613993.2440884": "[0.7245361840215618, -0.682397522556558, 0.09685524896537966, 0.0, -0.6837272574327882, -0.7293450540087045, -0.02393385962351753, 0.0, 0.08697330329998611, -0.04888162642253781, -0.9950106688429912, 0.0, 0.41911250888204066, 0.0947763257605871, 0.3339682109408666, 1.0]",
  "1783613993.277397": "[0.7245335954893114, -0.6824004061526915, 0.09685429618748233, 0.0, -0.6837301139459934, -0.7293423764854337, -0.02393384937654034, 0.0, 0.08697241108955091, -0.04888132102574189, -0.9950107618332822, 0.0, 0.41911267221027415, 0.0947758125103775, 0.3339681368953241, 1.0]",
  "1783613993.3113012": "[0.7245335954893114, -0.6824004061526915, 0.09685429618748233, 0.0, -0.6837301139459934, -0.7293423764854337, -0.02393384937654034, 0.0, 0.08697241108955091, -0.04888132102574189, -0.9950107618332822, 0.0, 0.41911267221027415, 0.0947758125103775, 0.3339681368953241, 1.0]",
  "1783613993.3440843": "[0.7245359714741728, -0.6823985928598154, 0.0968492978958571, 0.0, -0.6837283395163515, -0.7293441518405439, -0.023930439156228223, 0.0, 0.08696656703693366, -0.04888014565179745, -0.9950113303771315, 0.0, 0.41911105620487055, 0.0947774146756829, 0.33396514380829956, 1.0]",
  "1783613993.3773959": "[0.7245359714741728, -0.6823985928598154, 0.0968492978958571, 0.0, -0.6837283395163515, -0.7293441518405439, -0.023930439156228223, 0.0, 0.08696656703693366, -0.04888014565179745, -0.9950113303771315, 0.0, 0.41911105620487055, 0.0947774146756829, 0.33396514380829956, 1.0]",
  "1783613993.4107413": "[0.7245346334303102, -0.682399872830358, 0.09685028921545558, 0.0, -0.6837296645388393, -0.7293429050082512, -0.023930581767509937, 0.0, 0.08696729724219493, -0.04888088046707613, -0.9950112304567982, 0.0, 0.41911161506895434, 0.09477499090182262, 0.3339660953644332, 1.0]",
  "1783613993.444228": "[0.7245346334303102, -0.682399872830358, 0.09685028921545558, 0.0, -0.6837296645388393, -0.7293429050082512, -0.023930581767509937, 0.0, 0.08696729724219493, -0.04888088046707613, -0.9950112304567982, 0.0, 0.41911161506895434, 0.09477499090182262, 0.3339660953644332, 1.0]",
  "1783613993.478249": "[0.7245412643700243, -0.682392791389016, 0.09685057813660002, 0.0, -0.6837229853532056, -0.7293493296872804, -0.023925605204786517, 0.0, 0.08696456476512061, -0.04888387817084599, -0.995011322011057, 0.0, 0.41911038475402257, 0.09477572462082448, 0.33396490297658393, 1.0]",
  "1783613993.510751": "[0.7245412643700243, -0.682392791389016, 0.09685057813660002, 0.0, -0.6837229853532056, -0.7293493296872804, -0.023925605204786517, 0.0, 0.08696456476512061, -0.04888387817084599, -0.995011322011057, 0.0, 0.41911038475402257, 0.09477572462082448, 0.33396490297658393, 1.0]",
  "1783613993.546238": "[0.7245388218831155, -0.6823954914561605, 0.09684982614611172, 0.0, -0.6837253209092751, -0.7293470106423057, -0.023929555253720813, 0.0, 0.08696655179858377, -0.04888078669003995, -0.9950113002176542, 0.0, 0.41911121431529186, 0.09477672282520355, 0.33396570226266337, 1.0]",
  "1783613993.5774167": "[0.7245388218831155, -0.6823954914561605, 0.09684982614611172, 0.0, -0.6837253209092751, -0.7293470106423057, -0.023929555253720813, 0.0, 0.08696655179858377, -0.04888078669003995, -0.9950113002176542, 0.0, 0.41911121431529186, 0.09477672282520355, 0.33396570226266337, 1.0]",
  "1783613993.6107452": "[0.7245342100823836, -0.6824000046694886, 0.09685252731539001, 0.0, -0.6837297796332557, -0.7293427489478348, -0.023932049637992878, 0.0, 0.08696991929946857, -0.04888136847815992, -0.9950109773026359, 0.0, 0.41911197875207074, 0.09477531361956093, 0.3339672765384474, 1.0]",
  "1783613993.6441262": "[0.7245342100823836, -0.6824000046694886, 0.09685252731539001, 0.0, -0.6837297796332557, -0.7293427489478348, -0.023932049637992878, 0.0, 0.08696991929946857, -0.04888136847815992, -0.9950109773026359, 0.0, 0.41911197875207074, 0.09477531361956093, 0.3339672765384474, 1.0]",
  "1783613993.6774328": "[0.724533526170285, -0.6824006945684628, 0.09685278265353366, 0.0, -0.6837303495469343, -0.7293421631716541, -0.02393361921063187, 0.0, 0.08697113638259456, -0.048880477417597844, -0.9950109146957877, 0.0, 0.41911231642506397, 0.09477709207752044, 0.3339676957168308, 1.0]",
  "1783613993.713326": "[0.724533526170285, -0.6824006945684628, 0.09685278265353366, 0.0, -0.6837303495469343, -0.7293421631716541, -0.02393361921063187, 0.0, 0.08697113638259456, -0.048880477417597844, -0.9950109146957877, 0.0, 0.41911231642506397, 0.09477709207752044, 0.3339676957168308, 1.0]",
  "1783613993.7440898": "[0.7245384969497443, -0.6823952897797081, 0.09685367790782952, 0.0, -0.6837253735748585, -0.7293469857443813, -0.02392880932068247, 0.0, 0.08696884481080312, -0.048883973570625454, -0.9950109432364154, 0.0, 0.4191112084128847, 0.0947767913851495, 0.3339668288904365, 1.0]",
  "1783613993.7775948": "[0.7245384969497443, -0.6823952897797081, 0.09685367790782952, 0.0, -0.6837253735748585, -0.7293469857443813, -0.02392880932068247, 0.0, 0.08696884481080312, -0.048883973570625454, -0.9950109432364154, 0.0, 0.4191112084128847, 0.0947767913851495, 0.3339668288904365, 1.0]",
  "1783613993.8107398": "[0.7245354440814792, -0.682398827256821, 0.09685159176889682, 0.0, -0.683728631877638, -0.7293438563563555, -0.02393109161683446, 0.0, 0.08696866228928204, -0.04888128224336162, -0.9950110914084613, 0.0, 0.4191118148369056, 0.09477624388584957, 0.3339667770738277, 1.0]",
  "1783613993.8441052": "[0.7245354440814792, -0.682398827256821, 0.09685159176889682, 0.0, -0.683728631877638, -0.7293438563563555, -0.02393109161683446, 0.0, 0.08696866228928204, -0.04888128224336162, -0.9950110914084613, 0.0, 0.4191118148369056, 0.09477624388584957, 0.3339667770738277, 1.0]",
  "1783613993.8773994": "[0.7245357388856448, -0.6823982978647066, 0.09685311636072272, 0.0, -0.6837283919641038, -0.7293441629462978, -0.023928602097588896, 0.0, 0.08696809242252823, -0.04888409810475202, -0.9950110028803056, 0.0, 0.41911181242011253, 0.09477435319156306, 0.33396615280658326, 1.0]",
  "1783613993.9107375": "[0.7245357388856448, -0.6823982978647066, 0.09685311636072272, 0.0, -0.6837283919641038, -0.7293441629462978, -0.023928602097588896, 0.0, 0.08696809242252823, -0.04888409810475202, -0.9950110028803056, 0.0, 0.41911181242011253, 0.09477435319156306, 0.33396615280658326, 1.0]",
  "1783613993.9441175": "[0.7245333983649664, -0.6824012659558817, 0.09684971283139145, 0.0, -0.6837311472122428, -0.7293415559038086, -0.023929336882624754, 0.0, 0.08696593002747198, -0.048881561489195306, -0.9950113164988803, 0.0, 0.41911152856033373, 0.09477582364940494, 0.3339656409338618, 1.0]",
  "1783613993.9774218": "[0.7245333983649664, -0.6824012659558817, 0.09684971283139145, 0.0, -0.6837311472122428, -0.7293415559038086, -0.023929336882624754, 0.0, 0.08696593002747198, -0.048881561489195306, -0.9950113164988803, 0.0, 0.41911152856033373, 0.09477582364940494, 0.3339656409338618, 1.0]",
  "1783613994.010725": "[0.7245324536311304, -0.6824022950851857, 0.09684952915592808, 0.0, -0.6837320095086573, -0.7293406857483935, -0.02393121988775647, 0.0, 0.08696702138458688, -0.0488801777260877, -0.9950112890902085, 0.0, 0.4191110498314303, 0.09477666668741767, 0.33396592094234306, 1.0]",
  "1783613994.0444238": "[0.7245324536311304, -0.6824022950851857, 0.09684952915592808, 0.0, -0.6837320095086573, -0.7293406857483935, -0.02393121988775647, 0.0, 0.08696702138458688, -0.0488801777260877, -0.9950112890902085, 0.0, 0.4191110498314303, 0.09477666668741767, 0.33396592094234306, 1.0]",
  "1783613994.0774088": "[0.7245371834059933, -0.6823969514596911, 0.09685179657925781, 0.0, -0.6837270351867616, -0.7293454588239177, -0.023927871774355604, 0.0, 0.08696672476775817, -0.0488835589073559, -0.9950111489082523, 0.0, 0.4191113732291974, 0.09477506354253315, 0.3339650863614304, 1.0]",
  "1783613994.1107273": "[0.7245371834059933, -0.6823969514596911, 0.09685179657925781, 0.0, -0.6837270351867616, -0.7293454588239177, -0.023927871774355604, 0.0, 0.08696672476775817, -0.0488835589073559, -0.9950111489082523, 0.0, 0.4191113732291974, 0.09477506354253315, 0.3339650863614304, 1.0]",
  "1783613994.1440575": "[0.7245391993479581, -0.6823953991118781, 0.0968476529357344, 0.0, -0.6837254597940345, -0.7293470078103954, -0.023925672978179463, 0.0, 0.0869623150431026, -0.04888211808998687, -0.9950116051048754, 0.0, 0.4191106473103468, 0.09477581555575774, 0.3339637362867571, 1.0]",
  "1783613994.1773882": "[0.7245391993479581, -0.6823953991118781, 0.0968476529357344, 0.0, -0.6837254597940345, -0.7293470078103954, -0.023925672978179463, 0.0, 0.0869623150431026, -0.04888211808998687, -0.9950116051048754, 0.0, 0.4191106473103468, 0.09477581555575774, 0.3339637362867571, 1.0]",
  "1783613994.2107286": "[0.724534049893157, -0.6824005662206545, 0.09684976906090495, 0.0, -0.6837304657689847, -0.7293422022972671, -0.023929106282943084, 0.0, 0.08696585953549668, -0.04888168542412658, -0.9950113165715, 0.0, 0.4191110211636168, 0.09477575854205444, 0.33396536693944123, 1.0]",
  "1783613994.244235": "[0.724534049893157, -0.6824005662206545, 0.09684976906090495, 0.0, -0.6837304657689847, -0.7293422022972671, -0.023929106282943084, 0.0, 0.08696585953549668, -0.04888168542412658, -0.9950113165715, 0.0, 0.4191110211636168, 0.09477575854205444, 0.33396536693944123, 1.0]",
  "1783613994.2775586": "[0.7245332521711565, -0.6824011692689546, 0.09685148774619287, 0.0, -0.6837314235254138, -0.7293414041730135, -0.023926066179961854, 0.0, 0.08696497560626609, -0.048885175046228545, -0.9950112223882206, 0.0, 0.41911078277866315, 0.09477477241709367, 0.3339650073591468, 1.0]",
  "1783613994.310758": "[0.7245332521711565, -0.6824011692689546, 0.09685148774619287, 0.0, -0.6837314235254138, -0.7293414041730135, -0.023926066179961854, 0.0, 0.08696497560626609, -0.048885175046228545, -0.9950112223882206, 0.0, 0.41911078277866315, 0.09477477241709367, 0.3339650073591468, 1.0]",
  "1783613994.3440666": "[0.7245360284090745, -0.6823974184814953, 0.0968571462876947, 0.0, -0.6837271777549171, -0.7293451028960265, -0.023934646036239085, 0.0, 0.08697522599281213, -0.04888234989620699, -0.9950104652374887, 0.0, 0.41911183918459743, 0.09477623906831109, 0.3339680569437732, 1.0]",
  "1783613994.377396": "[0.7245360284090745, -0.6823974184814953, 0.0968571462876947, 0.0, -0.6837271777549171, -0.7293451028960265, -0.023934646036239085, 0.0, 0.08697522599281213, -0.04888234989620699, -0.9950104652374887, 0.0, 0.41911183918459743, 0.09477623906831109, 0.3339680569437732, 1.0]",
  "1783613994.4107294": "[0.7245321256568088, -0.682402194014347, 0.09685269482896076, 0.0, -0.6837318810674351, -0.7293407373629666, -0.023933316419396618, 0.0, 0.08697076349678047, -0.04888081860249315, -0.9950109305276689, 0.0, 0.4191118344758904, 0.09477549594543513, 0.33396716787840175, 1.0]",
  "1783613994.4441202": "[0.7245321256568088, -0.682402194014347, 0.09685269482896076, 0.0, -0.6837318810674351, -0.7293407373629666, -0.023933316419396618, 0.0, 0.08697076349678047, -0.04888081860249315, -0.9950109305276689, 0.0, 0.4191118344758904, 0.09477549594543513, 0.33396716787840175, 1.0]",
  "1783613994.4773862": "[0.7245381729188665, -0.6823956856340914, 0.09685331285696475, 0.0, -0.6837256314460509, -0.7293466979988061, -0.023930211489603552, 0.0, 0.0869695169992894, -0.048882740780530724, -0.9950109450486933, 0.0, 0.41911086370790174, 0.0947765584921545, 0.33396700091278114, 1.0]",
  "1783613994.511274": "[0.7245381729188665, -0.6823956856340914, 0.09685331285696475, 0.0, -0.6837256314460509, -0.7293466979988061, -0.023930211489603552, 0.0, 0.0869695169992894, -0.048882740780530724, -0.9950109450486933, 0.0, 0.41911086370790174, 0.0947765584921545, 0.33396700091278114, 1.0]",
  "1783613994.5441086": "[0.7245334048445646, -0.6824009296495568, 0.0968520339371502, 0.0, -0.6837305248006935, -0.7293419897313969, -0.02393389793609605, 0.0, 0.08697076934298342, -0.04887978342902031, -0.995010980869971, 0.0, 0.4191115598734715, 0.09477684721950046, 0.333966422371378, 1.0]",
  "1783613994.577396": "[0.7245334048445646, -0.6824009296495568, 0.0968520339371502, 0.0, -0.6837305248006935, -0.7293419897313969, -0.02393389793609605, 0.0, 0.08697076934298342, -0.04887978342902031, -0.995010980869971, 0.0, 0.4191115598734715, 0.09477684721950046, 0.333966422371378, 1.0]",
  "1783613994.6107407": "[0.7245361990034962, -0.682398284857531, 0.09684976591126226, 0.0, -0.6837281346648589, -0.7293443746810346, -0.023929500388493716, 0.0, 0.0869662819791599, -0.048881120533703665, -0.9950113074001172, 0.0, 0.4191107857439081, 0.09477651706729442, 0.33396554603118966, 1.0]",
  "1783613994.6440766": "[0.7245361990034962, -0.682398284857531, 0.09684976591126226, 0.0, -0.6837281346648589, -0.7293443746810346, -0.023929500388493716, 0.0, 0.0869662819791599, -0.048881120533703665, -0.9950113074001172, 0.0, 0.4191107857439081, 0.09477651706729442, 0.33396554603118966, 1.0]",
  "1783613994.6783543": "[0.7245294071984805, -0.6824047875752465, 0.09685475723474293, 0.0, -0.6837344032066616, -0.7293383013673935, -0.023935497282383297, 0.0, 0.08697358205943137, -0.04888095797861705, -0.9950106773149943, 0.0, 0.41911298332841695, 0.0947747811387218, 0.33396835338075326, 1.0]",
  "1783613994.7107756": "[0.7245294071984805, -0.6824047875752465, 0.09685475723474293, 0.0, -0.6837344032066616, -0.7293383013673935, -0.023935497282383297, 0.0, 0.08697358205943137, -0.04888095797861705, -0.9950106773149943, 0.0, 0.41911298332841695, 0.0947747811387218, 0.33396835338075326, 1.0]",
  "1783613994.7440798": "[0.724539670932977, -0.6823941522245527, 0.09685291040576673, 0.0, -0.6837241134755958, -0.7293481381030051, -0.023929690714472956, 0.0, 0.08696897088240164, -0.048882660068922015, -0.9950109967473937, 0.0, 0.41911036165802606, 0.09477800289943339, 0.3339658994036077, 1.0]",
  "1783613994.7775764": "[0.724539670932977, -0.6823941522245527, 0.09685291040576673, 0.0, -0.6837241134755958, -0.7293481381030051, -0.023929690714472956, 0.0, 0.08696897088240164, -0.048882660068922015, -0.9950109967473937, 0.0, 0.41911036165802606, 0.09477800289943339, 0.3339658994036077, 1.0]",
  "1783613994.8108277": "[0.7245349765477554, -0.682399819597362, 0.09684809741255299, 0.0, -0.6837297406856575, -0.7293429230114121, -0.02392785730258578, 0.0, 0.08696383996160131, -0.048881355000217126, -0.9950115093165888, 0.0, 0.4191120898072717, 0.0947739650343439, 0.3339651378854225, 1.0]",
  "1783613994.8441296": "[0.7245349765477554, -0.682399819597362, 0.09684809741255299, 0.0, -0.6837297406856575, -0.7293429230114121, -0.02392785730258578, 0.0, 0.08696383996160131, -0.048881355000217126, -0.9950115093165888, 0.0, 0.4191120898072717, 0.0947739650343439, 0.3339651378854225, 1.0]",
  "1783613994.8785007": "[0.7245356783613801, -0.6823980275497861, 0.09685547365831373, 0.0, -0.6837277158141313, -0.7293446013677551, -0.023934558347735335, 0.0, 0.08697391223237777, -0.04888133029973815, -0.9950106301638808, 0.0, 0.41911148275678367, 0.09477682153344187, 0.333967535060038, 1.0]",
  "1783613994.9107535": "[0.7245356783613801, -0.6823980275497861, 0.09685547365831373, 0.0, -0.6837277158141313, -0.7293446013677551, -0.023934558347735335, 0.0, 0.08697391223237777, -0.04888133029973815, -0.9950106301638808, 0.0, 0.41911148275678367, 0.09477682153344187, 0.333967535060038, 1.0]",
  "1783613994.9449453": "[0.724538090730211, -0.6823958886944783, 0.09685249699359214, 0.0, -0.6837258193271489, -0.729346530811531, -0.023929938959457976, 0.0, 0.0869687246453546, -0.04888240057584783, -0.9950110310179996, 0.0, 0.4191113860057896, 0.09477609645293322, 0.33396687614792075, 1.0]",
  "1783613994.9774232": "[0.724538090730211, -0.6823958886944783, 0.09685249699359214, 0.0, -0.6837258193271489, -0.729346530811531, -0.023929938959457976, 0.0, 0.0869687246453546, -0.04888240057584783, -0.9950110310179996, 0.0, 0.4191113860057896, 0.09477609645293322, 0.33396687614792075, 1.0]",
  "1783613995.0107489": "[0.7245434154531905, -0.6823905100669959, 0.09685055959534089, 0.0, -0.6837206856158377, -0.7293514846661862, -0.023925632201455292, 0.0, 0.08696472379323922, -0.04888357173668475, -0.9950113231666415, 0.0, 0.4191101768467531, 0.09477952227159908, 0.33396447820546254, 1.0]",
  "1783613995.0440881": "[0.7245434154531905, -0.6823905100669959, 0.09685055959534089, 0.0, -0.6837206856158377, -0.7293514846661862, -0.023925632201455292, 0.0, 0.08696472379323922, -0.04888357173668475, -0.9950113231666415, 0.0, 0.4191101768467531, 0.09477952227159908, 0.33396447820546254, 1.0]",
  "1783613995.077566": "[0.7245408820352218, -0.6823930151430124, 0.09685186184917254, 0.0, -0.6837231280487901, -0.729349141108028, -0.023927275987025792, 0.0, 0.08696662825935293, -0.04888356829252567, -0.9950111568822679, 0.0, 0.41911063286993183, 0.09477731941189582, 0.3339656289819771, 1.0]",
  "1783613995.1113584": "[0.7245408820352218, -0.6823930151430124, 0.09685186184917254, 0.0, -0.6837231280487901, -0.729349141108028, -0.023927275987025792, 0.0, 0.08696662825935293, -0.04888356829252567, -0.9950111568822679, 0.0, 0.41911063286993183, 0.09477731941189582, 0.3339656289819771, 1.0]",
  "1783613995.144138": "[0.724532802865102, -0.6824017441511703, 0.09685079840600151, 0.0, -0.6837313810266814, -0.7293412236244268, -0.023932783402077225, 0.0, 0.0869690529544055, -0.04887984350900173, -0.9950111279411649, 0.0, 0.41911179123072545, 0.09477622373100195, 0.3339667082476518, 1.0]",
  "1783613995.177616": "[0.724532802865102, -0.6824017441511703, 0.09685079840600151, 0.0, -0.6837313810266814, -0.7293412236244268, -0.023932783402077225, 0.0, 0.0869690529544055, -0.04887984350900173, -0.9950111279411649, 0.0, 0.41911179123072545, 0.09477622373100195, 0.3339667082476518, 1.0]",
  "1783613995.210785": "[0.7245348526399034, -0.6823993382920107, 0.09685241560590727, 0.0, -0.6837289154696934, -0.7293434885463603, -0.023934198663460998, 0.0, 0.08697136000264968, -0.04887963598116209, -0.9950109364854431, 0.0, 0.4191127623160131, 0.09477694424868176, 0.33396658711028526, 1.0]",
  "1783613995.2441542": "[0.7245348526399034, -0.6823993382920107, 0.09685241560590727, 0.0, -0.6837289154696934, -0.7293434885463603, -0.023934198663460998, 0.0, 0.08697136000264968, -0.04887963598116209, -0.9950109364854431, 0.0, 0.4191127623160131, 0.09477694424868176, 0.33396658711028526, 1.0]",
  "1783613995.277436": "[0.7245361111742737, -0.6823982431098462, 0.09685071711172744, 0.0, -0.6837279002683164, -0.7293445045423672, -0.023932239521788586, 0.0, 0.08696885648977837, -0.048879765695474135, -0.9950111489357374, 0.0, 0.4191116989381895, 0.09477634063304585, 0.3339666124580334, 1.0]",
  "1783613995.3107324": "[0.7245361111742737, -0.6823982431098462, 0.09685071711172744, 0.0, -0.6837279002683164, -0.7293445045423672, -0.023932239521788586, 0.0, 0.08696885648977837, -0.048879765695474135, -0.9950111489357374, 0.0, 0.4191116989381895, 0.09477634063304585, 0.3339666124580334, 1.0]",
  "1783613995.3445566": "[0.7245332563395377, -0.6824018169029314, 0.09684689331931923, 0.0, -0.6837315305525479, -0.7293411845859123, -0.023929701107375932, 0.0, 0.08696409941059519, -0.04887941033191854, -0.9950115821734478, 0.0, 0.41911235234606187, 0.09477406535403055, 0.33396516745656346, 1.0]",
  "1783613995.3774555": "[0.7245332563395377, -0.6824018169029314, 0.09684689331931923, 0.0, -0.6837315305525479, -0.7293411845859123, -0.023929701107375932, 0.0, 0.08696409941059519, -0.04887941033191854, -0.9950115821734478, 0.0, 0.41911235234606187, 0.09477406535403055, 0.33396516745656346, 1.0]",
  "1783613995.4107819": "[0.7245373688356027, -0.682396591096536, 0.09685294843528884, 0.0, -0.6837262503448965, -0.7293460147445976, -0.02393335257503535, 0.0, 0.08697135016825756, -0.048880294966376754, -0.9950109049723577, 0.0, 0.4191120563599331, 0.09477789703637497, 0.3339680791763396, 1.0]",
  "1783613995.444168": "[0.7245373688356027, -0.682396591096536, 0.09685294843528884, 0.0, -0.6837262503448965, -0.7293460147445976, -0.02393335257503535, 0.0, 0.08697135016825756, -0.048880294966376754, -0.9950109049723577, 0.0, 0.4191120563599331, 0.09477789703637497, 0.3339680791763396, 1.0]",
  "1783613995.477449": "[0.7245369551654015, -0.6823967405553584, 0.09685498995442571, 0.0, -0.6837262144045348, -0.7293459405553004, -0.023936639938551683, 0.0, 0.08697507881969968, -0.04887931540975996, -0.9950106271740922, 0.0, 0.41911323751095464, 0.09477823608046002, 0.3339689954820985, 1.0]",
  "1783613995.511867": "[0.7245369551654015, -0.6823967405553584, 0.09685498995442571, 0.0, -0.6837262144045348, -0.7293459405553004, -0.023936639938551683, 0.0, 0.08697507881969968, -0.04887931540975996, -0.9950106271740922, 0.0, 0.41911323751095464, 0.09477823608046002, 0.3339689954820985, 1.0]",
  "1783613995.5441709": "[0.7245328026653377, -0.682401847715104, 0.09685007019575535, 0.0, -0.6837313712989977, -0.729341203471698, -0.023933675439590935, 0.0, 0.08696913109548109, -0.048878698361018616, -0.9950111773658774, 0.0, 0.41911207229387887, 0.09477631371739954, 0.3339657895660826, 1.0]",
  "1783613995.5774136": "[0.7245328026653377, -0.682401847715104, 0.09685007019575535, 0.0, -0.6837313712989977, -0.729341203471698, -0.023933675439590935, 0.0, 0.08696913109548109, -0.048878698361018616, -0.9950111773658774, 0.0, 0.41911207229387887, 0.09477631371739954, 0.3339657895660826, 1.0]",
  "1783613995.6107438": "[0.7245365286822338, -0.682397133685214, 0.09685541050092486, 0.0, -0.6837269067598039, -0.7293453950586508, -0.023933484481192493, 0.0, 0.08697318884443012, -0.048881966459475054, -0.9950106621425152, 0.0, 0.4191126814295411, 0.09477581947064756, 0.33396837572626636, 1.0]",
  "1783613995.64409": "[0.7245365286822338, -0.682397133685214, 0.09685541050092486, 0.0, -0.6837269067598039, -0.7293453950586508, -0.023933484481192493, 0.0, 0.08697318884443012, -0.048881966459475054, -0.9950106621425152, 0.0, 0.4191126814295411, 0.09477581947064756, 0.33396837572626636, 1.0]",
  "1783613995.6773965": "[0.7245367509953569, -0.682397655533726, 0.09685007062034905, 0.0, -0.6837275897323009, -0.7293449131208651, -0.023928659460500275, 0.0, 0.0869659674582584, -0.04888187216946919, -0.9950112979646297, 0.0, 0.4191111902934366, 0.09477587727585723, 0.3339658507615515, 1.0]",
  "1783613995.7107189": "[0.7245367509953569, -0.682397655533726, 0.09685007062034905, 0.0, -0.6837275897323009, -0.7293449131208651, -0.023928659460500275, 0.0, 0.0869659674582584, -0.04888187216946919, -0.9950112979646297, 0.0, 0.4191111902934366, 0.09477587727585723, 0.3339658507615515, 1.0]",
  "1783613995.7440681": "[0.7245356335886166, -0.6823987717640075, 0.09685056507483994, 0.0, -0.6837282575205471, -0.7293441067900881, -0.023934154643205273, 0.0, 0.08697002660835754, -0.048878320199678006, -0.9950111176696463, 0.0, 0.41911214897488097, 0.0947763852868794, 0.33396653555278716, 1.0]",
  "1783613995.778595": "[0.7245356335886166, -0.6823987717640075, 0.09685056507483994, 0.0, -0.6837282575205471, -0.7293441067900881, -0.023934154643205273, 0.0, 0.08697002660835754, -0.048878320199678006, -0.9950111176696463, 0.0, 0.41911214897488097, 0.0947763852868794, 0.33396653555278716, 1.0]",
  "1783613995.8107846": "[0.7245376203744621, -0.6823965168533063, 0.09685158980929105, 0.0, -0.6837263417142353, -0.7293460166701482, -0.023930683514207192, 0.0, 0.08696853631159134, -0.048881302702196226, -0.9950111014144296, 0.0, 0.4191117730836435, 0.09477623288703424, 0.3339667217966389, 1.0]",
  "1783613995.844103": "[0.7245376203744621, -0.6823965168533063, 0.09685158980929105, 0.0, -0.6837263417142353, -0.7293460166701482, -0.023930683514207192, 0.0, 0.08696853631159134, -0.048881302702196226, -0.9950111014144296, 0.0, 0.4191117730836435, 0.09477623288703424, 0.3339667217966389, 1.0]",
  "1783613995.8774283": "[0.7245344067164063, -0.6823998062649116, 0.0968524542472521, 0.0, -0.6837294233675654, -0.7293430255188953, -0.0239337992888786, 0.0, 0.08697108200753527, -0.04888001162596998, -0.9950109423307281, 0.0, 0.4191114372868799, 0.09477678239000845, 0.33396623203161424, 1.0]",
  "1783613995.9107537": "[0.7245344067164063, -0.6823998062649116, 0.0968524542472521, 0.0, -0.6837294233675654, -0.7293430255188953, -0.0239337992888786, 0.0, 0.08697108200753527, -0.04888001162596998, -0.9950109423307281, 0.0, 0.4191114372868799, 0.09477678239000845, 0.33396623203161424, 1.0]",
  "1783613995.9441068": "[0.724531430536131, -0.6824032649538734, 0.09685034922787508, 0.0, -0.6837333235182934, -0.7293395654538719, -0.023927820088460137, 0.0, 0.08696521417150824, -0.04888335344317923, -0.9950112910315403, 0.0, 0.41911106402768983, 0.09477499894255659, 0.3339655171479063, 1.0]",
  "1783613995.9774458": "[0.724531430536131, -0.6824032649538734, 0.09685034922787508, 0.0, -0.6837333235182934, -0.7293395654538719, -0.023927820088460137, 0.0, 0.08696521417150824, -0.04888335344317923, -0.9950112910315403, 0.0, 0.41911106402768983, 0.09477499894255659, 0.3339655171479063, 1.0]",
  "1783613996.010772": "[0.7245360089318198, -0.6823978948840344, 0.09685393548528756, 0.0, -0.6837277070368715, -0.7293446849938481, -0.02393226068148662, 0.0, 0.08697122737579396, -0.04888193458797251, -0.9950108351569269, 0.0, 0.4191115171583872, 0.09477816404671183, 0.333966775574977, 1.0]",
  "1783613996.0442958": "[0.7245360089318198, -0.6823978948840344, 0.09685393548528756, 0.0, -0.6837277070368715, -0.7293446849938481, -0.02393226068148662, 0.0, 0.08697122737579396, -0.04888193458797251, -0.9950108351569269, 0.0, 0.4191115171583872, 0.09477816404671183, 0.333966775574977, 1.0]",
  "1783613996.0774136": "[0.7245366361112998, -0.6823972328745906, 0.09685390801420234, 0.0, -0.6837271940945959, -0.7293452239723113, -0.023930489428962275, 0.0, 0.08697003500087054, -0.048883134452289305, -0.9950108804320015, 0.0, 0.4191115980152364, 0.09477693970619726, 0.33396738475482163, 1.0]",
  "1783613996.1107376": "[0.7245366361112998, -0.6823972328745906, 0.09685390801420234, 0.0, -0.6837271940945959, -0.7293452239723113, -0.023930489428962275, 0.0, 0.08697003500087054, -0.048883134452289305, -0.9950108804320015, 0.0, 0.4191115980152364, 0.09477693970619726, 0.33396738475482163, 1.0]",
  "1783613996.1441338": "[0.724536014164531, -0.6823980914130139, 0.09685251165793411, 0.0, -0.6837280253481872, -0.7293444582510331, -0.02393007672313624, 0.0, 0.08696868132864301, -0.04888257413825903, -0.9950110262773846, 0.0, 0.4191112682946468, 0.09477760917592945, 0.33396629565039715, 1.0]",
  "1783613996.1774592": "[0.724536014164531, -0.6823980914130139, 0.09685251165793411, 0.0, -0.6837280253481872, -0.7293444582510331, -0.02393007672313624, 0.0, 0.08696868132864301, -0.04888257413825903, -0.9950110262773846, 0.0, 0.4191112682946468, 0.09477760917592945, 0.33396629565039715, 1.0]",
  "1783613996.2107604": "[0.7245363504439157, -0.6823970692998813, 0.09685719744213198, 0.0, -0.6837267932306628, -0.7293454500211767, -0.02393505278710044, 0.0, 0.08697556613167703, -0.04888204521436984, -0.9950104504736288, 0.0, 0.41911179315745684, 0.09477664381930423, 0.3339693370967176, 1.0]",
  "1783613996.2441034": "[0.7245363504439157, -0.6823970692998813, 0.09685719744213198, 0.0, -0.6837267932306628, -0.7293454500211767, -0.02393505278710044, 0.0, 0.08697556613167703, -0.04888204521436984, -0.9950104504736288, 0.0, 0.41911179315745684, 0.09477664381930423, 0.3339693370967176, 1.0]",
  "1783613996.2774086": "[0.7245402600926779, -0.6823938990736842, 0.09685028658630455, 0.0, -0.6837237925855493, -0.7293484628299955, -0.02392896194898845, 0.0, 0.08696658529152178, -0.04888134894351761, -0.9950112696689397, 0.0, 0.4191107373589956, 0.09477659377857114, 0.33396476348896476, 1.0]",
  "1783613996.3108373": "[0.7245402600926779, -0.6823938990736842, 0.09685028658630455, 0.0, -0.6837237925855493, -0.7293484628299955, -0.02392896194898845, 0.0, 0.08696658529152178, -0.04888134894351761, -0.9950112696689397, 0.0, 0.4191107373589956, 0.09477659377857114, 0.33396476348896476, 1.0]",
  "1783613996.3441405": "[0.7245359008841492, -0.6823982661987259, 0.09685212759132933, 0.0, -0.6837278524620068, -0.7293444964995521, -0.023933850369437723, 0.0, 0.08697098422857252, -0.048879563365348905, -0.9950109728980507, 0.0, 0.41911264869763687, 0.09477728794964868, 0.333968068112978, 1.0]",
  "1783613996.3774352": "[0.7245359008841492, -0.6823982661987259, 0.09685212759132933, 0.0, -0.6837278524620068, -0.7293444964995521, -0.023933850369437723, 0.0, 0.08697098422857252, -0.048879563365348905, -0.9950109728980507, 0.0, 0.41911264869763687, 0.09477728794964868, 0.333968068112978, 1.0]",
  "1783613996.4107296": "[0.7245369686813932, -0.6823977836981092, 0.09684753903887568, 0.0, -0.68372755641648, -0.7293449304116102, -0.02392908438769273, 0.0, 0.086964415772931, -0.04887982494641997, -0.9950115341554997, 0.0, 0.4191110873075797, 0.09477597994976487, 0.3339651372021446, 1.0]",
  "1783613996.4446146": "[0.7245369686813932, -0.6823977836981092, 0.09684753903887568, 0.0, -0.68372755641648, -0.7293449304116102, -0.02392908438769273, 0.0, 0.086964415772931, -0.04887982494641997, -0.9950115341554997, 0.0, 0.4191110873075797, 0.09477597994976487, 0.3339651372021446, 1.0]",
  "1783613996.4774225": "[0.7245352058103129, -0.6823323183335869, 0.09732082459021842, 0.0, -0.6836159761943071, -0.7294233182702379, -0.02471476998758263, 0.0, 0.08785176511210153, -0.04862334954676938, -0.9949461479123081, 0.0, 0.41929873171953863, 0.09487128845489345, 0.33419408400432593, 1.0]",
  "1783613996.5107284": "[0.7245352058103129, -0.6823323183335869, 0.09732082459021842, 0.0, -0.6836159761943071, -0.7294233182702379, -0.02471476998758263, 0.0, 0.08785176511210153, -0.04862334954676938, -0.9949461479123081, 0.0, 0.41929873171953863, 0.09487128845489345, 0.33419408400432593, 1.0]",
  "1783613996.5440614": "[0.7240360005731701, -0.6826267357728483, 0.09895761457368721, 0.0, -0.6836776861610044, -0.7292389794793575, -0.028201635651859742, 0.0, 0.09141494035191144, -0.04723611347275671, -0.9946919413891142, 0.0, 0.4198834991738779, 0.09513273614356235, 0.33495882834134827, 1.0]",
  "1783613996.5776536": "[0.7240360005731701, -0.6826267357728483, 0.09895761457368721, 0.0, -0.6836776861610044, -0.7292389794793575, -0.028201635651859742, 0.0, 0.09141494035191144, -0.04723611347275671, -0.9946919413891142, 0.0, 0.4198834991738779, 0.09513273614356235, 0.33495882834134827, 1.0]",
  "1783613996.610734": "[0.7221847918003201, -0.6844475529299764, 0.09990332216946231, 0.0, -0.6850162641150018, -0.7277372573193395, -0.03392937086435669, 0.0, 0.09592624453325747, -0.04393212489161124, -0.9944184853532505, 0.0, 0.4204213504068255, 0.09522584321329022, 0.33539926781059015, 1.0]",
  "1783613996.644132": "[0.7221847918003201, -0.6844475529299764, 0.09990332216946231, 0.0, -0.6850162641150018, -0.7277372573193395, -0.03392937086435669, 0.0, 0.09592624453325747, -0.04393212489161124, -0.9944184853532505, 0.0, 0.4204213504068255, 0.09522584321329022, 0.33539926781059015, 1.0]",
  "1783613996.6773953": "[0.7198779640406652, -0.6868058525804877, 0.1003665170754477, 0.0, -0.6865438846707916, -0.7258362953359354, -0.04265169157422587, 0.0, 0.10214309232545009, -0.03820200563051111, -0.994035912558495, 0.0, 0.42128745033786347, 0.09509471751180537, 0.33578390029175786, 1.0]",
  "1783613996.7107265": "[0.7198779640406652, -0.6868058525804877, 0.1003665170754477, 0.0, -0.6865438846707916, -0.7258362953359354, -0.04265169157422587, 0.0, 0.10214309232545009, -0.03820200563051111, -0.994035912558495, 0.0, 0.42128745033786347, 0.09509471751180537, 0.33578390029175786, 1.0]",
  "1783613996.7440588": "[0.7191955676041129, -0.687478018857358, 0.10065639138455224, 0.0, -0.6861629755699602, -0.7255362303430508, -0.052702461200349604, 0.0, 0.10926164238000585, -0.031163312525439676, -0.9935244040570248, 0.0, 0.4222786221248464, 0.09506924048427308, 0.3360095954479505, 1.0]",
  "1783613996.777875": "[0.7191955676041129, -0.687478018857358, 0.10065639138455224, 0.0, -0.6861629755699602, -0.7255362303430508, -0.052702461200349604, 0.0, 0.10926164238000585, -0.031163312525439676, -0.9935244040570248, 0.0, 0.4222786221248464, 0.09506924048427308, 0.3360095954479505, 1.0]",
  "1783613996.814562": "[0.7193896641527576, -0.6872493942157551, 0.10083045799886219, 0.0, -0.6844880957844199, -0.7260883646626966, -0.06535849930093593, 0.0, 0.11812941140800358, -0.02199901933108355, -0.9927544939756607, 0.0, 0.42357606734217124, 0.09505057611442423, 0.33618379897962264, 1.0]",
  "1783613996.84406": "[0.7193896641527576, -0.6872493942157551, 0.10083045799886219, 0.0, -0.6844880957844199, -0.7260883646626966, -0.06535849930093593, 0.0, 0.11812941140800358, -0.02199901933108355, -0.9927544939756607, 0.0, 0.42357606734217124, 0.09505057611442423, 0.33618379897962264, 1.0]",
  "1783613996.8774061": "[0.7198436986652477, -0.6867972967123899, 0.10067036664525149, 0.0, -0.6822948925275871, -0.7267570583323728, -0.07935904356054295, 0.0, 0.1276664761114061, -0.011560769551776914, -0.9917497766496679, 0.0, 0.4249476766386951, 0.09506957723066492, 0.33622450067789006, 1.0]",
