{
  "1783613766.8219607": "[0.7388517442085856, -0.6680231866761527, 0.08856140323509308, 0.0, -0.6695028858417417, -0.7426332351892213, -0.016179117465747357, 0.0, 0.07657666700445069, -0.04733814588076595, -0.9959393124157017, 0.0, 0.41676127758617926, 0.09329241030769787, 0.32927871861082725, 1.0]",
  "1783613766.8551972": "[0.7388517442085856, -0.6680231866761527, 0.08856140323509308, 0.0, -0.6695028858417417, -0.7426332351892213, -0.016179117465747357, 0.0, 0.07657666700445069, -0.04733814588076595, -0.9959393124157017, 0.0, 0.41676127758617926, 0.09329241030769787, 0.32927871861082725, 1.0]",
  "1783613766.8886142": "[0.7388537933818942, -0.668022207398839, 0.08855169353077069, 0.0, -0.6695020108813564, -0.7426341863760137, -0.01617166198805353, 0.0, 0.07656454421600944, -0.04733704308063745, -0.9959402968659197, 0.0, 0.4167600197405345, 0.09329242354662716, 0.32927377974414856, 1.0]",
  "1783613766.9218678": "[0.7388537933818942, -0.668022207398839, 0.08855169353077069, 0.0, -0.6695020108813564, -0.7426341863760137, -0.01617166198805353, 0.0, 0.07656454421600944, -0.04733704308063745, -0.9959402968659197, 0.0, 0.4167600197405345, 0.09329242354662716, 0.32927377974414856, 1.0]",
  "1783613766.955379": "[0.7388520534989832, -0.6680234341951823, 0.08855695572009296, 0.0, -0.6695032574565953, -0.7426329951677233, -0.0161747563574835, 0.0, 0.07657043355854458, -0.04733841837546929, -0.995939778726789, 0.0, 0.4167613036283426, 0.09329156467399298, 0.32927661925317997, 1.0]",
  "1783613766.988566": "[0.7388520534989832, -0.6680234341951823, 0.08855695572009296, 0.0, -0.6695032574565953, -0.7426329951677233, -0.0161747563574835, 0.0, 0.07657043355854458, -0.04733841837546929, -0.995939778726789, 0.0, 0.4167613036283426, 0.09329156467399298, 0.32927661925317997, 1.0]",
  "1783613767.0219338": "[0.7388570880992351, -0.6680188041024313, 0.08854987708109312, 0.0, -0.6694987602349933, -0.7426371896430792, -0.01616832096529653, 0.0, 0.07656117429432473, -0.04733795437688008, -0.9959405126141256, 0.0, 0.4167597085281338, 0.09329413019878433, 0.3292740420006728, 1.0]",
  "1783613767.0552354": "[0.7388570880992351, -0.6680188041024313, 0.08854987708109312, 0.0, -0.6694987602349933, -0.7426371896430792, -0.01616832096529653, 0.0, 0.07656117429432473, -0.04733795437688008, -0.9959405126141256, 0.0, 0.4167597085281338, 0.09329413019878433, 0.3292740420006728, 1.0]",
  "1783613767.0886106": "[0.7388540030439673, -0.6680205275657555, 0.08856261590916817, 0.0, -0.6695003345643832, -0.7426355532170716, -0.016178291509076896, 0.0, 0.07657717808906228, -0.04733930553719138, -0.9959392179983537, 0.0, 0.41676032068701063, 0.09329356079983997, 0.3292792270045357, 1.0]",
  "1783613767.121907": "[0.7388540030439673, -0.6680205275657555, 0.08856261590916817, 0.0, -0.6695003345643832, -0.7426355532170716, -0.016178291509076896, 0.0, 0.07657717808906228, -0.04733930553719138, -0.9959392179983537, 0.0, 0.41676032068701063, 0.09329356079983997, 0.3292792270045357, 1.0]",
  "1783613767.1562161": "[0.7388475088195134, -0.6680293608640301, 0.08855016507491296, 0.0, -0.6695089844322551, -0.7426278588482618, -0.01617352858644299, 0.0, 0.07656421145476038, -0.04733535978569894, -0.9959404024530127, 0.0, 0.41676204797260613, 0.09328881508194103, 0.32927397524066576, 1.0]",
  "1783613767.1885517": "[0.7388475088195134, -0.6680293608640301, 0.08855016507491296, 0.0, -0.6695089844322551, -0.7426278588482618, -0.01617352858644299, 0.0, 0.07656421145476038, -0.04733535978569894, -0.9959404024530127, 0.0, 0.41676204797260613, 0.09328881508194103, 0.32927397524066576, 1.0]",
  "1783613767.2218895": "[0.7388608293188162, -0.6680147576438465, 0.08854918671757478, 0.0, -0.6694948021579928, -0.7426407981233492, -0.016166472903658226, 0.0, 0.07655968117580628, -0.0473384466659768, -0.995940603994792, 0.0, 0.41675701461185033, 0.09329824404908905, 0.32927311639240686, 1.0]",
  "1783613767.2552693": "[0.7388608293188162, -0.6680147576438465, 0.08854918671757478, 0.0, -0.6694948021579928, -0.7426407981233492, -0.016166472903658226, 0.0, 0.07655968117580628, -0.0473384466659768, -0.995940603994792, 0.0, 0.41675701461185033, 0.09329824404908905, 0.32927311639240686, 1.0]",
  "1783613767.2885418": "[0.7388572960949965, -0.6680175003316875, 0.08855797681629081, 0.0, -0.6694974559323279, -0.7426382576254025, -0.016173274598776804, 0.0, 0.07657057207133382, -0.04733959824196664, -0.995939711996142, 0.0, 0.4167599290407353, 0.09329656671907573, 0.32927706365033454, 1.0]",
  "1783613767.3218727": "[0.7388572960949965, -0.6680175003316875, 0.08855797681629081, 0.0, -0.6694974559323279, -0.7426382576254025, -0.016173274598776804, 0.0, 0.07657057207133382, -0.04733959824196664, -0.995939711996142, 0.0, 0.4167599290407353, 0.09329656671907573, 0.32927706365033454, 1.0]",
  "1783613767.355266": "[0.7388615298907985, -0.6680135179875802, 0.08855269297590827, 0.0, -0.6694935299741217, -0.7426418901478482, -0.01616899256049678, 0.0, 0.07656404489196304, -0.04733880842911385, -0.99594025134357, 0.0, 0.41675930122239174, 0.09329595021533252, 0.3292750716459612, 1.0]",
  "1783613767.3885524": "[0.7388615298907985, -0.6680135179875802, 0.08855269297590827, 0.0, -0.6694935299741217, -0.7426418901478482, -0.01616899256049678, 0.0, 0.07656404489196304, -0.04733880842911385, -0.99594025134357, 0.0, 0.41675930122239174, 0.09329595021533252, 0.3292750716459612, 1.0]",
  "1783613767.4221764": "[0.7388613367522341, -0.6680133906607547, 0.08855526495146118, 0.0, -0.6694933016994206, -0.7426420327289389, -0.016171895493037707, 0.0, 0.07656790471411842, -0.047338368393417464, -0.9959399755233938, 0.0, 0.41676023497316594, 0.09329682435788515, 0.32927577685190934, 1.0]",
  "1783613767.4554472": "[0.7388613367522341, -0.6680133906607547, 0.08855526495146118, 0.0, -0.6694933016994206, -0.7426420327289389, -0.016171895493037707, 0.0, 0.07656790471411842, -0.047338368393417464, -0.9959399755233938, 0.0, 0.41676023497316594, 0.09329682435788515, 0.32927577685190934, 1.0]",
  "1783613767.488574": "[0.7388517335015848, -0.6680251038533391, 0.08854703000913347, 0.0, -0.6695048440690914, -0.7426316731688727, -0.01616977966523698, 0.0, 0.0765596477899727, -0.04733559578304703, -0.9959407420635724, 0.0, 0.4167598820819985, 0.09329219307745087, 0.3292724462037885, 1.0]",
  "1783613767.5218885": "[0.7388517335015848, -0.6680251038533391, 0.08854703000913347, 0.0, -0.6695048440690914, -0.7426316731688727, -0.01616977966523698, 0.0, 0.0765596477899727, -0.04733559578304703, -0.9959407420635724, 0.0, 0.4167598820819985, 0.09329219307745087, 0.3292724462037885, 1.0]",
  "1783613767.5553007": "[0.7388583460935159, -0.6680161060897878, 0.08855973358469338, 0.0, -0.6694962746883553, -0.742639361107811, -0.016171503077857412, 0.0, 0.07657076848490393, -0.0473419617043935, -0.9959395845509964, 0.0, 0.41675877222744623, 0.09329631994569834, 0.32927697957639573, 1.0]",
  "1783613767.5885725": "[0.7388583460935159, -0.6680161060897878, 0.08855973358469338, 0.0, -0.6694962746883553, -0.742639361107811, -0.016171503077857412, 0.0, 0.07657076848490393, -0.0473419617043935, -0.9959395845509964, 0.0, 0.41675877222744623, 0.09329631994569834, 0.32927697957639573, 1.0]",
  "1783613767.6222992": "[0.7388508387096702, -0.6680255569956527, 0.08855107756919176, 0.0, -0.6695050976543561, -0.7426313325928633, -0.01617492090179906, 0.0, 0.07656606528252782, -0.04733454396100337, -0.995940298710297, 0.0, 0.41676113034122825, 0.0932900508396492, 0.3292750160916202, 1.0]",
  "1783613767.6552517": "[0.7388508387096702, -0.6680255569956527, 0.08855107756919176, 0.0, -0.6695050976543561, -0.7426313325928633, -0.01617492090179906, 0.0, 0.07656606528252782, -0.04733454396100337, -0.995940298710297, 0.0, 0.41676113034122825, 0.0932900508396492, 0.3292750160916202, 1.0]",
  "1783613767.68988": "[0.7388540614203121, -0.6680207218228587, 0.08856066360397612, 0.0, -0.6695005705933579, -0.7426353784111834, -0.016176548063350726, 0.0, 0.07657455124176608, -0.047339306578620885, -0.9959394199221037, 0.0, 0.41676042536301366, 0.09329289802330068, 0.3292782816926796, 1.0]",
  "1783613767.7219417": "[0.7388540614203121, -0.6680207218228587, 0.08856066360397612, 0.0, -0.6695005705933579, -0.7426353784111834, -0.016176548063350726, 0.0, 0.07657455124176608, -0.047339306578620885, -0.9959394199221037, 0.0, 0.41676042536301366, 0.09329289802330068, 0.3292782816926796, 1.0]",
  "1783613767.7558622": "[0.7388531242728906, -0.6680224085916266, 0.0885557585458469, 0.0, -0.6695020568910921, -0.7426340456299296, -0.016176219889729476, 0.0, 0.07657059860537434, -0.04733641189154349, -0.9959398614065256, 0.0, 0.41676137426227633, 0.09329167746714764, 0.3292766132897023, 1.0]",
  "1783613767.7886052": "[0.7388531242728906, -0.6680224085916266, 0.0885557585458469, 0.0, -0.6695020568910921, -0.7426340456299296, -0.016176219889729476, 0.0, 0.07657059860537434, -0.04733641189154349, -0.9959398614065256, 0.0, 0.41676137426227633, 0.09329167746714764, 0.3292766132897023, 1.0]",
  "1783613767.821902": "[0.7388550386137933, -0.6680200939186592, 0.08855724722413022, 0.0, -0.6695000207478005, -0.7426359433691145, -0.016173368077169438, 0.0, 0.07656992969635565, -0.04733930435875116, -0.9959397753524679, 0.0, 0.4167599761603303, 0.09329201508207335, 0.3292763575501718, 1.0]",
  "1783613767.8585973": "[0.7388550386137933, -0.6680200939186592, 0.08855724722413022, 0.0, -0.6695000207478005, -0.7426359433691145, -0.016173368077169438, 0.0, 0.07656992969635565, -0.04733930435875116, -0.9959397753524679, 0.0, 0.4167599761603303, 0.09329201508207335, 0.3292763575501718, 1.0]",
  "1783613767.8896916": "[0.7388536404821089, -0.6680220253740298, 0.08855434242042451, 0.0, -0.6695015911288148, -0.7426344618612764, -0.016176388101128626, 0.0, 0.07656968997142344, -0.04733528991346974, -0.9959399845906822, 0.0, 0.4167615714340922, 0.09329181830637528, 0.3292761590614981, 1.0]",
  "1783613767.922164": "[0.7388536404821089, -0.6680220253740298, 0.08855434242042451, 0.0, -0.6695015911288148, -0.7426344618612764, -0.016176388101128626, 0.0, 0.07656968997142344, -0.04733528991346974, -0.9959399845906822, 0.0, 0.4167615714340922, 0.09329181830637528, 0.3292761590614981, 1.0]",
  "1783613767.9554312": "[0.7388504115500352, -0.6680258694588008, 0.08855228447734653, 0.0, -0.6695054713791755, -0.7426309962369675, -0.016174894789055275, 0.0, 0.0765669193953345, -0.04733541128903673, -0.9959401918249939, 0.0, 0.41676150447023835, 0.09329185491829396, 0.32927628706428747, 1.0]",
  "1783613767.9905581": "[0.7388504115500352, -0.6680258694588008, 0.08855228447734653, 0.0, -0.6695054713791755, -0.7426309962369675, -0.016174894789055275, 0.0, 0.0765669193953345, -0.04733541128903673, -0.9959401918249939, 0.0, 0.41676150447023835, 0.09329185491829396, 0.32927628706428747, 1.0]",
  "1783613768.022167": "[0.7388534999198828, -0.6680227090160162, 0.08855035796112068, 0.0, -0.6695024993690839, -0.7426337596196646, -0.01617103619783606, 0.0, 0.07656310465680866, -0.047336659282895065, -0.9959404257751794, 0.0, 0.4167605935444905, 0.09329153136074991, 0.32927422578034826, 1.0]",
  "1783613768.0551984": "[0.7388534999198828, -0.6680227090160162, 0.08855035796112068, 0.0, -0.6695024993690839, -0.7426337596196646, -0.01617103619783606, 0.0, 0.07656310465680866, -0.047336659282895065, -0.9959404257751794, 0.0, 0.4167605935444905, 0.09329153136074991, 0.32927422578034826, 1.0]",
  "1783613768.088587": "[0.7388530748857663, -0.6680223413123942, 0.08855667811833919, 0.0, -0.6695022371115908, -0.742633940924502, -0.016173567618741273, 0.0, 0.07656949937425074, -0.047339003944419304, -0.9959398227157734, 0.0, 0.4167617319678442, 0.0932910430048004, 0.32927701007452276, 1.0]",
  "1783613768.1218634": "[0.7388530748857663, -0.6680223413123942, 0.08855667811833919, 0.0, -0.6695022371115908, -0.742633940924502, -0.016173567618741273, 0.0, 0.07656949937425074, -0.047339003944419304, -0.9959398227157734, 0.0, 0.4167617319678442, 0.0932910430048004, 0.32927701007452276, 1.0]",
  "1783613768.1552846": "[0.7388500350897274, -0.6680263439831274, 0.0885518457879057, 0.0, -0.669506127044157, -0.7426304616981707, -0.016172297557725902, 0.0, 0.0765648189329925, -0.047337100698064884, -0.9959402730080054, 0.0, 0.4167605480599103, 0.09329077406419639, 0.32927559432577486, 1.0]",
  "1783613768.188649": "[0.7388500350897274, -0.6680263439831274, 0.0885518457879057, 0.0, -0.669506127044157, -0.7426304616981707, -0.016172297557725902, 0.0, 0.0765648189329925, -0.047337100698064884, -0.9959402730080054, 0.0, 0.4167605480599103, 0.09329077406419639, 0.32927559432577486, 1.0]",
  "1783613768.2218955": "[0.7388476370561337, -0.6680283938554358, 0.08855639005455523, 0.0, -0.6695082916047909, -0.742628478286774, -0.01617376610145441, 0.0, 0.07656903218013245, -0.04733928854975458, -0.9959398451064205, 0.0, 0.4167613130269802, 0.09329018385702464, 0.3292777069818188, 1.0]",
  "1783613768.2552068": "[0.7388476370561337, -0.6680283938554358, 0.08855639005455523, 0.0, -0.6695082916047909, -0.742628478286774, -0.01617376610145441, 0.0, 0.07656903218013245, -0.04733928854975458, -0.9959398451064205, 0.0, 0.4167613130269802, 0.09329018385702464, 0.3292777069818188, 1.0]",
  "1783613768.2885242": "[0.7388480205738955, -0.6680286225035144, 0.08855146531872539, 0.0, -0.6695082996656239, -0.7426284748486927, -0.016173590286310026, 0.0, 0.07656526087516187, -0.04733611580982596, -0.9959402858440645, 0.0, 0.41676097116328575, 0.09329073984547584, 0.32927450330195734, 1.0]",
  "1783613768.3218672": "[0.7388480205738955, -0.6680286225035144, 0.08855146531872539, 0.0, -0.6695082996656239, -0.7426284748486927, -0.016173590286310026, 0.0, 0.07656526087516187, -0.04733611580982596, -0.9959402858440645, 0.0, 0.41676097116328575, 0.09329073984547584, 0.32927450330195734, 1.0]",
  "1783613768.355233": "[0.7388477888421672, -0.6680281524912564, 0.08855694440392085, 0.0, -0.669507828359974, -0.7426288259065412, -0.016176980477953, 0.0, 0.07657161803012864, -0.04733724127778552, -0.9959397436092494, 0.0, 0.41676194862296767, 0.09328938965710434, 0.32927684912629407, 1.0]",
  "1783613768.388608": "[0.7388477888421672, -0.6680281524912564, 0.08855694440392085, 0.0, -0.669507828359974, -0.7426288259065412, -0.016176980477953, 0.0, 0.07657161803012864, -0.04733724127778552, -0.9959397436092494, 0.0, 0.41676194862296767, 0.09328938965710434, 0.32927684912629407, 1.0]",
  "1783613768.421905": "[0.7388502746152037, -0.6680258439277771, 0.08855361960766617, 0.0, -0.6695054016392861, -0.7426310285512094, -0.01617629774674877, 0.0, 0.07656885056507251, -0.04733526462960046, -0.9959400503271219, 0.0, 0.41676114359659544, 0.09329008565465091, 0.32927607528637864, 1.0]",
  "1783613768.455271": "[0.7388502746152037, -0.6680258439277771, 0.08855361960766617, 0.0, -0.6695054016392861, -0.7426310285512094, -0.01617629774674877, 0.0, 0.07656885056507251, -0.04733526462960046, -0.9959400503271219, 0.0, 0.41676114359659544, 0.09329008565465091, 0.32927607528637864, 1.0]",
  "1783613768.488545": "[0.7388528689644738, -0.6680229382370751, 0.0885538932632034, 0.0, -0.6695026303863233, -0.7426335655106002, -0.016174525736693583, 0.0, 0.07656804770111511, -0.04733646972596862, -0.9959400547749457, 0.0, 0.41676195510440844, 0.09329203064306069, 0.32927689553974665, 1.0]",
  "1783613768.5218766": "[0.7388528689644738, -0.6680229382370751, 0.0885538932632034, 0.0, -0.6695026303863233, -0.7426335655106002, -0.016174525736693583, 0.0, 0.07656804770111511, -0.04733646972596862, -0.9959400547749457, 0.0, 0.41676195510440844, 0.09329203064306069, 0.32927689553974665, 1.0]",
  "1783613768.5552585": "[0.7388535914184025, -0.668021917521097, 0.08855556537883412, 0.0, -0.6695016414635434, -0.7426344449041082, -0.01617508329460364, 0.0, 0.07656972329680455, -0.047337077998151886, -0.9959398970424103, 0.0, 0.416760921177553, 0.09329308447316327, 0.3292764488910938, 1.0]",
  "1783613768.5885406": "[0.7388535914184025, -0.668021917521097, 0.08855556537883412, 0.0, -0.6695016414635434, -0.7426344449041082, -0.01617508329460364, 0.0, 0.07656972329680455, -0.047337077998151886, -0.9959398970424103, 0.0, 0.416760921177553, 0.09329308447316327, 0.3292764488910938, 1.0]",
  "1783613768.6218715": "[0.7388508337659192, -0.6680252590878086, 0.0885533661927781, 0.0, -0.6695049074981332, -0.7426315040089773, -0.016174921615934097, 0.0, 0.07656777572400983, -0.04733605891951289, -0.9959400952098711, 0.0, 0.41676225404713496, 0.09328962724407452, 0.3292759334232601, 1.0]",
  "1783613768.6585577": "[0.7388508337659192, -0.6680252590878086, 0.0885533661927781, 0.0, -0.6695049074981332, -0.7426315040089773, -0.016174921615934097, 0.0, 0.07656777572400983, -0.04733605891951289, -0.9959400952098711, 0.0, 0.41676225404713496, 0.09328962724407452, 0.3292759334232601, 1.0]",
  "1783613768.6893187": "[0.7388524161523462, -0.6680236542633805, 0.08855226982093539, 0.0, -0.6695034231885432, -0.7426328934611084, -0.016172565918994956, 0.0, 0.07656548494369247, -0.04733690837159927, -0.9959402309482008, 0.0, 0.41676005834551677, 0.09329188225520094, 0.3292745011056538, 1.0]",
  "1783613768.722587": "[0.7388524161523462, -0.6680236542633805, 0.08855226982093539, 0.0, -0.6695034231885432, -0.7426328934611084, -0.016172565918994956, 0.0, 0.07656548494369247, -0.04733690837159927, -0.9959402309482008, 0.0, 0.41676005834551677, 0.09329188225520094, 0.3292745011056538, 1.0]",
  "1783613768.7552106": "[0.7388545578956978, -0.668020645839902, 0.08855709462484224, 0.0, -0.6695001998429965, -0.742635677552963, -0.016178159216655406, 0.0, 0.07657300233725248, -0.04733568587325889, -0.9959397111050283, 0.0, 0.41676241702519423, 0.09329287736779801, 0.32927758347387626, 1.0]",
  "1783613768.7885268": "[0.7388545578956978, -0.668020645839902, 0.08855709462484224, 0.0, -0.6695001998429965, -0.742635677552963, -0.016178159216655406, 0.0, 0.07657300233725248, -0.04733568587325889, -0.9959397111050283, 0.0, 0.41676241702519423, 0.09329287736779801, 0.32927758347387626, 1.0]",
  "1783613768.8218691": "[0.7388513871282312, -0.6680238850797704, 0.08855911416459752, 0.0, -0.6695034303245648, -0.7426327306834264, -0.01617974354920045, 0.0, 0.0765753519242916, -0.047336204754997, -0.9959395057919249, 0.0, 0.4167621772448245, 0.09329119295063934, 0.3292782457812371, 1.0]",
  "1783613768.8552096": "[0.7388513871282312, -0.6680238850797704, 0.08855911416459752, 0.0, -0.6695034303245648, -0.7426327306834264, -0.01617974354920045, 0.0, 0.0765753519242916, -0.047336204754997, -0.9959395057919249, 0.0, 0.4167621772448245, 0.09329119295063934, 0.3292782457812371, 1.0]",
  "1783613768.8885293": "[0.7388530708692698, -0.6680229975674719, 0.08855176106672985, 0.0, -0.6695028457436767, -0.7426334443280311, -0.016171175176944993, 0.0, 0.07656421623818993, -0.04733753359073904, -0.9959402987656325, 0.0, 0.4167604931731431, 0.09329146814355607, 0.32927493222709386, 1.0]",
  "1783613768.9218628": "[0.7388530708692698, -0.6680229975674719, 0.08855176106672985, 0.0, -0.6695028457436767, -0.7426334443280311, -0.016171175176944993, 0.0, 0.07656421623818993, -0.04733753359073904, -0.9959402987656325, 0.0, 0.4167604931731431, 0.09329146814355607, 0.32927493222709386, 1.0]",
  "1783613768.9551897": "[0.7388507714303049, -0.6680252357965637, 0.08855406199485677, 0.0, -0.6695049298321942, -0.7426314874166475, -0.016174758969646853, 0.0, 0.07656818195067744, -0.047336647919799545, -0.995940035984338, 0.0, 0.41676191854533, 0.09329123542619593, 0.32927587990396084, 1.0]",
  "1783613768.9885576": "[0.7388507714303049, -0.6680252357965637, 0.08855406199485677, 0.0, -0.6695049298321942, -0.7426314874166475, -0.016174758969646853, 0.0, 0.07656818195067744, -0.047336647919799545, -0.995940035984338, 0.0, 0.41676191854533, 0.09329123542619593, 0.32927587990396084, 1.0]",
  "1783613769.0218515": "[0.7388546012971269, -0.6680210195001869, 0.08855391379264196, 0.0, -0.6695008066135012, -0.7426352390886148, -0.01617317555915085, 0.0, 0.0765672781672107, -0.04733729153349141, -0.9959400748761635, 0.0, 0.41676063897828675, 0.09329225083612887, 0.32927515737243546, 1.0]",
  "1783613769.0551884": "[0.7388546012971269, -0.6680210195001869, 0.08855391379264196, 0.0, -0.6695008066135012, -0.7426352390886148, -0.01617317555915085, 0.0, 0.0765672781672107, -0.04733729153349141, -0.9959400748761635, 0.0, 0.41676063897828675, 0.09329225083612887, 0.32927515737243546, 1.0]",
  "1783613769.0885363": "[0.7388515556884581, -0.6680238108903052, 0.0885582674872262, 0.0, -0.6695034916970548, -0.7426327253338356, -0.016177449387714968, 0.0, 0.07657318892534795, -0.047337335654155197, -0.9959396183458962, 0.0, 0.4167619243368778, 0.0932919437433398, 0.3292773696585416, 1.0]",
  "1783613769.1218655": "[0.7388515556884581, -0.6680238108903052, 0.0885582674872262, 0.0, -0.6695034916970548, -0.7426327253338356, -0.016177449387714968, 0.0, 0.07657318892534795, -0.047337335654155197, -0.9959396183458962, 0.0, 0.4167619243368778, 0.0932919437433398, 0.3292773696585416, 1.0]",
  "1783613769.1552403": "[0.7388500097875966, -0.668025764499781, 0.08855642834572494, 0.0, -0.6695055034478105, -0.7426309502144695, -0.016175680407559227, 0.0, 0.07657051580054919, -0.047337614515698366, -0.9959398106120672, 0.0, 0.4167613010540379, 0.09329173308742696, 0.32927658548528116, 1.0]",
  "1783613769.188533": "[0.7388500097875966, -0.668025764499781, 0.08855642834572494, 0.0, -0.6695055034478105, -0.7426309502144695, -0.016175680407559227, 0.0, 0.07657051580054919, -0.047337614515698366, -0.9959398106120672, 0.0, 0.4167613010540379, 0.09329173308742696, 0.32927658548528116, 1.0]",
  "1783613769.22186": "[0.7388539277128487, -0.6680223627883379, 0.0885494004383027, 0.0, -0.6695020656068353, -0.7426341393306235, -0.016171556784836498, 0.0, 0.07656276935611389, -0.047335588253982645, -0.995940502456433, 0.0, 0.41676008852197355, 0.09329345731504166, 0.3292741961979625, 1.0]",
  "1783613769.2552052": "[0.7388539277128487, -0.6680223627883379, 0.0885494004383027, 0.0, -0.6695020656068353, -0.7426341393306235, -0.016171556784836498, 0.0, 0.07656276935611389, -0.047335588253982645, -0.995940502456433, 0.0, 0.41676008852197355, 0.09329345731504166, 0.3292741961979625, 1.0]",
  "1783613769.2885396": "[0.7388549931206994, -0.6680200444240908, 0.08855800013690002, 0.0, -0.6694999828667155, -0.7426359706916164, -0.016173681596602013, 0.0, 0.07657069989283821, -0.04733957416957138, -0.9959397033130895, 0.0, 0.41676072436907846, 0.09329150075755849, 0.3292767566355709, 1.0]",
  "1783613769.3225784": "[0.7388549931206994, -0.6680200444240908, 0.08855800013690002, 0.0, -0.6694999828667155, -0.7426359706916164, -0.016173681596602013, 0.0, 0.07657069989283821, -0.04733957416957138, -0.9959397033130895, 0.0, 0.41676072436907846, 0.09329150075755849, 0.3292767566355709, 1.0]",
  "1783613769.3552537": "[0.7388564864310394, -0.668018584284529, 0.08855655542800288, 0.0, -0.6694984085053484, -0.7426373793166168, -0.016174172329783965, 0.0, 0.07657005594607504, -0.04733808078324926, -0.9959398238047186, 0.0, 0.41676054358782466, 0.09329369475750338, 0.32927613342154194, 1.0]",
  "1783613769.3885422": "[0.7388564864310394, -0.668018584284529, 0.08855655542800288, 0.0, -0.6694984085053484, -0.7426373793166168, -0.016174172329783965, 0.0, 0.07657005594607504, -0.04733808078324926, -0.9959398238047186, 0.0, 0.41676054358782466, 0.09329369475750338, 0.32927613342154194, 1.0]",
  "1783613769.4218695": "[0.7388483609033945, -0.6680278908894081, 0.08855414492962223, 0.0, -0.6695073881850094, -0.7426292104162455, -0.01617754623640165, 0.0, 0.07656994682024039, -0.04733490076458394, -0.9959399833391331, 0.0, 0.4167614439723963, 0.09329104618508507, 0.32927664160162545, 1.0]",
  "1783613769.4552464": "[0.7388483609033945, -0.6680278908894081, 0.08855414492962223, 0.0, -0.6695073881850094, -0.7426292104162455, -0.01617754623640165, 0.0, 0.07656994682024039, -0.04733490076458394, -0.9959399833391331, 0.0, 0.4167614439723963, 0.09329104618508507, 0.32927664160162545, 1.0]",
  "1783613769.4890206": "[0.7388461221378564, -0.6680303067562756, 0.08855459929878316, 0.0, -0.6695100121036355, -0.7426268941436305, -0.016175283230138927, 0.0, 0.0765686064574884, -0.047337145559291256, -0.9959399796952912, 0.0, 0.41676127878193603, 0.09329091689848473, 0.32927654086430613, 1.0]",
  "1783613769.5226047": "[0.7388461221378564, -0.6680303067562756, 0.08855459929878316, 0.0, -0.6695100121036355, -0.7426268941436305, -0.016175283230138927, 0.0, 0.0765686064574884, -0.047337145559291256, -0.9959399796952912, 0.0, 0.41676127878193603, 0.09329091689848473, 0.32927654086430613, 1.0]",
  "1783613769.5552242": "[0.7388547100507575, -0.6680202195206177, 0.0885590410259548, 0.0, -0.6695000142522098, -0.742635887343744, -0.01617620924262342, 0.0, 0.07657315686388969, -0.04733841083935986, -0.995939569706467, 0.0, 0.4167614466988502, 0.0932917764109514, 0.32927740009570355, 1.0]",
  "1783613769.5886009": "[0.7388547100507575, -0.6680202195206177, 0.0885590410259548, 0.0, -0.6695000142522098, -0.742635887343744, -0.01617620924262342, 0.0, 0.07657315686388969, -0.04733841083935986, -0.995939569706467, 0.0, 0.4167614466988502, 0.0932917764109514, 0.32927740009570355, 1.0]",
  "1783613769.6218913": "[0.7388496538026446, -0.6680269498235359, 0.08855045671918037, 0.0, -0.6695065429620018, -0.7426300508521262, -0.01617394517234954, 0.0, 0.07656486143644166, -0.0473349963645514, -0.9959403697573399, 0.0, 0.41676062596935487, 0.09329303179586373, 0.3292756227177883, 1.0]",
  "1783613769.6552546": "[0.7388496538026446, -0.6680269498235359, 0.08855045671918037, 0.0, -0.6695065429620018, -0.7426300508521262, -0.01617394517234954, 0.0, 0.07656486143644166, -0.0473349963645514, -0.9959403697573399, 0.0, 0.41676062596935487, 0.09329303179586373, 0.3292756227177883, 1.0]",
  "1783613769.6890361": "[0.7388558645959904, -0.6680192777113105, 0.08855651279364177, 0.0, -0.6694990911813521, -0.7426367603999595, -0.016174331825355534, 0.0, 0.07657008723682476, -0.047338004908447445, -0.9959398250054232, 0.0, 0.4167619923311503, 0.09329273541646842, 0.32927695258348083, 1.0]",
  "1783613769.7218678": "[0.7388558645959904, -0.6680192777113105, 0.08855651279364177, 0.0, -0.6694990911813521, -0.7426367603999595, -0.016174331825355534, 0.0, 0.07657008723682476, -0.047338004908447445, -0.9959398250054232, 0.0, 0.4167619923311503, 0.09329273541646842, 0.32927695258348083, 1.0]",
  "1783613769.755244": "[0.7388520561926936, -0.6680238509441524, 0.08855378947043295, 0.0, -0.6695037230359403, -0.7426326315142087, -0.01617218140191956, 0.0, 0.07656633660326055, -0.047338242257466204, -0.99594010207398, 0.0, 0.41676088579145687, 0.09329163088408432, 0.32927618414477006, 1.0]",
  "1783613769.7885723": "[0.7388520561926936, -0.6680238509441524, 0.08855378947043295, 0.0, -0.6695037230359403, -0.7426326315142087, -0.01617218140191956, 0.0, 0.07656633660326055, -0.047338242257466204, -0.99594010207398, 0.0, 0.41676088579145687, 0.09329163088408432, 0.32927618414477006, 1.0]",
  "1783613769.8218973": "[0.7388525538165263, -0.6680235357146607, 0.08855201550546853, 0.0, -0.6695034173215635, -0.7426329342819968, -0.016170934248195025, 0.0, 0.07656420778369953, -0.04733794092474524, -0.9959402800547128, 0.0, 0.4167603098189256, 0.09329145328644396, 0.3292755163667901, 1.0]",
  "1783613769.8552308": "[0.7388525538165263, -0.6680235357146607, 0.08855201550546853, 0.0, -0.6695034173215635, -0.7426329342819968, -0.016170934248195025, 0.0, 0.07656420778369953, -0.04733794092474524, -0.9959402800547128, 0.0, 0.4167603098189256, 0.09329145328644396, 0.3292755163667901, 1.0]",
  "1783613769.8886328": "[0.7388509614554066, -0.6680253559131438, 0.08855157036178751, 0.0, -0.6695052568014687, -0.7426312847847738, -0.01617052794794665, 0.0, 0.07656348915521408, -0.04733813173365998, -0.9959403262306159, 0.0, 0.4167608217482306, 0.093290733966707, 0.3292750012996805, 1.0]",
  "1783613769.921892": "[0.7388509614554066, -0.6680253559131438, 0.08855157036178751, 0.0, -0.6695052568014687, -0.7426312847847738, -0.01617052794794665, 0.0, 0.07656348915521408, -0.04733813173365998, -0.9959403262306159, 0.0, 0.4167608217482306, 0.093290733966707, 0.3292750012996805, 1.0]",
  "1783613769.9552557": "[0.7388501551281457, -0.6680257331831798, 0.08855545196197767, 0.0, -0.6695055663335356, -0.7426309334682659, -0.016173846310137262, 0.0, 0.07656856349394917, -0.04733831916246236, -0.9959399272161682, 0.0, 0.4167611780223638, 0.09329098859149271, 0.3292766932269772, 1.0]",
  "1783613769.988884": "[0.7388501551281457, -0.6680257331831798, 0.08855545196197767, 0.0, -0.6695055663335356, -0.7426309334682659, -0.016173846310137262, 0.0, 0.07656856349394917, -0.04733831916246236, -0.9959399272161682, 0.0, 0.4167611780223638, 0.09329098859149271, 0.3292766932269772, 1.0]",
  "1783613770.0219278": "[0.738853308856789, -0.6680224874491535, 0.08855362360524896, 0.0, -0.6695020555759751, -0.7426340528825637, -0.016175941356285847, 0.0, 0.07656882897706077, -0.047335185237450186, -0.9959400557601938, 0.0, 0.416761456697728, 0.09329287608261441, 0.32927648008073696, 1.0]",
  "1783613770.0553372": "[0.738853308856789, -0.6680224874491535, 0.08855362360524896, 0.0, -0.6695020555759751, -0.7426340528825637, -0.016175941356285847, 0.0, 0.07656882897706077, -0.047335185237450186, -0.9959400557601938, 0.0, 0.416761456697728, 0.09329287608261441, 0.32927648008073696, 1.0]",
  "1783613770.088616": "[0.738848171917317, -0.6680283048457342, 0.0885525989419492, 0.0, -0.6695077830456077, -0.7426288693496628, -0.01617686155586926, 0.0, 0.07656831783312532, -0.04733440961263768, -0.9959401319210051, 0.0, 0.4167616615730202, 0.09329100199974986, 0.3292762411289231, 1.0]",
  "1783613770.1220407": "[0.738848171917317, -0.6680283048457342, 0.0885525989419492, 0.0, -0.6695077830456077, -0.7426288693496628, -0.01617686155586926, 0.0, 0.07656831783312532, -0.04733440961263768, -0.9959401319210051, 0.0, 0.4167616615730202, 0.09329100199974986, 0.3292762411289231, 1.0]",
  "1783613770.1552963": "[0.7388569120688628, -0.6680174722606953, 0.08856139250540199, 0.0, -0.6694971386224127, -0.7426384155517012, -0.016179157062740465, 0.0, 0.0765770518136247, -0.04733751684752946, -0.9959393127265554, 0.0, 0.4167619864814181, 0.09329345443176229, 0.3292794157861701, 1.0]",
  "1783613770.1886647": "[0.7388569120688628, -0.6680174722606953, 0.08856139250540199, 0.0, -0.6694971386224127, -0.7426384155517012, -0.016179157062740465, 0.0, 0.0765770518136247, -0.04733751684752946, -0.9959393127265554, 0.0, 0.4167619864814181, 0.09329345443176229, 0.3292794157861701, 1.0]",
  "1783613770.2219431": "[0.7388466368744335, -0.6680297323310126, 0.08855463794231618, 0.0, -0.6695093067770138, -0.7426274932475809, -0.016176971650376744, 0.0, 0.07656980683207691, -0.04733585316195562, -0.9959399488358365, 0.0, 0.41676158507377503, 0.0932902523258029, 0.3292766842707623, 1.0]",
  "1783613770.2552757": "[0.7388466368744335, -0.6680297323310126, 0.08855463794231618, 0.0, -0.6695093067770138, -0.7426274932475809, -0.016176971650376744, 0.0, 0.07656980683207691, -0.04733585316195562, -0.9959399488358365, 0.0, 0.41676158507377503, 0.0932902523258029, 0.3292766842707623, 1.0]",
  "1783613770.288647": "[0.7388511047625442, -0.6680246937482787, 0.08855536987493433, 0.0, -0.669504392766152, -0.7426319560937338, -0.016175470788238458, 0.0, 0.07656966147237378, -0.04733694467235565, -0.9959399081325604, 0.0, 0.41676152210796324, 0.09329182320534021, 0.32927618058509983, 1.0]",
  "1783613770.3220673": "[0.7388511047625442, -0.6680246937482787, 0.08855536987493433, 0.0, -0.669504392766152, -0.7426319560937338, -0.016175470788238458, 0.0, 0.07656966147237378, -0.04733694467235565, -0.9959399081325604, 0.0, 0.41676152210796324, 0.09329182320534021, 0.32927618058509983, 1.0]",
  "1783613770.3566713": "[0.7388512354041994, -0.6680242636926957, 0.08855752401416883, 0.0, -0.669503943515504, -0.7426323271350377, -0.016177030357509347, 0.0, 0.07657232893726873, -0.04733719269063795, -0.9959396912611187, 0.0, 0.4167624783483444, 0.0932928355416037, 0.3292784393689327, 1.0]",
  "1783613770.3889928": "[0.7388512354041994, -0.6680242636926957, 0.08855752401416883, 0.0, -0.669503943515504, -0.7426323271350377, -0.016177030357509347, 0.0, 0.07657232893726873, -0.04733719269063795, -0.9959396912611187, 0.0, 0.4167624783483444, 0.0932928355416037, 0.3292784393689327, 1.0]",
  "1783613770.4225712": "[0.7388520918144555, -0.6680238871338583, 0.08855321925245573, 0.0, -0.6695034161802683, -0.742632818634726, -0.016176291589627856, 0.0, 0.07656867599974403, -0.04733479592448228, -0.9959400860244727, 0.0, 0.4167609717206048, 0.0932915279535107, 0.32927545539513997, 1.0]",
  "1783613770.4554455": "[0.7388520918144555, -0.6680238871338583, 0.08855321925245573, 0.0, -0.6695034161802683, -0.742632818634726, -0.016176291589627856, 0.0, 0.07656867599974403, -0.04733479592448228, -0.9959400860244727, 0.0, 0.4167609717206048, 0.0932915279535107, 0.32927545539513997, 1.0]",
  "1783613770.4893355": "[0.7388551535559985, -0.6680211042259753, 0.08854866668928829, 0.0, -0.6695008113054691, -0.7426352830706431, -0.01617096162584899, 0.0, 0.07656190779402314, -0.04733540585328127, -0.9959405773577283, 0.0, 0.4167608994302158, 0.09329165789317038, 0.3292744563867174, 1.0]",
  "1783613770.5218673": "[0.7388551535559985, -0.6680211042259753, 0.08854866668928829, 0.0, -0.6695008113054691, -0.7426352830706431, -0.01617096162584899, 0.0, 0.07656190779402314, -0.04733540585328127, -0.9959405773577283, 0.0, 0.4167608994302158, 0.09329165789317038, 0.3292744563867174, 1.0]",
  "1783613770.5552757": "[0.7388484022685319, -0.6680275166383024, 0.08855662301206121, 0.0, -0.6695072086834656, -0.7426293944230733, -0.016176528048203867, 0.0, 0.07657111717947088, -0.04733729558057152, -0.9959397795353924, 0.0, 0.4167613744554974, 0.09329103393814289, 0.3292771920003121, 1.0]",
  "1783613770.5885844": "[0.7388484022685319, -0.6680275166383024, 0.08855662301206121, 0.0, -0.6695072086834656, -0.7426293944230733, -0.016176528048203867, 0.0, 0.07657111717947088, -0.04733729558057152, -0.9959397795353924, 0.0, 0.4167613744554974, 0.09329103393814289, 0.3292771920003121, 1.0]",
  "1783613770.621869": "[0.7388523607367112, -0.6680228797898273, 0.08855857446399384, 0.0, -0.6695025077037378, -0.7426335946377696, -0.016178266093495937, 0.0, 0.07657402439597558, -0.0473368375865059, -0.9959395777832678, 0.0, 0.4167621622625374, 0.09329128893980251, 0.3292775191517362, 1.0]",
  "1783613770.6552382": "[0.7388523607367112, -0.6680228797898273, 0.08855857446399384, 0.0, -0.6695025077037378, -0.7426335946377696, -0.016178266093495937, 0.0, 0.07657402439597558, -0.0473368375865059, -0.9959395777832678, 0.0, 0.4167621622625374, 0.09329128893980251, 0.3292775191517362, 1.0]",
  "1783613770.6886425": "[0.7388479298477159, -0.668028595496987, 0.0885524260428123, 0.0, -0.6695083811808221, -0.7426284191395489, -0.016172773878632356, 0.0, 0.07656542358257865, -0.04733737090943501, -0.9959402136810236, 0.0, 0.4167609437314221, 0.09329004719082507, 0.32927512685824756, 1.0]",
  "1783613770.7220278": "[0.7388479298477159, -0.668028595496987, 0.0885524260428123, 0.0, -0.6695083811808221, -0.7426284191395489, -0.016172773878632356, 0.0, 0.07656542358257865, -0.04733737090943501, -0.9959402136810236, 0.0, 0.4167609437314221, 0.09329004719082507, 0.32927512685824756, 1.0]",
  "1783613770.755354": "[0.738850184088387, -0.6680256602094533, 0.08855576081927574, 0.0, -0.6695055291673208, -0.7426309730442149, -0.01617356762712715, 0.0, 0.07656860901794332, -0.047338728089455, -0.9959399042793351, 0.0, 0.41676055819110475, 0.0932922074460216, 0.32927590328154965, 1.0]",
  "1783613770.7893836": "[0.738850184088387, -0.6680256602094533, 0.08855576081927574, 0.0, -0.6695055291673208, -0.7426309730442149, -0.01617356762712715, 0.0, 0.07656860901794332, -0.047338728089455, -0.9959399042793351, 0.0, 0.41676055819110475, 0.0932922074460216, 0.32927590328154965, 1.0]",
  "1783613770.8243024": "[0.7388523592378569, -0.6680231577722793, 0.08855649004226414, 0.0, -0.6695026862243603, -0.7426334333267433, -0.01617828308874284, 0.0, 0.07657247799972801, -0.04733544533736108, -0.9959397628509945, 0.0, 0.41676233990814315, 0.09329212219484873, 0.3292775432763149, 1.0]",
  "1783613770.8585856": "[0.7388523592378569, -0.6680231577722793, 0.08855649004226414, 0.0, -0.6695026862243603, -0.7426334333267433, -0.01617828308874284, 0.0, 0.07657247799972801, -0.04733544533736108, -0.9959397628509945, 0.0, 0.41676233990814315, 0.09329212219484873, 0.3292775432763149, 1.0]",
  "1783613770.8886552": "[0.7388502265366526, -0.6680261883299919, 0.08855142264266293, 0.0, -0.6695063101906952, -0.7426303984974321, -0.016167617090536296, 0.0, 0.07656136990400507, -0.04734028868572543, -0.9959403866223997, 0.0, 0.4167597309593646, 0.09329011560534779, 0.32927379392040634, 1.0]",
  "1783613770.9219844": "[0.7388502265366526, -0.6680261883299919, 0.08855142264266293, 0.0, -0.6695063101906952, -0.7426303984974321, -0.016167617090536296, 0.0, 0.07656136990400507, -0.04734028868572543, -0.9959403866223997, 0.0, 0.4167597309593646, 0.09329011560534779, 0.32927379392040634, 1.0]",
  "1783613770.957309": "[0.7388480424730468, -0.6680283810628328, 0.08855310400159527, 0.0, -0.6695082770645205, -0.7426285353901454, -0.016171745928775287, 0.0, 0.07656524718071514, -0.04733857326597626, -0.9959401700932129, 0.0, 0.4167600862341768, 0.09329070855109588, 0.32927532938634924, 1.0]",
  "1783613770.9885652": "[0.7388480424730468, -0.6680283810628328, 0.08855310400159527, 0.0, -0.6695082770645205, -0.7426285353901454, -0.016171745928775287, 0.0, 0.07656524718071514, -0.04733857326597626, -0.9959401700932129, 0.0, 0.4167600862341768, 0.09329070855109588, 0.32927532938634924, 1.0]",
  "1783613771.0224009": "[0.7388468358932767, -0.6680291957849336, 0.08855702495809292, 0.0, -0.6695088429353224, -0.7426279004874912, -0.01617747350318826, 0.0, 0.07657194213221383, -0.047337036202909306, -0.995939728438235, 0.0, 0.41676314255971614, 0.09328952393670761, 0.3292775859716499, 1.0]",
  "1783613771.0558379": "[0.7388468358932767, -0.6680291957849336, 0.08855702495809292, 0.0, -0.6695088429353224, -0.7426279004874912, -0.01617747350318826, 0.0, 0.07657194213221383, -0.047337036202909306, -0.995939728438235, 0.0, 0.41676314255971614, 0.09328952393670761, 0.3292775859716499, 1.0]",
  "1783613771.0917926": "[0.7388558733287851, -0.6680199684701777, 0.08855122908611145, 0.0, -0.6694999034334177, -0.7426361330543958, -0.01616951405140349, 0.0, 0.07656290061252037, -0.04733809889631027, -0.9959403730357961, 0.0, 0.41676034864688916, 0.09329146766037391, 0.32927479667042286, 1.0]",
  "1783613771.1241589": "[0.7388558733287851, -0.6680199684701777, 0.08855122908611145, 0.0, -0.6694999034334177, -0.7426361330543958, -0.01616951405140349, 0.0, 0.07656290061252037, -0.04733809889631027, -0.9959403730357961, 0.0, 0.41676034864688916, 0.09329146766037391, 0.32927479667042286, 1.0]",
  "1783613771.1552339": "[0.7388560886832685, -0.6680189859432337, 0.0885568440891827, 0.0, -0.6694986820155215, -0.7426370919500846, -0.01617604523365145, 0.0, 0.07657150250022339, -0.04733692088946251, -0.9959397677196966, 0.0, 0.4167624838100372, 0.09329291317875597, 0.3292769427198673, 1.0]",
  "1783613771.1894512": "[0.7388560886832685, -0.6680189859432337, 0.0885568440891827, 0.0, -0.6694986820155215, -0.7426370919500846, -0.01617604523365145, 0.0, 0.07657150250022339, -0.04733692088946251, -0.9959397677196966, 0.0, 0.4167624838100372, 0.09329291317875597, 0.3292769427198673, 1.0]",
  "1783613771.222097": "[0.738851625655679, -0.6680239426784317, 0.0885566896079773, 0.0, -0.6695036125485218, -0.7426326344504879, -0.016176619968542805, 0.0, 0.07657145715238295, -0.04733690164650696, -0.9959397721208192, 0.0, 0.4167614333478181, 0.0932917898865496, 0.32927680551303434, 1.0]",
