{
  "1783614079.7425828": "[0.7203652866264533, -0.6863868628914996, 0.09973428835437442, 0.0, -0.6876609158027268, -0.725549166639031, -0.026473980939073792, 0.0, 0.0905335225258734, -0.04951243519938319, -0.9946618521184392, 0.0, 0.4198144581961266, 0.09525281087045466, 0.3355566785674058, 1.0]",
  "1783614079.7763124": "[0.7203652866264533, -0.6863868628914996, 0.09973428835437442, 0.0, -0.6876609158027268, -0.725549166639031, -0.026473980939073792, 0.0, 0.0905335225258734, -0.04951243519938319, -0.9946618521184392, 0.0, 0.4198144581961266, 0.09525281087045466, 0.3355566785674058, 1.0]",
  "1783614079.8087168": "[0.7203619114942375, -0.6863920246172617, 0.0997231417986053, 0.0, -0.6876663811855186, -0.7255443174666858, -0.026464912223811005, 0.0, 0.09051886353452236, -0.04951193728402553, -0.9946632110472373, 0.0, 0.41981412280828295, 0.09524804043838016, 0.33555166776469947, 1.0]",
  "1783614079.8425784": "[0.7203619114942375, -0.6863920246172617, 0.0997231417986053, 0.0, -0.6876663811855186, -0.7255443174666858, -0.026464912223811005, 0.0, 0.09051886353452236, -0.04951193728402553, -0.9946632110472373, 0.0, 0.41981412280828295, 0.09524804043838016, 0.33555166776469947, 1.0]",
  "1783614079.8763413": "[0.7203612885552098, -0.6863919445312912, 0.09972819277230788, 0.0, -0.6876661618489044, -0.7255443682624416, -0.02646921855005719, 0.0, 0.09052548701373661, -0.04951230317009194, -0.9946625900453472, 0.0, 0.4198147168264642, 0.09524846983782223, 0.3355542009997325, 1.0]",
  "1783614079.908808": "[0.7203612885552098, -0.6863919445312912, 0.09972819277230788, 0.0, -0.6876661618489044, -0.7255443682624416, -0.02646921855005719, 0.0, 0.09052548701373661, -0.04951230317009194, -0.9946625900453472, 0.0, 0.4198147168264642, 0.09524846983782223, 0.3355542009997325, 1.0]",
  "1783614079.9421344": "[0.7203569264377525, -0.6863963658360381, 0.09972927103029527, 0.0, -0.6876704613023885, -0.7255402099756112, -0.026471500915248088, 0.0, 0.09052753827048673, -0.04951194477725183, -0.9946624211957844, 0.0, 0.4198141680558648, 0.09524864042849226, 0.33555462818106085, 1.0]",
  "1783614079.9754782": "[0.7203569264377525, -0.6863963658360381, 0.09972927103029527, 0.0, -0.6876704613023885, -0.7255402099756112, -0.026471500915248088, 0.0, 0.09052753827048673, -0.04951194477725183, -0.9946624211957844, 0.0, 0.4198141680558648, 0.09524864042849226, 0.33555462818106085, 1.0]",
  "1783614080.0087597": "[0.7203589963814165, -0.6863941861504055, 0.09972932142194152, 0.0, -0.6876679140083108, -0.72554248220539, -0.026475395345499794, 0.0, 0.09053041685431915, -0.04950886520780541, -0.9946623124910381, 0.0, 0.4198149908920631, 0.09524928123387837, 0.3355550168871281, 1.0]",
  "1783614080.0420835": "[0.7203589963814165, -0.6863941861504055, 0.09972932142194152, 0.0, -0.6876679140083108, -0.72554248220539, -0.026475395345499794, 0.0, 0.09053041685431915, -0.04950886520780541, -0.9946623124910381, 0.0, 0.4198149908920631, 0.09524928123387837, 0.3355550168871281, 1.0]",
  "1783614080.0753672": "[0.7203560939141013, -0.686398435704079, 0.0997210380201292, 0.0, -0.6876725390720698, -0.7255384033085484, -0.02646704234808752, 0.0, 0.09051837916683643, -0.04950972417087721, -0.9946633652877406, 0.0, 0.4198144297748572, 0.09524868201480988, 0.33555163663709364, 1.0]",
  "1783614080.108722": "[0.7203560939141013, -0.686398435704079, 0.0997210380201292, 0.0, -0.6876725390720698, -0.7255384033085484, -0.02646704234808752, 0.0, 0.09051837916683643, -0.04950972417087721, -0.9946633652877406, 0.0, 0.4198144297748572, 0.09524868201480988, 0.33555163663709364, 1.0]",
  "1783614080.142047": "[0.7203598342843309, -0.6863930683957524, 0.09973096213370908, 0.0, -0.6876670246505214, -0.7255433869502272, -0.026473701310779224, 0.0, 0.09053050512479452, -0.049511102906895726, -0.9946621930740069, 0.0, 0.41981571423862885, 0.0952495964448617, 0.3355558662579025, 1.0]",
  "1783614080.1753974": "[0.7203598342843309, -0.6863930683957524, 0.09973096213370908, 0.0, -0.6876670246505214, -0.7255433869502272, -0.026473701310779224, 0.0, 0.09053050512479452, -0.049511102906895726, -0.9946621930740069, 0.0, 0.41981571423862885, 0.0952495964448617, 0.3355558662579025, 1.0]",
  "1783614080.208718": "[0.720360134516798, -0.6863929070463589, 0.09972990401774748, 0.0, -0.6876666484230985, -0.7255436791231058, -0.026475466587943385, 0.0, 0.09053097395633797, -0.049509058170755856, -0.9946622521808899, 0.0, 0.41981596765107015, 0.09525183796889886, 0.335555717350898, 1.0]",
  "1783614080.242085": "[0.720360134516798, -0.6863929070463589, 0.09972990401774748, 0.0, -0.6876666484230985, -0.7255436791231058, -0.026475466587943385, 0.0, 0.09053097395633797, -0.049509058170755856, -0.9946622521808899, 0.0, 0.41981596765107015, 0.09525183796889886, 0.335555717350898, 1.0]",
  "1783614080.2753775": "[0.7203557029692109, -0.6863978232325112, 0.09972807759805796, 0.0, -0.6876714413847003, -0.7255391094708044, -0.026476203130378767, 0.0, 0.09052982880588403, -0.04950786695044214, -0.9946624157001183, 0.0, 0.4198153819595542, 0.09524935361770845, 0.33555532035524493, 1.0]",
  "1783614080.308707": "[0.7203557029692109, -0.6863978232325112, 0.09972807759805796, 0.0, -0.6876714413847003, -0.7255391094708044, -0.026476203130378767, 0.0, 0.09052982880588403, -0.04950786695044214, -0.9946624157001183, 0.0, 0.4198153819595542, 0.09524935361770845, 0.33555532035524493, 1.0]",
  "1783614080.3420506": "[0.7203558319599519, -0.6863981408502082, 0.09972495975764249, 0.0, -0.6876718009117144, -0.7255388472610214, -0.0264740504265708, 0.0, 0.09052607133928449, -0.04950730605200412, -0.9946627855988928, 0.0, 0.4198152240903536, 0.09524933028133141, 0.33555433662872347, 1.0]",
  "1783614080.3756108": "[0.7203558319599519, -0.6863981408502082, 0.09972495975764249, 0.0, -0.6876718009117144, -0.7255388472610214, -0.0264740504265708, 0.0, 0.09052607133928449, -0.04950730605200412, -0.9946627855988928, 0.0, 0.4198152240903536, 0.09524933028133141, 0.33555433662872347, 1.0]",
  "1783614080.408718": "[0.7203600152640826, -0.6863936464678546, 0.09972567621877756, 0.0, -0.6876676789012492, -0.725542901961391, -0.02646999826240519, 0.0, 0.09052409515316404, -0.049510195939877835, -0.9946628216107687, 0.0, 0.4198139964011317, 0.09524869188106468, 0.3355538495881221, 1.0]",
  "1783614080.4420881": "[0.7203600152640826, -0.6863936464678546, 0.09972567621877756, 0.0, -0.6876676789012492, -0.725542901961391, -0.02646999826240519, 0.0, 0.09052409515316404, -0.049510195939877835, -0.9946628216107687, 0.0, 0.4198139964011317, 0.09524869188106468, 0.3355538495881221, 1.0]",
  "1783614080.4753904": "[0.7203626376796455, -0.6863903576142215, 0.09972936984381815, 0.0, -0.6876643607177494, -0.725545970408596, -0.026472095166378287, 0.0, 0.09052843328961892, -0.04951082505947435, -0.9946623954729852, 0.0, 0.4198154971190395, 0.09524894909121676, 0.3355544711937441, 1.0]",
  "1783614080.5087078": "[0.7203626376796455, -0.6863903576142215, 0.09972936984381815, 0.0, -0.6876643607177494, -0.725545970408596, -0.026472095166378287, 0.0, 0.09052843328961892, -0.04951082505947435, -0.9946623954729852, 0.0, 0.4198154971190395, 0.09524894909121676, 0.3355544711937441, 1.0]",
  "1783614080.5421562": "[0.7203567902026395, -0.6863971022936072, 0.09972518624645217, 0.0, -0.6876710616059812, -0.7255396663948375, -0.026470805000423217, 0.0, 0.09052406220808358, -0.04950970057076712, -0.9946628492663931, 0.0, 0.41981431407821784, 0.09524905427634682, 0.3355529681039682, 1.0]",
  "1783614080.5753849": "[0.7203567902026395, -0.6863971022936072, 0.09972518624645217, 0.0, -0.6876710616059812, -0.7255396663948375, -0.026470805000423217, 0.0, 0.09052406220808358, -0.04950970057076712, -0.9946628492663931, 0.0, 0.41981431407821784, 0.09524905427634682, 0.3355529681039682, 1.0]",
  "1783614080.6088054": "[0.720360989514184, -0.6863922870054222, 0.09972799569635224, 0.0, -0.6876663035117736, -0.7255441564703138, -0.026471343491290517, 0.0, 0.09052679051307796, -0.04951065896599273, -0.9946625532552005, 0.0, 0.4198155807968387, 0.09524946403431392, 0.335554889483944, 1.0]",
  "1783614080.6420593": "[0.720360989514184, -0.6863922870054222, 0.09972799569635224, 0.0, -0.6876663035117736, -0.7255441564703138, -0.026471343491290517, 0.0, 0.09052679051307796, -0.04951065896599273, -0.9946625532552005, 0.0, 0.4198155807968387, 0.09524946403431392, 0.335554889483944, 1.0]",
  "1783614080.675715": "[0.7203628761450505, -0.6863900763091725, 0.09972958345605934, 0.0, -0.687664293796867, -0.7255461162929897, -0.026469835077231524, 0.0, 0.0905270440746136, -0.049512587050647094, -0.9946624342030139, 0.0, 0.4198145240130561, 0.09525003526758755, 0.3355542121184029, 1.0]",
  "1783614080.7087772": "[0.7203628761450505, -0.6863900763091725, 0.09972958345605934, 0.0, -0.687664293796867, -0.7255461162929897, -0.026469835077231524, 0.0, 0.0905270440746136, -0.049512587050647094, -0.9946624342030139, 0.0, 0.4198145240130561, 0.09525003526758755, 0.3355542121184029, 1.0]",
  "1783614080.7421432": "[0.7203639919695249, -0.6863890827947582, 0.09972836153221824, 0.0, -0.6876629443412586, -0.725547280025854, -0.026472994295994028, 0.0, 0.09052841572479418, -0.049509306875125995, -0.9946624726403943, 0.0, 0.419814800756807, 0.09525172465302811, 0.3355545990073887, 1.0]",
  "1783614080.7754679": "[0.7203639919695249, -0.6863890827947582, 0.09972836153221824, 0.0, -0.6876629443412586, -0.725547280025854, -0.026472994295994028, 0.0, 0.09052841572479418, -0.049509306875125995, -0.9946624726403943, 0.0, 0.419814800756807, 0.09525172465302811, 0.3355545990073887, 1.0]",
  "1783614080.808704": "[0.7203603769794109, -0.6863929720141004, 0.09972770551723098, 0.0, -0.6876671416583005, -0.725543427323248, -0.026469555182104525, 0.0, 0.09052529790939126, -0.0495118474477168, -0.994662629940791, 0.0, 0.4198146895164283, 0.09524848339597097, 0.33555424256028327, 1.0]",
  "1783614080.8428638": "[0.7203603769794109, -0.6863929720141004, 0.09972770551723098, 0.0, -0.6876671416583005, -0.725543427323248, -0.026469555182104525, 0.0, 0.09052529790939126, -0.0495118474477168, -0.994662629940791, 0.0, 0.4198146895164283, 0.09524848339597097, 0.33555424256028327, 1.0]",
  "1783614080.8754025": "[0.7203633573416817, -0.6863905493686574, 0.09972285162796522, 0.0, -0.6876646855808711, -0.7255458463069742, -0.02646705710232053, 0.0, 0.0905202386451903, -0.04950998529679096, -0.9946631830682828, 0.0, 0.41981308236830495, 0.09525028052033668, 0.33555215156937024, 1.0]",
  "1783614080.9090621": "[0.7203633573416817, -0.6863905493686574, 0.09972285162796522, 0.0, -0.6876646855808711, -0.7255458463069742, -0.02646705710232053, 0.0, 0.0905202386451903, -0.04950998529679096, -0.9946631830682828, 0.0, 0.41981308236830495, 0.09525028052033668, 0.33555215156937024, 1.0]",
  "1783614080.9431016": "[0.7203618542024763, -0.6863910699959122, 0.09973012603941196, 0.0, -0.6876650460227767, -0.7255452927758739, -0.026472865527993432, 0.0, 0.0905294619914573, -0.04951087921495139, -0.9946622991502689, 0.0, 0.4198144157110555, 0.09525165578535134, 0.3355544164829068, 1.0]",
  "1783614080.975391": "[0.7203618542024763, -0.6863910699959122, 0.09973012603941196, 0.0, -0.6876650460227767, -0.7255452927758739, -0.026472865527993432, 0.0, 0.0905294619914573, -0.04951087921495139, -0.9946622991502689, 0.0, 0.4198144157110555, 0.09525165578535134, 0.3355544164829068, 1.0]",
  "1783614081.0087254": "[0.7203584714156299, -0.6863948922980245, 0.09972825320299318, 0.0, -0.6876685739699893, -0.725541857610488, -0.026475370237335642, 0.0, 0.09052958098775508, -0.04950822843029035, -0.9946624202632148, 0.0, 0.41981499409953543, 0.09525085728448847, 0.3355552436171853, 1.0]",
  "1783614081.0422292": "[0.7203584714156299, -0.6863948922980245, 0.09972825320299318, 0.0, -0.6876685739699893, -0.725541857610488, -0.026475370237335642, 0.0, 0.09052958098775508, -0.04950822843029035, -0.9946624202632148, 0.0, 0.41981499409953543, 0.09525085728448847, 0.3355552436171853, 1.0]",
  "1783614081.0754175": "[0.720359849324924, -0.686393636172065, 0.09972694572212513, 0.0, -0.687667764900522, -0.7255428335690461, -0.026469638707767376, 0.0, 0.09052476234320243, -0.049511340913876975, -0.9946627038969624, 0.0, 0.41981464485890985, 0.09524934037820683, 0.335553538374533, 1.0]",
  "1783614081.108738": "[0.720359849324924, -0.686393636172065, 0.09972694572212513, 0.0, -0.687667764900522, -0.7255428335690461, -0.026469638707767376, 0.0, 0.09052476234320243, -0.049511340913876975, -0.9946627038969624, 0.0, 0.41981464485890985, 0.09524934037820683, 0.335553538374533, 1.0]",
  "1783614081.142084": "[0.7203618492227915, -0.6863920843711846, 0.09972318033888007, 0.0, -0.6876660637477083, -0.7255444661919559, -0.02646908286968251, 0.0, 0.09052177060825191, -0.049508929404804725, -0.9946630962065179, 0.0, 0.4198147617070456, 0.09525013408530117, 0.3355532564927924, 1.0]",
  "1783614081.1753674": "[0.7203618492227915, -0.6863920843711846, 0.09972318033888007, 0.0, -0.6876660637477083, -0.7255444661919559, -0.02646908286968251, 0.0, 0.09052177060825191, -0.049508929404804725, -0.9946630962065179, 0.0, 0.4198147617070456, 0.09525013408530117, 0.3355532564927924, 1.0]",
  "1783614081.2087064": "[0.7203583007979062, -0.6863948987867189, 0.09972944094460236, 0.0, -0.6876688591139052, -0.7255416751755859, -0.026472963347225716, 0.0, 0.09052877264457503, -0.04951081198054954, -0.994662365237819, 0.0, 0.41981542829499774, 0.0952476590399099, 0.33555582150282554, 1.0]",
  "1783614081.2420697": "[0.7203583007979062, -0.6863948987867189, 0.09972944094460236, 0.0, -0.6876688591139052, -0.7255416751755859, -0.026472963347225716, 0.0, 0.09052877264457503, -0.04951081198054954, -0.994662365237819, 0.0, 0.41981542829499774, 0.0952476590399099, 0.33555582150282554, 1.0]",
  "1783614081.2753825": "[0.7203578540017883, -0.6863959098826043, 0.09972570919461969, 0.0, -0.6876699464780084, -0.7255407472288209, -0.0264701496326964, 0.0, 0.09052406800885178, -0.04951039291983015, -0.9946628142763017, 0.0, 0.41981489088370977, 0.09524886162642748, 0.3355529235141112, 1.0]",
  "1783614081.3087049": "[0.7203578540017883, -0.6863959098826043, 0.09972570919461969, 0.0, -0.6876699464780084, -0.7255407472288209, -0.0264701496326964, 0.0, 0.09052406800885178, -0.04951039291983015, -0.9946628142763017, 0.0, 0.41981489088370977, 0.09524886162642748, 0.3355529235141112, 1.0]",
  "1783614081.3420413": "[0.7203588325844283, -0.6863941501057517, 0.0997307526202547, 0.0, -0.6876680715607958, -0.7255423818308877, -0.026474053770036712, 0.0, 0.09053052343522495, -0.0495108358621163, -0.9946622047000575, 0.0, 0.4198151098468994, 0.09524952451974336, 0.3355560953271459, 1.0]",
  "1783614081.3753796": "[0.7203588325844283, -0.6863941501057517, 0.0997307526202547, 0.0, -0.6876680715607958, -0.7255423818308877, -0.026474053770036712, 0.0, 0.09053052343522495, -0.0495108358621163, -0.9946622047000575, 0.0, 0.4198151098468994, 0.09524952451974336, 0.3355560953271459, 1.0]",
  "1783614081.4090767": "[0.7203618409187759, -0.6863907217411307, 0.09973261881552072, 0.0, -0.6876645622081488, -0.7255456478870852, -0.026475700466371384, 0.0, 0.09053324268569733, -0.04951050332807785, -0.9946619737523965, 0.0, 0.41981606349210987, 0.09524852074003703, 0.33555678692182533, 1.0]",
  "1783614081.4422233": "[0.7203618409187759, -0.6863907217411307, 0.09973261881552072, 0.0, -0.6876645622081488, -0.7255456478870852, -0.026475700466371384, 0.0, 0.09053324268569733, -0.04951050332807785, -0.9946619737523965, 0.0, 0.41981606349210987, 0.09524852074003703, 0.33555678692182533, 1.0]",
  "1783614081.4753714": "[0.7203592013649568, -0.6863942803807489, 0.09972719222677245, 0.0, -0.6876679092997736, -0.7255424895242686, -0.026475317074693645, 0.0, 0.09052882153281425, -0.04950745151511091, -0.9946625280547967, 0.0, 0.4198154388226415, 0.09524928273467109, 0.3355548222382665, 1.0]",
  "1783614081.5086985": "[0.7203592013649568, -0.6863942803807489, 0.09972719222677245, 0.0, -0.6876679092997736, -0.7255424895242686, -0.026475317074693645, 0.0, 0.09052882153281425, -0.04950745151511091, -0.9946625280547967, 0.0, 0.4198154388226415, 0.09524928273467109, 0.3355548222382665, 1.0]",
  "1783614081.5420358": "[0.7203559796353487, -0.6863980084487997, 0.0997248043423433, 0.0, -0.6876718287096018, -0.7255388886454397, -0.026472194135228163, 0.0, 0.09052468504661824, -0.04950853523042702, -0.9946628505863429, 0.0, 0.419814581722895, 0.09524917122678216, 0.3355540489371323, 1.0]",
  "1783614081.5755985": "[0.7203559796353487, -0.6863980084487997, 0.0997248043423433, 0.0, -0.6876718287096018, -0.7255388886454397, -0.026472194135228163, 0.0, 0.09052468504661824, -0.04950853523042702, -0.9946628505863429, 0.0, 0.419814581722895, 0.09524917122678216, 0.3355540489371323, 1.0]",
  "1783614081.6087005": "[0.7203595329584023, -0.6863937861543226, 0.09972819864354711, 0.0, -0.687667645623081, -0.725542813065233, -0.026473299238994143, 0.0, 0.09052818588241705, -0.049509562087769125, -0.9946624808560522, 0.0, 0.41981416447642084, 0.09524985271160775, 0.3355541459697091, 1.0]",
  "1783614081.6420772": "[0.7203595329584023, -0.6863937861543226, 0.09972819864354711, 0.0, -0.687667645623081, -0.725542813065233, -0.026473299238994143, 0.0, 0.09052818588241705, -0.049509562087769125, -0.9946624808560522, 0.0, 0.41981416447642084, 0.09524985271160775, 0.3355541459697091, 1.0]",
  "1783614081.675499": "[0.7203586106408919, -0.6863954849889045, 0.09972316813243817, 0.0, -0.6876694138557939, -0.7255412611576115, -0.026469899981899615, 0.0, 0.09052209300912548, -0.049508752202711954, -0.9946630756857209, 0.0, 0.4198143562963495, 0.09525021311393095, 0.3355528608738128, 1.0]",
  "1783614081.7087166": "[0.7203586106408919, -0.6863954849889045, 0.09972316813243817, 0.0, -0.6876694138557939, -0.7255412611576115, -0.026469899981899615, 0.0, 0.09052209300912548, -0.049508752202711954, -0.9946630756857209, 0.0, 0.4198143562963495, 0.09525021311393095, 0.3355528608738128, 1.0]",
  "1783614081.7420776": "[0.7203570734106484, -0.6863967588403294, 0.0997255044646875, 0.0, -0.6876705883535926, -0.7255400575058575, -0.026472379338114638, 0.0, 0.09052540362058359, -0.0495087306228697, -0.9946627754628412, 0.0, 0.41981439073695515, 0.0952482240618787, 0.3355536298440459, 1.0]",
  "1783614081.7753656": "[0.7203570734106484, -0.6863967588403294, 0.0997255044646875, 0.0, -0.6876705883535926, -0.7255400575058575, -0.026472379338114638, 0.0, 0.09052540362058359, -0.0495087306228697, -0.9946627754628412, 0.0, 0.41981439073695515, 0.0952482240618787, 0.3355536298440459, 1.0]",
  "1783614081.8087208": "[0.7203585452558033, -0.686394920254768, 0.09972752742043459, 0.0, -0.6876687624962793, -0.725541757806694, -0.026473208449470383, 0.0, 0.09052756134889942, -0.04950930344110987, -0.9946625505712972, 0.0, 0.4198155030210429, 0.09524941461182757, 0.33555559400779267, 1.0]",
  "1783614081.8422797": "[0.7203585452558033, -0.686394920254768, 0.09972752742043459, 0.0, -0.6876687624962793, -0.725541757806694, -0.026473208449470383, 0.0, 0.09052756134889942, -0.04950930344110987, -0.9946625505712972, 0.0, 0.4198155030210429, 0.09524941461182757, 0.33555559400779267, 1.0]",
  "1783614081.8754153": "[0.7203593284890184, -0.6863935407618978, 0.09973136447073938, 0.0, -0.6876671372843016, -0.7255431265224623, -0.02647791259188354, 0.0, 0.09053367416637847, -0.04950837056857051, -0.9946620406377136, 0.0, 0.4198157741275369, 0.09525035215063302, 0.33555660849164304, 1.0]",
  "1783614081.9087443": "[0.7203593284890184, -0.6863935407618978, 0.09973136447073938, 0.0, -0.6876671372843016, -0.7255431265224623, -0.02647791259188354, 0.0, 0.09053367416637847, -0.04950837056857051, -0.9946620406377136, 0.0, 0.4198157741275369, 0.09525035215063302, 0.33555660849164304, 1.0]",
  "1783614081.9420688": "[0.7203622589734257, -0.6863909770245368, 0.09972784218063216, 0.0, -0.6876651629159926, -0.7255453122822484, -0.02646929422889556, 0.0, 0.09052535312510313, -0.04951188225624535, -0.9946626231828652, 0.0, 0.41981440828955974, 0.09524958353359367, 0.3355542867069694, 1.0]",
  "1783614081.9754252": "[0.7203622589734257, -0.6863909770245368, 0.09972784218063216, 0.0, -0.6876651629159926, -0.7255453122822484, -0.02646929422889556, 0.0, 0.09052535312510313, -0.04951188225624535, -0.9946626231828652, 0.0, 0.41981440828955974, 0.09524958353359367, 0.3355542867069694, 1.0]",
  "1783614082.0087698": "[0.7203576598158767, -0.6863959734583276, 0.09972667428922152, 0.0, -0.6876696978707728, -0.7255408381269923, -0.026474116421548607, 0.0, 0.0905275017600373, -0.049508179427006097, -0.9946626119418132, 0.0, 0.41981487564752046, 0.09524939149012675, 0.3355541528305974, 1.0]",
  "1783614082.042121": "[0.7203576598158767, -0.6863959734583276, 0.09972667428922152, 0.0, -0.6876696978707728, -0.7255408381269923, -0.026474116421548607, 0.0, 0.0905275017600373, -0.049508179427006097, -0.9946626119418132, 0.0, 0.41981487564752046, 0.09524939149012675, 0.3355541528305974, 1.0]",
  "1783614082.0753367": "[0.7203524045206988, -0.6864016797628383, 0.09972535946288416, 0.0, -0.6876754548073967, -0.7255354119075377, -0.026473286981392827, 0.0, 0.09052558840840266, -0.04950858599185716, -0.9946627658439811, 0.0, 0.4198144525830587, 0.09524735887539312, 0.33555420582179335, 1.0]",
  "1783614082.1087935": "[0.7203524045206988, -0.6864016797628383, 0.09972535946288416, 0.0, -0.6876754548073967, -0.7255354119075377, -0.026473286981392827, 0.0, 0.09052558840840266, -0.04950858599185716, -0.9946627658439811, 0.0, 0.4198144525830587, 0.09524735887539312, 0.33555420582179335, 1.0]",
  "1783614082.1420436": "[0.7203565675197917, -0.6863964925763204, 0.0997309912215314, 0.0, -0.6876703214700592, -0.725540200700941, -0.026475387364561967, 0.0, 0.09053145641360844, -0.04951032362814543, -0.9946621452804301, 0.0, 0.41981570668695734, 0.09524780686926798, 0.33555598569491674, 1.0]",
  "1783614082.175457": "[0.7203565675197917, -0.6863964925763204, 0.0997309912215314, 0.0, -0.6876703214700592, -0.725540200700941, -0.026475387364561967, 0.0, 0.09053145641360844, -0.04951032362814543, -0.9946621452804301, 0.0, 0.41981570668695734, 0.09524780686926798, 0.33555598569491674, 1.0]",
  "1783614082.2087305": "[0.7203594693903308, -0.6863939716270733, 0.09972738126359132, 0.0, -0.6876676685136598, -0.7255427420819509, -0.026474650010742687, 0.0, 0.09052851783094862, -0.049508030926473365, -0.9946625268567804, 0.0, 0.41981504288031296, 0.09524856827854261, 0.3355546971372678, 1.0]",
  "1783614082.2420878": "[0.7203594693903308, -0.6863939716270733, 0.09972738126359132, 0.0, -0.6876676685136598, -0.7255427420819509, -0.026474650010742687, 0.0, 0.09052851783094862, -0.049508030926473365, -0.9946625268567804, 0.0, 0.41981504288031296, 0.09524856827854261, 0.3355546971372678, 1.0]",
  "1783614082.276248": "[0.720358556768596, -0.6863948000463929, 0.09972827161611753, 0.0, -0.6876690917099884, -0.7255416113294411, -0.0264686708438251, 0.0, 0.09052496891479914, -0.049513116431421665, -0.9946625967151999, 0.0, 0.4198136302276754, 0.09524891009385832, 0.3355531986827667, 1.0]",
  "1783614082.30871": "[0.720358556768596, -0.6863948000463929, 0.09972827161611753, 0.0, -0.6876690917099884, -0.7255416113294411, -0.0264686708438251, 0.0, 0.09052496891479914, -0.049513116431421665, -0.9946625967151999, 0.0, 0.4198136302276754, 0.09524891009385832, 0.3355531986827667, 1.0]",
  "1783614082.342099": "[0.7203599889753102, -0.6863938601793887, 0.09972439516752497, 0.0, -0.6876678104411006, -0.7255427694769363, -0.026470212369375135, 0.0, 0.09052330510224209, -0.049509174581837775, -0.9946629443512971, 0.0, 0.41981438549043604, 0.09524985383330814, 0.33555350573330395, 1.0]",
  "1783614082.3753667": "[0.7203599889753102, -0.6863938601793887, 0.09972439516752497, 0.0, -0.6876678104411006, -0.7255427694769363, -0.026470212369375135, 0.0, 0.09052330510224209, -0.049509174581837775, -0.9946629443512971, 0.0, 0.41981438549043604, 0.09524985383330814, 0.33555350573330395, 1.0]",
  "1783614082.4087243": "[0.7203543294250971, -0.6863992680963868, 0.09972805440427984, 0.0, -0.687672889119791, -0.7255377347427381, -0.026476273038635006, 0.0, 0.0905297611184209, -0.0495079813880651, -0.9946624161647615, 0.0, 0.4198157874595926, 0.09524735683690945, 0.33555558091128684, 1.0]",
  "1783614082.4421206": "[0.7203543294250971, -0.6863992680963868, 0.09972805440427984, 0.0, -0.687672889119791, -0.7255377347427381, -0.026476273038635006, 0.0, 0.0905297611184209, -0.0495079813880651, -0.9946624161647615, 0.0, 0.4198157874595926, 0.09524735683690945, 0.33555558091128684, 1.0]",
  "1783614082.4753957": "[0.7203598884990563, -0.6863936874873713, 0.09972630956330394, 0.0, -0.6876676972443081, -0.7255428626387135, -0.026470599553686587, 0.0, 0.09052496455861056, -0.049510203509073404, -0.9946627421091796, 0.0, 0.4198139695245404, 0.09524940329001885, 0.33555372308556425, 1.0]",
  "1783614082.508717": "[0.7203598884990563, -0.6863936874873713, 0.09972630956330394, 0.0, -0.6876676972443081, -0.7255428626387135, -0.026470599553686587, 0.0, 0.09052496455861056, -0.049510203509073404, -0.9946627421091796, 0.0, 0.4198139695245404, 0.09524940329001885, 0.33555372308556425, 1.0]",
  "1783614082.54211": "[0.720362121936537, -0.6863909843747237, 0.09972878144341017, 0.0, -0.6876652155973865, -0.725545261624724, -0.026469314145075924, 0.0, 0.09052604341563643, -0.049512522688795614, -0.9946625284791328, 0.0, 0.41981472442824574, 0.09525010126283434, 0.3355548728572981, 1.0]",
  "1783614082.5762951": "[0.720362121936537, -0.6863909843747237, 0.09972878144341017, 0.0, -0.6876652155973865, -0.725545261624724, -0.026469314145075924, 0.0, 0.09052604341563643, -0.049512522688795614, -0.9946625284791328, 0.0, 0.41981472442824574, 0.09525010126283434, 0.3355548728572981, 1.0]",
  "1783614082.6087427": "[0.7203589279757276, -0.6863945099343494, 0.09972758704413176, 0.0, -0.687668455566357, -0.7255420901489276, -0.026472072856260714, 0.0, 0.09052684742462791, -0.049510121735966195, -0.9946625748167306, 0.0, 0.419814981188061, 0.09524927603891631, 0.3355552350165763, 1.0]",
  "1783614082.642509": "[0.7203589279757276, -0.6863945099343494, 0.09972758704413176, 0.0, -0.687668455566357, -0.7255420901489276, -0.026472072856260714, 0.0, 0.09052684742462791, -0.049510121735966195, -0.9946625748167306, 0.0, 0.419814981188061, 0.09524927603891631, 0.3355552350165763, 1.0]",
  "1783614082.6754014": "[0.7203578848512407, -0.6863957029122255, 0.09972691089309045, 0.0, -0.6876694159418039, -0.725541096801374, -0.026474350426742066, 0.0, 0.09052785268029391, -0.04950813949131336, -0.994662581991101, 0.0, 0.41981507848576705, 0.09524946923211558, 0.3355553568107104, 1.0]",
  "1783614082.7087326": "[0.7203578848512407, -0.6863957029122255, 0.09972691089309045, 0.0, -0.6876694159418039, -0.725541096801374, -0.026474350426742066, 0.0, 0.09052785268029391, -0.04950813949131336, -0.994662581991101, 0.0, 0.41981507848576705, 0.09524946923211558, 0.3355553568107104, 1.0]",
  "1783614082.742591": "[0.7203587728988752, -0.6863952172830418, 0.09972383866755533, 0.0, -0.6876690506090871, -0.7255415544387473, -0.026471297984861607, 0.0, 0.09052356125354016, -0.04950816572619616, -0.994662971254286, 0.0, 0.4198150074121089, 0.09524824282388773, 0.3355530112210196, 1.0]",
  "1783614082.7753825": "[0.7203587728988752, -0.6863952172830418, 0.09972383866755533, 0.0, -0.6876690506090871, -0.7255415544387473, -0.026471297984861607, 0.0, 0.09052356125354016, -0.04950816572619616, -0.994662971254286, 0.0, 0.4198150074121089, 0.09524824282388773, 0.3355530112210196, 1.0]",
  "1783614082.8087301": "[0.7203571181185657, -0.6863967189872361, 0.09972545582483999, 0.0, -0.6876707275205066, -0.7255399984623625, -0.026470382366935344, 0.0, 0.09052399067281483, -0.049510148402039836, -0.9946628334857375, 0.0, 0.419814609402117, 0.09524918587735721, 0.3355535477871603, 1.0]",
  "1783614082.8420987": "[0.7203571181185657, -0.6863967189872361, 0.09972545582483999, 0.0, -0.6876707275205066, -0.7255399984623625, -0.026470382366935344, 0.0, 0.09052399067281483, -0.049510148402039836, -0.9946628334857375, 0.0, 0.419814609402117, 0.09524918587735721, 0.3355535477871603, 1.0]",
  "1783614082.878616": "[0.7203584713947477, -0.686394619893515, 0.0997301282013602, 0.0, -0.687668495847558, -0.7255419726457122, -0.02647424688496721, 0.0, 0.09053017457499878, -0.04951031923353134, -0.9946622621678247, 0.0, 0.41981517017672126, 0.09525004227435094, 0.3355553956348744, 1.0]",
  "1783614082.908784": "[0.7203584713947477, -0.686394619893515, 0.0997301282013602, 0.0, -0.687668495847558, -0.7255419726457122, -0.02647424688496721, 0.0, 0.09053017457499878, -0.04951031923353134, -0.9946622621678247, 0.0, 0.41981517017672126, 0.09525004227435094, 0.3355553956348744, 1.0]",
  "1783614082.9420972": "[0.720365970331887, -0.6863874967417001, 0.09972498736255411, 0.0, -0.6876617641407621, -0.7255486336740462, -0.026466550824383532, 0.0, 0.09052163789179826, -0.04951145817270392, -0.9946629824131381, 0.0, 0.41981435224011726, 0.09524986579301503, 0.3355527384039407, 1.0]",
  "1783614082.9754484": "[0.720365970331887, -0.6863874967417001, 0.09972498736255411, 0.0, -0.6876617641407621, -0.7255486336740462, -0.026466550824383532, 0.0, 0.09052163789179826, -0.04951145817270392, -0.9946629824131381, 0.0, 0.41981435224011726, 0.09524986579301503, 0.3355527384039407, 1.0]",
  "1783614083.00878": "[0.7203582356448025, -0.6863953034440945, 0.09972712644309312, 0.0, -0.6876693983210483, -0.7255412634027643, -0.026470242021714156, 0.0, 0.0905251951197821, -0.04951123619755602, -0.9946626697221101, 0.0, 0.4198146920891443, 0.09524808852528467, 0.33555454586199834, 1.0]",
  "1783614083.0420933": "[0.7203582356448025, -0.6863953034440945, 0.09972712644309312, 0.0, -0.6876693983210483, -0.7255412634027643, -0.026470242021714156, 0.0, 0.0905251951197821, -0.04951123619755602, -0.9946626697221101, 0.0, 0.4198146920891443, 0.09524808852528467, 0.33555454586199834, 1.0]",
  "1783614083.0763352": "[0.7203533418723242, -0.6864005067131277, 0.09972666262006318, 0.0, -0.6876742243117678, -0.7255365323517085, -0.026474543249446092, 0.0, 0.09052747688178779, -0.04950842965617144, -0.9946626017511655, 0.0, 0.41981493986700347, 0.09524849565572072, 0.33555461660603847, 1.0]",
  "1783614083.108831": "[0.7203533418723242, -0.6864005067131277, 0.09972666262006318, 0.0, -0.6876742243117678, -0.7255365323517085, -0.026474543249446092, 0.0, 0.09052747688178779, -0.04950842965617144, -0.9946626017511655, 0.0, 0.41981493986700347, 0.09524849565572072, 0.33555461660603847, 1.0]",
  "1783614083.142925": "[0.7203632523169652, -0.6863895571949352, 0.0997304391099583, 0.0, -0.687663440957192, -0.7255467751222249, -0.026473932096578785, 0.0, 0.09053052900673314, -0.049510129099815635, -0.9946622393728841, 0.0, 0.4198155149767068, 0.09525082601959156, 0.3355556196598184, 1.0]",
  "1783614083.1753743": "[0.7203632523169652, -0.6863895571949352, 0.0997304391099583, 0.0, -0.687663440957192, -0.7255467751222249, -0.026473932096578785, 0.0, 0.09053052900673314, -0.049510129099815635, -0.9946622393728841, 0.0, 0.4198155149767068, 0.09525082601959156, 0.3355556196598184, 1.0]",
  "1783614083.2087307": "[0.7203619473882947, -0.6863915399493581, 0.09972621842270109, 0.0, -0.687665815211175, -0.7255447608743986, -0.026467462244463356, 0.0, 0.0905228774669354, -0.04951215864472664, -0.9946628347341857, 0.0, 0.41981439508598406, 0.09524965488963386, 0.3355532224754467, 1.0]",
  "1783614083.242033": "[0.7203619473882947, -0.6863915399493581, 0.09972621842270109, 0.0, -0.687665815211175, -0.7255447608743986, -0.026467462244463356, 0.0, 0.0905228774669354, -0.04951215864472664, -0.9946628347341857, 0.0, 0.41981439508598406, 0.09524965488963386, 0.3355532224754467, 1.0]",
  "1783614083.275428": "[0.720362899216304, -0.6863902260758364, 0.09972838603047321, 0.0, -0.687664376109676, -0.725546034871652, -0.026469928441798414, 0.0, 0.0905262352159365, -0.04951170396568826, -0.9946625517772565, 0.0, 0.4198149773697539, 0.0952494699767727, 0.33555472085139365, 1.0]",
  "1783614083.3088722": "[0.720362899216304, -0.6863902260758364, 0.09972838603047321, 0.0, -0.687664376109676, -0.725546034871652, -0.026469928441798414, 0.0, 0.0905262352159365, -0.04951170396568826, -0.9946625517772565, 0.0, 0.4198149773697539, 0.0952494699767727, 0.33555472085139365, 1.0]",
  "1783614083.3421223": "[0.7203590091358165, -0.6863947160046718, 0.0997255824637311, 0.0, -0.68766857279849, -0.7255419831155383, -0.02647196105427778, 0.0, 0.09052531105802537, -0.04950883332939064, -0.9946627787749023, 0.0, 0.4198139679153934, 0.09525011698139281, 0.3355534304692348, 1.0]",
  "1783614083.3755593": "[0.7203590091358165, -0.6863947160046718, 0.0997255824637311, 0.0, -0.68766857279849, -0.7255419831155383, -0.02647196105427778, 0.0, 0.09052531105802537, -0.04950883332939064, -0.9946627787749023, 0.0, 0.4198139679153934, 0.09525011698139281, 0.3355534304692348, 1.0]",
  "1783614083.4086983": "[0.7203612776547414, -0.6863923098573654, 0.0997257570755874, 0.0, -0.6876661803705442, -0.7255442595818231, -0.026471716273232672, 0.0, 0.09052543305731678, -0.04950883109643026, -0.9946627677827549, 0.0, 0.41981400607597724, 0.09524868611945321, 0.33555447762112994, 1.0]",
  "1783614083.4420776": "[0.7203612776547414, -0.6863923098573654, 0.0997257570755874, 0.0, -0.6876661803705442, -0.7255442595818231, -0.026471716273232672, 0.0, 0.09052543305731678, -0.04950883109643026, -0.9946627677827549, 0.0, 0.41981400607597724, 0.09524868611945321, 0.33555447762112994, 1.0]",
  "1783614083.4753704": "[0.7203623181947789, -0.686391103624653, 0.09972654305637497, 0.0, -0.6876652145303455, -0.7255452590475313, -0.02646941250924642, 0.0, 0.09052448978027021, -0.0495109072688172, -0.9946627502884786, 0.0, 0.4198141404445847, 0.09525053303948866, 0.33555410635576544, 1.0]",
  "1783614083.5086977": "[0.7203623181947789, -0.686391103624653, 0.09972654305637497, 0.0, -0.6876652145303455, -0.7255452590475313, -0.02646941250924642, 0.0, 0.09052448978027021, -0.0495109072688172, -0.9946627502884786, 0.0, 0.4198141404445847, 0.09525053303948866, 0.33555410635576544, 1.0]",
  "1783614083.5420291": "[0.7203629121225115, -0.6863900760490544, 0.099729325374977, 0.0, -0.6876642262140309, -0.7255461585480312, -0.026470432592860665, 0.0, 0.09052727116086626, -0.04951197145709513, -0.9946624441782239, 0.0, 0.41981421865322316, 0.0952486934708712, 0.33555431554745885, 1.0]",
  "1783614083.5753672": "[0.7203629121225115, -0.6863900760490544, 0.099729325374977, 0.0, -0.6876642262140309, -0.7255461585480312, -0.026470432592860665, 0.0, 0.09052727116086626, -0.04951197145709513, -0.9946624441782239, 0.0, 0.41981421865322316, 0.0952486934708712, 0.33555431554745885, 1.0]",
  "1783614083.6087153": "[0.7203538867010617, -0.6863999423209592, 0.09972661177668611, 0.0, -0.687673695937908, -0.7255370502425098, -0.026474074875155837, 0.0, 0.09052715520644451, -0.049508664970705205, -0.9946626193152364, 0.0, 0.419815473148598, 0.09524871829605513, 0.3355543711379817, 1.0]",
  "1783614083.642124": "[0.7203538867010617, -0.6863999423209592, 0.09972661177668611, 0.0, -0.687673695937908, -0.7255370502425098, -0.026474074875155837, 0.0, 0.09052715520644451, -0.049508664970705205, -0.9946626193152364, 0.0, 0.419815473148598, 0.09524871829605513, 0.3355543711379817, 1.0]",
  "1783614083.6753848": "[0.720360354424751, -0.6863931924838191, 0.09972635100573016, 0.0, -0.687666965643907, -0.7255434617927681, -0.026473182881324674, 0.0, 0.09052681445377858, -0.04950828578770734, -0.9946626692015812, 0.0, 0.4198145489539863, 0.09525082421736439, 0.33555376453493885, 1.0]",
  "1783614083.7087007": "[0.720360354424751, -0.6863931924838191, 0.09972635100573016, 0.0, -0.687666965643907, -0.7255434617927681, -0.026473182881324674, 0.0, 0.09052681445377858, -0.04950828578770734, -0.9946626692015812, 0.0, 0.4198145489539863, 0.09525082421736439, 0.33555376453493885, 1.0]",
  "1783614083.7421002": "[0.7203630998008159, -0.6863904816411208, 0.09972517815391369, 0.0, -0.6876643946832144, -0.7255459859976063, -0.026470785551798208, 0.0, 0.09052449795678588, -0.04950887713563077, -0.9946628505953365, 0.0, 0.4198147866607613, 0.09524968637898315, 0.3355529064024644, 1.0]",
  "1783614083.778265": "[0.7203630998008159, -0.6863904816411208, 0.09972517815391369, 0.0, -0.6876643946832144, -0.7255459859976063, -0.026470785551798208, 0.0, 0.09052449795678588, -0.04950887713563077, -0.9946628505953365, 0.0, 0.4198147866607613, 0.09524968637898315, 0.3355529064024644, 1.0]",
  "1783614083.808736": "[0.7203595900271711, -0.6863942466426137, 0.09972461697998498, 0.0, -0.6876680514955505, -0.725542477141081, -0.02647196283421137, 0.0, 0.09052464862234365, -0.049508100750299364, -0.9946628755271298, 0.0, 0.41981514901059197, 0.09524949062595132, 0.33555380568852977, 1.0]",
  "1783614083.842087": "[0.7203595900271711, -0.6863942466426137, 0.09972461697998498, 0.0, -0.6876680514955505, -0.725542477141081, -0.02647196283421137, 0.0, 0.09052464862234365, -0.049508100750299364, -0.9946628755271298, 0.0, 0.41981514901059197, 0.09524949062595132, 0.33555380568852977, 1.0]",
  "1783614083.8762746": "[0.7203678779828706, -0.6863759945921057, 0.09979035233004034, 0.0, -0.6876439976517983, -0.7255616763534212, -0.02657040271931225, 0.0, 0.09064134191366337, -0.04947977217924914, -0.9946536579539531, 0.0, 0.41983798625732593, 0.09526252303179258, 0.33558211125388954, 1.0]",
  "1783614083.9087071": "[0.7203678779828706, -0.6863759945921057, 0.09979035233004034, 0.0, -0.6876439976517983, -0.7255616763534212, -0.02657040271931225, 0.0, 0.09064134191366337, -0.04947977217924914, -0.9946536579539531, 0.0, 0.41983798625732593, 0.09526252303179258, 0.33558211125388954, 1.0]",
  "1783614083.9420722": "[0.7200821900677454, -0.6864600965796505, 0.10126290214632616, 0.0, -0.687552358310528, -0.7255448665859427, -0.029264332427343963, 0.0, 0.09355957529227513, -0.04855082259492239, -0.9944291948130273, 0.0, 0.4203166679968002, 0.09546577609951828, 0.33622007295959766, 1.0]",
  "1783614083.9753976": "[0.7200821900677454, -0.6864600965796505, 0.10126290214632616, 0.0, -0.687552358310528, -0.7255448665859427, -0.029264332427343963, 0.0, 0.09355957529227513, -0.04855082259492239, -0.9944291948130273, 0.0, 0.4203166679968002, 0.09546577609951828, 0.33622007295959766, 1.0]",
  "1783614084.0086925": "[0.7190244957909696, -0.68743521310595, 0.10215968987090282, 0.0, -0.6882261520835884, -0.7247477935010596, -0.03294540033999642, 0.0, 0.09668783812227566, -0.04662042038980663, -0.9942223083203867, 0.0, 0.42070628177719527, 0.09557840829055106, 0.33663419355632507, 1.0]",
  "1783614084.042021": "[0.7190244957909696, -0.68743521310595, 0.10215968987090282, 0.0, -0.6882261520835884, -0.7247477935010596, -0.03294540033999642, 0.0, 0.09668783812227566, -0.04662042038980663, -0.9942223083203867, 0.0, 0.42070628177719527, 0.09557840829055106, 0.33663419355632507, 1.0]",
  "1783614084.0755672": "[0.716527857134869, -0.6899157686788144, 0.10297602671512211, 0.0, -0.6898777010585941, -0.7227207123717714, -0.04175559233142754, 0.0, 0.10323074896474364, -0.04112181947774187, -0.9938070277629445, 0.0, 0.4215513496733389, 0.09558804672486085, 0.3370991885558817, 1.0]",
  "1783614084.108697": "[0.716527857134869, -0.6899157686788144, 0.10297602671512211, 0.0, -0.6898777010585941, -0.7227207123717714, -0.04175559233142754, 0.0, 0.10323074896474364, -0.04112181947774187, -0.9938070277629445, 0.0, 0.4215513496733389, 0.09558804672486085, 0.3370991885558817, 1.0]",
  "1783614084.1420553": "[0.7150199026339977, -0.6914681564761416, 0.10304526877423706, 0.0, -0.6905490044638858, -0.7215442963740937, -0.05015875600481458, 0.0, 0.10903490849817196, -0.03529329893195797, -0.9934111796125986, 0.0, 0.42239757317990384, 0.09550038766427543, 0.3372825450123789, 1.0]",
