{
  "1783613847.652427": "[0.7334541791905553, -0.673546715142758, 0.09154119044620909, 0.0, -0.675002131486386, -0.7375790438917624, -0.018688940594622706, 0.0, 0.08010673827303491, -0.04808301708622228, -0.9956259006028025, 0.0, 0.41754354493539075, 0.09374931442598497, 0.3308513069724374, 1.0]",
  "1783613847.6858": "[0.7334512470232066, -0.673549408413276, 0.09154486695729638, 0.0, -0.6750045757076819, -0.7375766675865694, -0.01869444317394424, 0.0, 0.08011298904544426, -0.04808174142039216, -0.9956254592607541, 0.0, 0.4175446241741088, 0.09374816199578026, 0.33085358609862553, 1.0]",
  "1783613847.7191422": "[0.7334512470232066, -0.673549408413276, 0.09154486695729638, 0.0, -0.6750045757076819, -0.7375766675865694, -0.01869444317394424, 0.0, 0.08011298904544426, -0.04808174142039216, -0.9956254592607541, 0.0, 0.4175446241741088, 0.09374816199578026, 0.33085358609862553, 1.0]",
  "1783613847.7524698": "[0.7334521475248392, -0.6735488663752367, 0.09154164022910544, 0.0, -0.675004133809846, -0.7375771538553719, -0.018691213182347313, 0.0, 0.08010846790958395, -0.04808187512194266, -0.9956258165867018, 0.0, 0.4175440448866038, 0.09375000738401762, 0.3308520717639681, 1.0]",
  "1783613847.7857614": "[0.7334521475248392, -0.6735488663752367, 0.09154164022910544, 0.0, -0.675004133809846, -0.7375771538553719, -0.018691213182347313, 0.0, 0.08010846790958395, -0.04808187512194266, -0.9956258165867018, 0.0, 0.4175440448866038, 0.09375000738401762, 0.3308520717639681, 1.0]",
  "1783613847.8193355": "[0.7334496392909862, -0.6735506711802187, 0.09154845698644677, 0.0, -0.6750059214285925, -0.7375754050000121, -0.01869566728964254, 0.0, 0.08011636949000546, -0.04808342013360977, -0.9956251061760124, 0.0, 0.41754458656827426, 0.09374799344956747, 0.33085514630807317, 1.0]",
  "1783613847.8526351": "[0.7334496392909862, -0.6735506711802187, 0.09154845698644677, 0.0, -0.6750059214285925, -0.7375754050000121, -0.01869566728964254, 0.0, 0.08011636949000546, -0.04808342013360977, -0.9956251061760124, 0.0, 0.41754458656827426, 0.09374799344956747, 0.33085514630807317, 1.0]",
  "1783613847.8858094": "[0.7334517358214996, -0.6735495116308392, 0.0915401911855507, 0.0, -0.6750049832714355, -0.7375764617890497, -0.018687845608193608, 0.0, 0.08010507960896296, -0.04808345241977286, -0.9956260130311168, 0.0, 0.4175435720165591, 0.09374838212054651, 0.33085122662592525, 1.0]",
  "1783613847.9191492": "[0.7334517358214996, -0.6735495116308392, 0.0915401911855507, 0.0, -0.6750049832714355, -0.7375764617890497, -0.018687845608193608, 0.0, 0.08010507960896296, -0.04808345241977286, -0.9956260130311168, 0.0, 0.4175435720165591, 0.09374838212054651, 0.33085122662592525, 1.0]",
  "1783613847.9525995": "[0.7334513417669722, -0.6735498092202408, 0.09154115882817558, 0.0, -0.6750051035654774, -0.737576280537442, -0.018690654057885323, 0.0, 0.08010767391946315, -0.048082064098058194, -0.9956258713448958, 0.0, 0.4175444670451539, 0.09374811827323862, 0.3308518529327591, 1.0]",
  "1783613847.9858072": "[0.7334513417669722, -0.6735498092202408, 0.09154115882817558, 0.0, -0.6750051035654774, -0.737576280537442, -0.018690654057885323, 0.0, 0.08010767391946315, -0.048082064098058194, -0.9956258713448958, 0.0, 0.4175444670451539, 0.09374811827323862, 0.3308518529327591, 1.0]",
  "1783613848.0191057": "[0.7334496281131075, -0.6735513853169577, 0.09154329226301272, 0.0, -0.675006603014803, -0.73757484872254, -0.01869300452944822, 0.0, 0.0801107290390009, -0.04808194951880709, -0.9956256310598428, 0.0, 0.41754438518854425, 0.0937488194265585, 0.33085285930039426, 1.0]",
  "1783613848.052451": "[0.7334496281131075, -0.6735513853169577, 0.09154329226301272, 0.0, -0.675006603014803, -0.73757484872254, -0.01869300452944822, 0.0, 0.0801107290390009, -0.04808194951880709, -0.9956256310598428, 0.0, 0.41754438518854425, 0.0937488194265585, 0.33085285930039426, 1.0]",
  "1783613848.085778": "[0.7334520056381639, -0.6735488574530127, 0.09154284269726333, 0.0, -0.6750041080282981, -0.7375771537626474, -0.018692147878560432, 0.0, 0.08010998421093636, -0.04808200153002574, -0.9956256884786523, 0.0, 0.4175444148127181, 0.09374927478024983, 0.33085388002892496, 1.0]",
  "1783613848.1191123": "[0.7334520056381639, -0.6735488574530127, 0.09154284269726333, 0.0, -0.6750041080282981, -0.7375771537626474, -0.018692147878560432, 0.0, 0.08010998421093636, -0.04808200153002574, -0.9956256884786523, 0.0, 0.4175444148127181, 0.09374927478024983, 0.33085388002892496, 1.0]",
  "1783613848.1530733": "[0.733453486349213, -0.6735469164214029, 0.09154526061683639, 0.0, -0.6750024615075306, -0.7375787198046218, -0.018689811399535558, 0.0, 0.08011030096660139, -0.04808516892551433, -0.9956255100229432, 0.0, 0.41754446084671176, 0.0937476928736596, 0.3308530635926767, 1.0]",
  "1783613848.1857808": "[0.733453486349213, -0.6735469164214029, 0.09154526061683639, 0.0, -0.6750024615075306, -0.7375787198046218, -0.018689811399535558, 0.0, 0.08011030096660139, -0.04808516892551433, -0.9956255100229432, 0.0, 0.41754446084671176, 0.0937476928736596, 0.3308530635926767, 1.0]",
  "1783613848.2193074": "[0.7334531522005473, -0.6735471574001775, 0.0915461647761464, 0.0, -0.6750024969589528, -0.7375786083745053, -0.018692928275336286, 0.0, 0.08011306152095139, -0.04808350264351042, -0.9956253683726983, 0.0, 0.41754521633717595, 0.09374975246742537, 0.33085390095038075, 1.0]",
  "1783613848.2532816": "[0.7334531522005473, -0.6735471574001775, 0.0915461647761464, 0.0, -0.6750024969589528, -0.7375786083745053, -0.018692928275336286, 0.0, 0.08011306152095139, -0.04808350264351042, -0.9956253683726983, 0.0, 0.41754521633717595, 0.09374975246742537, 0.33085390095038075, 1.0]",
  "1783613848.2857811": "[0.7334483068945373, -0.6735529161837435, 0.09154261419640386, 0.0, -0.6750080908520053, -0.7375734812021533, -0.018693237056973736, 0.0, 0.08011028896382591, -0.04808148217050062, -0.9956256890390187, 0.0, 0.41754426237935527, 0.09374984277802878, 0.3308530954258239, 1.0]",
  "1783613848.3191228": "[0.7334483068945373, -0.6735529161837435, 0.09154261419640386, 0.0, -0.6750080908520053, -0.7375734812021533, -0.018693237056973736, 0.0, 0.08011028896382591, -0.04808148217050062, -0.9956256890390187, 0.0, 0.41754426237935527, 0.09374984277802878, 0.3308530954258239, 1.0]",
  "1783613848.352462": "[0.733447736432655, -0.6735530283213524, 0.09154635962696675, 0.0, -0.6750080861544308, -0.7375733912016764, -0.01869695743672978, 0.0, 0.08011555122413488, -0.048081291896056935, -0.9956252748005441, 0.0, 0.4175448862003135, 0.09374864508111494, 0.33085529518365353, 1.0]",
  "1783613848.3858378": "[0.733447736432655, -0.6735530283213524, 0.09154635962696675, 0.0, -0.6750080861544308, -0.7375733912016764, -0.01869695743672978, 0.0, 0.08011555122413488, -0.048081291896056935, -0.9956252748005441, 0.0, 0.4175448862003135, 0.09374864508111494, 0.33085529518365353, 1.0]",
  "1783613848.4191272": "[0.7334539046913694, -0.6735467196601488, 0.09154335654779325, 0.0, -0.6750022369688231, -0.737578946016813, -0.018688993547324464, 0.0, 0.08010836273491276, -0.04808445515735807, -0.9956257004477895, 0.0, 0.417543711381209, 0.09375032587843854, 0.3308526441191457, 1.0]",
  "1783613848.4542599": "[0.7334539046913694, -0.6735467196601488, 0.09154335654779325, 0.0, -0.6750022369688231, -0.737578946016813, -0.018688993547324464, 0.0, 0.08010836273491276, -0.04808445515735807, -0.9956257004477895, 0.0, 0.417543711381209, 0.09375032587843854, 0.3308526441191457, 1.0]",
  "1783613848.486159": "[0.7334501199208591, -0.6735506621612789, 0.09154467264773075, 0.0, -0.6750062377062479, -0.7375752759119525, -0.018689339770668337, 0.0, 0.08010930436431016, -0.04808552656995642, -0.9956255729383192, 0.0, 0.41754325632327804, 0.09374845217119546, 0.3308520059758743, 1.0]",
  "1783613848.519184": "[0.7334501199208591, -0.6735506621612789, 0.09154467264773075, 0.0, -0.6750062377062479, -0.7375752759119525, -0.018689339770668337, 0.0, 0.08010930436431016, -0.04808552656995642, -0.9956255729383192, 0.0, 0.41754325632327804, 0.09374845217119546, 0.3308520059758743, 1.0]",
  "1783613848.552473": "[0.7334508627260696, -0.6735502212780855, 0.09154196514509752, 0.0, -0.6750053521906294, -0.7375759884648745, -0.018693200744323804, 0.0, 0.08010996492564737, -0.04808077220995298, -0.9956257493974863, 0.0, 0.41754511498651714, 0.09374976053324306, 0.33085313982989584, 1.0]",
  "1783613848.586927": "[0.7334508627260696, -0.6735502212780855, 0.09154196514509752, 0.0, -0.6750053521906294, -0.7375759884648745, -0.018693200744323804, 0.0, 0.08010996492564737, -0.04808077220995298, -0.9956257493974863, 0.0, 0.41754511498651714, 0.09374976053324306, 0.33085313982989584, 1.0]",
  "1783613848.6191893": "[0.7334545025822288, -0.6735462179917368, 0.09154225729619825, 0.0, -0.6750016527285158, -0.7375794723869935, -0.018689321204831588, 0.0, 0.08010781145199136, -0.04808340818154358, -0.9956257953679286, 0.0, 0.4175434074406765, 0.09374955604359284, 0.33085197332104355, 1.0]",
  "1783613848.6533837": "[0.7334545025822288, -0.6735462179917368, 0.09154225729619825, 0.0, -0.6750016527285158, -0.7375794723869935, -0.018689321204831588, 0.0, 0.08010781145199136, -0.04808340818154358, -0.9956257953679286, 0.0, 0.4175434074406765, 0.09374955604359284, 0.33085197332104355, 1.0]",
  "1783613848.685857": "[0.7334498098612332, -0.6735515538663421, 0.09154059590562441, 0.0, -0.6750071600029759, -0.7375745022590046, -0.018686561002464713, 0.0, 0.08010437166121187, -0.048084903053017505, -0.9956259999312718, 0.0, 0.417544171972872, 0.09374758005414287, 0.3308515960693599, 1.0]",
  "1783613848.7191145": "[0.7334498098612332, -0.6735515538663421, 0.09154059590562441, 0.0, -0.6750071600029759, -0.7375745022590046, -0.018686561002464713, 0.0, 0.08010437166121187, -0.048084903053017505, -0.9956259999312718, 0.0, 0.417544171972872, 0.09374758005414287, 0.3308515960693599, 1.0]",
  "1783613848.752465": "[0.7334485105593427, -0.6735535345823412, 0.09153643214543825, 0.0, -0.6750087447475829, -0.7375729874175521, -0.01868910768976316, 0.0, 0.08010291425768495, -0.04808039396242464, -0.9956263349489323, 0.0, 0.41754471246305597, 0.0937473592102108, 0.3308515835525351, 1.0]",
  "1783613848.7862563": "[0.7334485105593427, -0.6735535345823412, 0.09153643214543825, 0.0, -0.6750087447475829, -0.7375729874175521, -0.01868910768976316, 0.0, 0.08010291425768495, -0.04808039396242464, -0.9956263349489323, 0.0, 0.41754471246305597, 0.0937473592102108, 0.3308515835525351, 1.0]",
  "1783613848.8192017": "[0.7334512977021546, -0.6735493485974562, 0.09154490102112765, 0.0, -0.6750048409838949, -0.7375765267916663, -0.018690419317096377, 0.0, 0.08011028989669379, -0.04808473905393092, -0.9956255316748275, 0.0, 0.41754296231709825, 0.0937492911779298, 0.33085276992032375, 1.0]",
  "1783613848.852439": "[0.7334512977021546, -0.6735493485974562, 0.09154490102112765, 0.0, -0.6750048409838949, -0.7375765267916663, -0.018690419317096377, 0.0, 0.08011028989669379, -0.04808473905393092, -0.9956255316748275, 0.0, 0.41754296231709825, 0.0937492911779298, 0.33085276992032375, 1.0]",
  "1783613848.8858266": "[0.7334526480464436, -0.6735483158747116, 0.09154168043027949, 0.0, -0.6750037557284395, -0.7375775545233849, -0.018689056043693746, 0.0, 0.08010707101224476, -0.04808344045139568, -0.9956258533847924, 0.0, 0.41754386002910404, 0.09374711742305966, 0.33085214324896695, 1.0]",
  "1783613848.919173": "[0.7334526480464436, -0.6735483158747116, 0.09154168043027949, 0.0, -0.6750037557284395, -0.7375775545233849, -0.018689056043693746, 0.0, 0.08010707101224476, -0.04808344045139568, -0.9956258533847924, 0.0, 0.41754386002910404, 0.09374711742305966, 0.33085214324896695, 1.0]",
  "1783613848.9529068": "[0.7334485634261558, -0.6735527044242047, 0.09154211692411487, 0.0, -0.6750078315181676, -0.7375737115343588, -0.018693513382253047, 0.0, 0.08011012543523821, -0.04808091530192819, -0.995625729572353, 0.0, 0.4175445499869905, 0.09374798902805054, 0.3308528233706217, 1.0]",
  "1783613848.9863913": "[0.7334485634261558, -0.6735527044242047, 0.09154211692411487, 0.0, -0.6750078315181676, -0.7375737115343588, -0.018693513382253047, 0.0, 0.08011012543523821, -0.04808091530192819, -0.995625729572353, 0.0, 0.4175445499869905, 0.09374798902805054, 0.3308528233706217, 1.0]",
  "1783613849.0203087": "[0.7334521960237574, -0.6735487488631797, 0.09154211627864524, 0.0, -0.6750040932012511, -0.7375772081662779, -0.018690536514392585, 0.0, 0.08010836603928663, -0.04808268813704696, -0.9956257855198565, 0.0, 0.41754330714554205, 0.09375023165210174, 0.330852056238878, 1.0]",
  "1783613849.052496": "[0.7334521960237574, -0.6735487488631797, 0.09154211627864524, 0.0, -0.6750040932012511, -0.7375772081662779, -0.018690536514392585, 0.0, 0.08010836603928663, -0.04808268813704696, -0.9956257855198565, 0.0, 0.41754330714554205, 0.09375023165210174, 0.330852056238878, 1.0]",
  "1783613849.085838": "[0.733453028335966, -0.6735481077290861, 0.09154016495161, 0.0, -0.6750032198748257, -0.7375779652539836, -0.01869219972102994, 0.0, 0.08010810435541642, -0.048080055598559324, -0.9956259337071431, 0.0, 0.4175450643288746, 0.09374964660890406, 0.33085266286156906, 1.0]",
  "1783613849.1191082": "[0.733453028335966, -0.6735481077290861, 0.09154016495161, 0.0, -0.6750032198748257, -0.7375779652539836, -0.01869219972102994, 0.0, 0.08010810435541642, -0.048080055598559324, -0.9956259337071431, 0.0, 0.4175450643288746, 0.09374964660890406, 0.33085266286156906, 1.0]",
  "1783613849.1524413": "[0.7334480792497646, -0.6735532531377271, 0.09154195886267595, 0.0, -0.6750084356539532, -0.7375731775477692, -0.01869276753425319, 0.0, 0.0801094678601346, -0.04808142000473307, -0.9956257581086851, 0.0, 0.41754519446961585, 0.09374733917439995, 0.33085274646225327, 1.0]",
  "1783613849.1858082": "[0.7334480792497646, -0.6735532531377271, 0.09154195886267595, 0.0, -0.6750084356539532, -0.7375731775477692, -0.01869276753425319, 0.0, 0.0801094678601346, -0.04808142000473307, -0.9956257581086851, 0.0, 0.41754519446961585, 0.09374733917439995, 0.33085274646225327, 1.0]",
  "1783613849.219114": "[0.7334464533083231, -0.6735545201390791, 0.09154566363108978, 0.0, -0.6750098724314986, -0.7375718572015639, -0.01869298221921696, 0.0, 0.08011224781176556, -0.04808392521883856, -0.9956254134392593, 0.0, 0.41754491640376534, 0.09374646928343539, 0.3308535002288727, 1.0]",
  "1783613849.2524555": "[0.7334464533083231, -0.6735545201390791, 0.09154566363108978, 0.0, -0.6750098724314986, -0.7375718572015639, -0.01869298221921696, 0.0, 0.08011224781176556, -0.04808392521883856, -0.9956254134392593, 0.0, 0.41754491640376534, 0.09374646928343539, 0.3308535002288727, 1.0]",
  "1783613849.2861512": "[0.7334534728594853, -0.6735476180972475, 0.09154020595282, 0.0, -0.6750030602228283, -0.7375782155262813, -0.01868808901099786, 0.0, 0.08010537959573621, -0.0480830753653579, -0.9956260071046921, 0.0, 0.4175446343789958, 0.09374721233221656, 0.3308513476420128, 1.0]",
  "1783613849.319101": "[0.7334534728594853, -0.6735476180972475, 0.09154020595282, 0.0, -0.6750030602228283, -0.7375782155262813, -0.01868808901099786, 0.0, 0.08010537959573621, -0.0480830753653579, -0.9956260071046921, 0.0, 0.4175446343789958, 0.09374721233221656, 0.3308513476420128, 1.0]",
  "1783613849.3524466": "[0.733451278699453, -0.6735496461731135, 0.09154286380822227, 0.0, -0.6750051201610824, -0.7375762961366445, -0.018689439094599913, 0.0, 0.08010811151475164, -0.048084108782648835, -0.9956257373893653, 0.0, 0.41754372421576985, 0.09374850619903843, 0.3308518687017621, 1.0]",
  "1783613849.385855": "[0.733451278699453, -0.6735496461731135, 0.09154286380822227, 0.0, -0.6750051201610824, -0.7375762961366445, -0.018689439094599913, 0.0, 0.08010811151475164, -0.048084108782648835, -0.9956257373893653, 0.0, 0.41754372421576985, 0.09374850619903843, 0.3308518687017621, 1.0]",
  "1783613849.4190958": "[0.7334485212243431, -0.6735521461736215, 0.09154656246267699, 0.0, -0.6750075916785604, -0.7375739643058681, -0.018692200363675845, 0.0, 0.08011253266583267, -0.048084857939215325, -0.9956253454722974, 0.0, 0.4175447256919565, 0.0937465341209612, 0.3308541177666716, 1.0]",
  "1783613849.4524393": "[0.7334485212243431, -0.6735521461736215, 0.09154656246267699, 0.0, -0.6750075916785604, -0.7375739643058681, -0.018692200363675845, 0.0, 0.08011253266583267, -0.048084857939215325, -0.9956253454722974, 0.0, 0.4175447256919565, 0.0937465341209612, 0.3308541177666716, 1.0]",
  "1783613849.485811": "[0.7334502262061645, -0.6735506929064328, 0.09154359487910904, 0.0, -0.6750061870095081, -0.7375753130902636, -0.018689703547268573, 0.0, 0.08010875842884566, -0.04808452563002024, -0.9956256652065196, 0.0, 0.41754388111143526, 0.09374781956805284, 0.33085214447553907, 1.0]",
  "1783613849.5191493": "[0.7334502262061645, -0.6735506929064328, 0.09154359487910904, 0.0, -0.6750061870095081, -0.7375753130902636, -0.018689703547268573, 0.0, 0.08010875842884566, -0.04808452563002024, -0.9956256652065196, 0.0, 0.41754388111143526, 0.09374781956805284, 0.33085214447553907, 1.0]",
  "1783613849.5524507": "[0.7334456869183016, -0.6735557626752561, 0.09154266168238011, 0.0, -0.6750110528485237, -0.7375708010612163, -0.018692029163330143, 0.0, 0.08010931826740399, -0.04808272027318401, -0.9956257073508408, 0.0, 0.41754440678284593, 0.09374729764018727, 0.33085334460791915, 1.0]",
  "1783613849.585785": "[0.7334456869183016, -0.6735557626752561, 0.09154266168238011, 0.0, -0.6750110528485237, -0.7375708010612163, -0.018692029163330143, 0.0, 0.08010931826740399, -0.04808272027318401, -0.9956257073508408, 0.0, 0.41754440678284593, 0.09374729764018727, 0.33085334460791915, 1.0]",
  "1783613849.6191158": "[0.7334539738626155, -0.673546775770701, 0.0915423894926871, 0.0, -0.6750021812274778, -0.7375789764957379, -0.018689803895360346, 0.0, 0.08010819910149698, -0.048083201644574095, -0.9956257741522776, 0.0, 0.4175439361267564, 0.0937504886447738, 0.3308518205124389, 1.0]",
  "1783613849.6524444": "[0.7334539738626155, -0.673546775770701, 0.0915423894926871, 0.0, -0.6750021812274778, -0.7375789764957379, -0.018689803895360346, 0.0, 0.08010819910149698, -0.048083201644574095, -0.9956257741522776, 0.0, 0.4175439361267564, 0.0937504886447738, 0.3308518205124389, 1.0]",
  "1783613849.6858194": "[0.7334537410687396, -0.6735466606007917, 0.09154510203059511, 0.0, -0.6750017921001853, -0.7375792050351475, -0.01869483782380551, 0.0, 0.08011360916728537, -0.048081309188102474, -0.9956254302361656, 0.0, 0.4175451038242527, 0.09374965125247256, 0.330854776629381, 1.0]",
  "1783613849.719119": "[0.7334537410687396, -0.6735466606007917, 0.09154510203059511, 0.0, -0.6750017921001853, -0.7375792050351475, -0.01869483782380551, 0.0, 0.08011360916728537, -0.048081309188102474, -0.9956254302361656, 0.0, 0.4175451038242527, 0.09374965125247256, 0.330854776629381, 1.0]",
  "1783613849.7524543": "[0.7334490557312844, -0.6735520835052472, 0.09154274112472097, 0.0, -0.6750075010793483, -0.7375740969857314, -0.018690236550026454, 0.0, 0.08010840239014091, -0.04808370057954037, -0.995625733699705, 0.0, 0.4175446266388634, 0.09374709895264485, 0.33085232240108664, 1.0]",
  "1783613849.7859468": "[0.7334490557312844, -0.6735520835052472, 0.09154274112472097, 0.0, -0.6750075010793483, -0.7375740969857314, -0.018690236550026454, 0.0, 0.08010840239014091, -0.04808370057954037, -0.995625733699705, 0.0, 0.4175446266388634, 0.09374709895264485, 0.33085232240108664, 1.0]",
  "1783613849.8191867": "[0.7334501107965499, -0.6735510027815418, 0.09154223956463062, 0.0, -0.6750065677125093, -0.7375750071679734, -0.018688026812416915, 0.0, 0.08010660720256652, -0.04808487759310152, -0.9956258212950035, 0.0, 0.41754365388927256, 0.09374601944287819, 0.33085156602301474, 1.0]",
  "1783613849.8528795": "[0.7334501107965499, -0.6735510027815418, 0.09154223956463062, 0.0, -0.6750065677125093, -0.7375750071679734, -0.018688026812416915, 0.0, 0.08010660720256652, -0.04808487759310152, -0.9956258212950035, 0.0, 0.41754365388927256, 0.09374601944287819, 0.33085156602301474, 1.0]",
  "1783613849.8866084": "[0.7334492906665421, -0.6735515309082717, 0.09154492466472351, 0.0, -0.675006924604118, -0.7375745846187076, -0.01869181267378158, 0.0, 0.08011110882541052, -0.0480839613141937, -0.9956255033430486, 0.0, 0.4175444818524675, 0.09374776607092924, 0.33085338767540606, 1.0]",
  "1783613849.9191437": "[0.7334492906665421, -0.6735515309082717, 0.09154492466472351, 0.0, -0.675006924604118, -0.7375745846187076, -0.01869181267378158, 0.0, 0.08011110882541052, -0.0480839613141937, -0.9956255033430486, 0.0, 0.4175444818524675, 0.09374776607092924, 0.33085338767540606, 1.0]",
  "1783613849.952441": "[0.7334537212458171, -0.6735467825089276, 0.09154436390370883, 0.0, -0.6750021454400901, -0.7375789656424705, -0.018691524631753477, 0.0, 0.08011081351439937, -0.04808327374103436, -0.9956255603109065, 0.0, 0.4175445584086225, 0.09374906861315987, 0.330853839711411, 1.0]",
  "1783613849.985784": "[0.7334537212458171, -0.6735467825089276, 0.09154436390370883, 0.0, -0.6750021454400901, -0.7375789656424705, -0.018691524631753477, 0.0, 0.08011081351439937, -0.04808327374103436, -0.9956255603109065, 0.0, 0.4175445584086225, 0.09374906861315987, 0.330853839711411, 1.0]",
  "1783613850.0190756": "[0.7334496579854376, -0.6735518224154867, 0.09153983680246086, 0.0, -0.67500703266756, -0.7375745052528897, -0.01869104197979099, 0.0, 0.08010683522883794, -0.048081095263432655, -0.9956259856130154, 0.0, 0.4175444238757243, 0.09374863032364178, 0.3308513065397409, 1.0]",
  "1783613850.0524445": "[0.7334496579854376, -0.6735518224154867, 0.09153983680246086, 0.0, -0.67500703266756, -0.7375745052528897, -0.01869104197979099, 0.0, 0.08010683522883794, -0.048081095263432655, -0.9956259856130154, 0.0, 0.4175444238757243, 0.09374863032364178, 0.3308513065397409, 1.0]",
  "1783613850.085783": "[0.7334525519625095, -0.673548401530415, 0.09154182003601052, 0.0, -0.6750037307201076, -0.7375775402712768, -0.0186905216971101, 0.0, 0.08010816146697455, -0.04808245920495973, -0.9956258130357938, 0.0, 0.4175433167881408, 0.09374780526270829, 0.3308520845648454, 1.0]",
  "1783613850.1192076": "[0.7334525519625095, -0.673548401530415, 0.09154182003601052, 0.0, -0.6750037307201076, -0.7375775402712768, -0.0186905216971101, 0.0, 0.08010816146697455, -0.04808245920495973, -0.9956258130357938, 0.0, 0.4175433167881408, 0.09374780526270829, 0.3308520845648454, 1.0]",
  "1783613850.1524463": "[0.7334536048865821, -0.6735471713096507, 0.09154243551296615, 0.0, -0.6750024880388913, -0.7375786663660551, -0.01869096206667812, 0.0, 0.0801089921306212, -0.048082418225788494, -0.9956257481791921, 0.0, 0.4175443546016887, 0.09374895606353051, 0.3308520772799318, 1.0]",
  "1783613850.1857743": "[0.7334536048865821, -0.6735471713096507, 0.09154243551296615, 0.0, -0.6750024880388913, -0.7375786663660551, -0.01869096206667812, 0.0, 0.0801089921306212, -0.048082418225788494, -0.9956257481791921, 0.0, 0.4175443546016887, 0.09374895606353051, 0.3308520772799318, 1.0]",
  "1783613850.2191217": "[0.73345406254799, -0.6735460269199975, 0.09154718866319847, 0.0, -0.6750014468067638, -0.7375795810712726, -0.018692468951458437, 0.0, 0.08011357525803495, -0.04808441750725138, -0.9956252828511154, 0.0, 0.41754453307874706, 0.09375036801765084, 0.33085396443294807, 1.0]",
  "1783613850.252456": "[0.73345406254799, -0.6735460269199975, 0.09154718866319847, 0.0, -0.6750014468067638, -0.7375795810712726, -0.018692468951458437, 0.0, 0.08011357525803495, -0.04808441750725138, -0.9956252828511154, 0.0, 0.41754453307874706, 0.09375036801765084, 0.33085396443294807, 1.0]",
  "1783613850.2858086": "[0.7334476071434162, -0.6735541421114787, 0.09153920045569094, 0.0, -0.6750092883591211, -0.7375724263676737, -0.01869161552717403, 0.0, 0.08010660524894411, -0.04808048987450835, -0.9956260333523412, 0.0, 0.41754499648709537, 0.09374854923491296, 0.3308512750916551, 1.0]",
  "1783613850.3194518": "[0.7334476071434162, -0.6735541421114787, 0.09153920045569094, 0.0, -0.6750092883591211, -0.7375724263676737, -0.01869161552717403, 0.0, 0.08010660524894411, -0.04808048987450835, -0.9956260333523412, 0.0, 0.41754499648709537, 0.09374854923491296, 0.3308512750916551, 1.0]",
  "1783613850.35282": "[0.7334488467720233, -0.6735524569121267, 0.09154166787002993, 0.0, -0.6750077768125116, -0.7375738296350514, -0.01869082877013608, 0.0, 0.08010799218192693, -0.04808257090798856, -0.9956258212619129, 0.0, 0.41754408896034806, 0.09374705157807506, 0.33085191684083604, 1.0]",
  "1783613850.385813": "[0.7334488467720233, -0.6735524569121267, 0.09154166787002993, 0.0, -0.6750077768125116, -0.7375738296350514, -0.01869082877013608, 0.0, 0.08010799218192693, -0.04808257090798856, -0.9956258212619129, 0.0, 0.41754408896034806, 0.09374705157807506, 0.33085191684083604, 1.0]",
  "1783613850.4191413": "[0.7334535451923492, -0.6735467570071885, 0.09154596206209216, 0.0, -0.6750020305246358, -0.7375790182455284, -0.018693598679236416, 0.0, 0.08011339358929391, -0.04808282405455452, -0.9956253744248109, 0.0, 0.41754490979779807, 0.09374963973614621, 0.33085417179668897, 1.0]",
  "1783613850.4524512": "[0.7334535451923492, -0.6735467570071885, 0.09154596206209216, 0.0, -0.6750020305246358, -0.7375790182455284, -0.018693598679236416, 0.0, 0.08011339358929391, -0.04808282405455452, -0.9956253744248109, 0.0, 0.41754490979779807, 0.09374963973614621, 0.33085417179668897, 1.0]",
  "1783613850.4858005": "[0.7334548383394235, -0.6735459403970226, 0.09154160961650579, 0.0, -0.6750014162502339, -0.7375797121477514, -0.01868839983033182, 0.0, 0.08010672990872059, -0.04808361886058892, -0.9956258722133533, 0.0, 0.41754419815105154, 0.09374862251184052, 0.33085180216796317, 1.0]",
  "1783613850.519118": "[0.7334548383394235, -0.6735459403970226, 0.09154160961650579, 0.0, -0.6750014162502339, -0.7375797121477514, -0.01868839983033182, 0.0, 0.08010672990872059, -0.04808361886058892, -0.9956258722133533, 0.0, 0.41754419815105154, 0.09374862251184052, 0.33085180216796317, 1.0]",
  "1783613850.5524466": "[0.7334527117358252, -0.6735475309023177, 0.0915469456768267, 0.0, -0.675002992803451, -0.7375781805228823, -0.018691905278449703, 0.0, 0.08011291627290079, -0.04808483369988485, -0.9956253157761232, 0.0, 0.41754387348875416, 0.0937482438237269, 0.3308535755247634, 1.0]",
  "1783613850.585808": "[0.7334527117358252, -0.6735475309023177, 0.0915469456768267, 0.0, -0.675002992803451, -0.7375781805228823, -0.018691905278449703, 0.0, 0.08011291627290079, -0.04808483369988485, -0.9956253157761232, 0.0, 0.41754387348875416, 0.0937482438237269, 0.3308535755247634, 1.0]",
  "1783613850.6197073": "[0.7334481906287165, -0.6735532936551167, 0.09154076834834933, 0.0, -0.6750086133313564, -0.7375730762806292, -0.018690347091706097, 0.0, 0.08010695095896044, -0.04808240584947167, -0.9956259130093921, 0.0, 0.4175441109526962, 0.09374825251427482, 0.3308525636415836, 1.0]",
  "1783613850.6525197": "[0.7334481906287165, -0.6735532936551167, 0.09154076834834933, 0.0, -0.6750086133313564, -0.7375730762806292, -0.018690347091706097, 0.0, 0.08010695095896044, -0.04808240584947167, -0.9956259130093921, 0.0, 0.4175441109526962, 0.09374825251427482, 0.3308525636415836, 1.0]",
  "1783613850.6858084": "[0.7334485078882529, -0.673552376071044, 0.09154497782809515, 0.0, -0.6750078059814961, -0.7375737871021844, -0.01869145376337544, 0.0, 0.08011084908139723, -0.04808435575935724, -0.9956255051929239, 0.0, 0.4175433232352643, 0.0937478335057948, 0.33085303599519544, 1.0]",
  "1783613850.7191453": "[0.7334485078882529, -0.673552376071044, 0.09154497782809515, 0.0, -0.6750078059814961, -0.7375737871021844, -0.01869145376337544, 0.0, 0.08011084908139723, -0.04808435575935724, -0.9956255051929239, 0.0, 0.4175433232352643, 0.0937478335057948, 0.33085303599519544, 1.0]",
  "1783613850.7524521": "[0.733446733420628, -0.6735552021230905, 0.09153840138178572, 0.0, -0.6750102102176295, -0.7375715495324355, -0.01869292439062946, 0.0, 0.08010683701508779, -0.048079091227318974, -0.995626082246841, 0.0, 0.41754493953060473, 0.09374816409416616, 0.3308519809196603, 1.0]",
  "1783613850.7857714": "[0.733446733420628, -0.6735552021230905, 0.09153840138178572, 0.0, -0.6750102102176295, -0.7375715495324355, -0.01869292439062946, 0.0, 0.08010683701508779, -0.048079091227318974, -0.995626082246841, 0.0, 0.41754493953060473, 0.09374816409416616, 0.3308519809196603, 1.0]",
  "1783613850.8191357": "[0.7334510934006792, -0.6735495785142194, 0.09154484623759851, 0.0, -0.6750049040225115, -0.7375764169734909, -0.0186924762968114, 0.0, 0.08011162921142145, -0.04808320297010316, -0.9956254980951558, 0.0, 0.4175442034058864, 0.09374932493229612, 0.33085333793642857, 1.0]",
  "1783613850.8524446": "[0.7334510934006792, -0.6735495785142194, 0.09154484623759851, 0.0, -0.6750049040225115, -0.7375764169734909, -0.0186924762968114, 0.0, 0.08011162921142145, -0.04808320297010316, -0.9956254980951558, 0.0, 0.4175442034058864, 0.09374932493229612, 0.33085333793642857, 1.0]",
  "1783613850.8858058": "[0.7334530623373139, -0.673547479104691, 0.09154451780271879, 0.0, -0.6750027064564, -0.737578405932285, -0.01869335119567963, 0.0, 0.08011211908663766, -0.048082101598263156, -0.9956255118674606, 0.0, 0.4175449633567999, 0.09374918489786199, 0.33085488603530355, 1.0]",
  "1783613850.9200406": "[0.7334530623373139, -0.673547479104691, 0.09154451780271879, 0.0, -0.6750027064564, -0.737578405932285, -0.01869335119567963, 0.0, 0.08011211908663766, -0.048082101598263156, -0.9956255118674606, 0.0, 0.4175449633567999, 0.09374918489786199, 0.33085488603530355, 1.0]",
  "1783613850.9527333": "[0.7334555326762057, -0.673544173423009, 0.0915490471527639, 0.0, -0.674999177305841, -0.7375815018298917, -0.018698630826853878, 0.0, 0.08011923753444646, -0.04808091727782345, -0.9956249962564327, 0.0, 0.4175465570408081, 0.09374856708271614, 0.3308556825007795, 1.0]",
  "1783613850.9857876": "[0.7334555326762057, -0.673544173423009, 0.0915490471527639, 0.0, -0.674999177305841, -0.7375815018298917, -0.018698630826853878, 0.0, 0.08011923753444646, -0.04808091727782345, -0.9956249962564327, 0.0, 0.4175465570408081, 0.09374856708271614, 0.3308556825007795, 1.0]",
  "1783613851.019134": "[0.7333610000779293, -0.6734369741752533, 0.09308214317675975, 0.0, -0.6747712634885541, -0.7377261339193255, -0.021068775534100616, 0.0, 0.08285762206797839, -0.04735813706349922, -0.9954354932988452, 0.0, 0.4180318735125477, 0.09397060364547916, 0.33148422429394403, 1.0]",
  "1783613851.0524545": "[0.7333610000779293, -0.6734369741752533, 0.09308214317675975, 0.0, -0.6747712634885541, -0.7377261339193255, -0.021068775534100616, 0.0, 0.08285762206797839, -0.04735813706349922, -0.9954354932988452, 0.0, 0.4180318735125477, 0.09397060364547916, 0.33148422429394403, 1.0]",
  "1783613851.0862715": "[0.7327213337707719, -0.6739661926967071, 0.09428158960839712, 0.0, -0.6750882048919091, -0.7373374341571151, -0.02427805194865201, 0.0, 0.08587993160803555, -0.04585934247791609, -0.9952494953801745, 0.0, 0.41845087268523723, 0.094167246695022, 0.3319812389275349, 1.0]",
  "1783613851.1191227": "[0.7327213337707719, -0.6739661926967071, 0.09428158960839712, 0.0, -0.6750882048919091, -0.7373374341571151, -0.02427805194865201, 0.0, 0.08587993160803555, -0.04585934247791609, -0.9952494953801745, 0.0, 0.41845087268523723, 0.094167246695022, 0.3319812389275349, 1.0]",
  "1783613851.1524608": "[0.729308841156318, -0.6775791700805843, 0.09484240867953114, 0.0, -0.6779276908454496, -0.7343668960434433, -0.033456060444638745, 0.0, 0.09231825494551518, -0.03989649443779975, -0.9949299520747126, 0.0, 0.4192557393272497, 0.0942584811370793, 0.33247811509725456, 1.0]",
  "1783613851.1905854": "[0.729308841156318, -0.6775791700805843, 0.09484240867953114, 0.0, -0.6779276908454496, -0.7343668960434433, -0.033456060444638745, 0.0, 0.09231825494551518, -0.03989649443779975, -0.9949299520747126, 0.0, 0.4192557393272497, 0.0942584811370793, 0.33247811509725456, 1.0]",
  "1783613851.2191212": "[0.7277140140230594, -0.6792245573293613, 0.09532216172108175, 0.0, -0.6788345794080405, -0.7331183487945627, -0.04148614781638903, 0.0, 0.09806083619037496, -0.03451792840637731, -0.9945816130535379, 0.0, 0.4201230634666894, 0.09401592951323715, 0.33268354473983336, 1.0]",
  "1783613851.2524884": "[0.7277140140230594, -0.6792245573293613, 0.09532216172108175, 0.0, -0.6788345794080405, -0.7331183487945627, -0.04148614781638903, 0.0, 0.09806083619037496, -0.03451792840637731, -0.9945816130535379, 0.0, 0.4201230634666894, 0.09401592951323715, 0.33268354473983336, 1.0]",
  "1783613851.285883": "[0.7283067393628703, -0.6785556087820294, 0.09555929671713682, 0.0, -0.6768720359345687, -0.7341128934863261, -0.054060212605262455, 0.0, 0.10683417228778548, -0.025308998549601704, -0.9939546841903812, 0.0, 0.4213777897137055, 0.09401759342120691, 0.33291126212134053, 1.0]",
  "1783613851.3191564": "[0.7283067393628703, -0.6785556087820294, 0.09555929671713682, 0.0, -0.6768720359345687, -0.7341128934863261, -0.054060212605262455, 0.0, 0.10683417228778548, -0.025308998549601704, -0.9939546841903812, 0.0, 0.4213777897137055, 0.09401759342120691, 0.33291126212134053, 1.0]",
  "1783613851.3525424": "[0.7287434588450488, -0.6781027430551283, 0.0954444396058011, 0.0, -0.6750563643074645, -0.7347890240150261, -0.06621174514414244, 0.0, 0.11502989263031776, -0.016179000221146246, -0.9932302672358015, 0.0, 0.42263497686477386, 0.09394068740455401, 0.33294530949801765, 1.0]",
  "1783613851.3866394": "[0.7287434588450488, -0.6781027430551283, 0.0954444396058011, 0.0, -0.6750563643074645, -0.7347890240150261, -0.06621174514414244, 0.0, 0.11502989263031776, -0.016179000221146246, -0.9932302672358015, 0.0, 0.42263497686477386, 0.09394068740455401, 0.33294530949801765, 1.0]",
  "1783613851.419186": "[0.7295112191537694, -0.677289653140214, 0.09535253996611524, 0.0, -0.6722067718701225, -0.7357075649347471, -0.08290014927449925, 0.0, 0.12629899833621136, -0.0036200341149697363, -0.9919856139946166, 0.0, 0.42423104668907596, 0.09402581439329895, 0.3330392693814883, 1.0]",
  "1783613851.4528031": "[0.7295112191537694, -0.677289653140214, 0.09535253996611524, 0.0, -0.6722067718701225, -0.7357075649347471, -0.08290014927449925, 0.0, 0.12629899833621136, -0.0036200341149697363, -0.9919856139946166, 0.0, 0.42423104668907596, 0.09402581439329895, 0.3330392693814883, 1.0]",
  "1783613851.4857924": "[0.7297418105379598, -0.677031525080424, 0.09542119261493036, 0.0, -0.6698689771226791, -0.735910612959848, -0.09854503144083863, 0.0, 0.13693956127210247, 0.007992732970368219, -0.9905471582808505, 0.0, 0.42579754844014495, 0.09397140264708953, 0.3329722623383262, 1.0]",
  "1783613851.519786": "[0.7297418105379598, -0.677031525080424, 0.09542119261493036, 0.0, -0.6698689771226791, -0.735910612959848, -0.09854503144083863, 0.0, 0.13693956127210247, 0.007992732970368219, -0.9905471582808505, 0.0, 0.42579754844014495, 0.09397140264708953, 0.3329722623383262, 1.0]",
  "1783613851.5527775": "[0.7301447101222839, -0.6766176287580389, 0.09527479590266648, 0.0, -0.6664666763650807, -0.7359607360943063, -0.1190964492434983, 0.0, 0.15070126600439918, 0.023460165842875802, -0.9883009405253522, 0.0, 0.42768100381717566, 0.0940497827467924, 0.3331387525349421, 1.0]",
  "1783613851.5857742": "[0.7301447101222839, -0.6766176287580389, 0.09527479590266648, 0.0, -0.6664666763650807, -0.7359607360943063, -0.1190964492434983, 0.0, 0.15070126600439918, 0.023460165842875802, -0.9883009405253522, 0.0, 0.42768100381717566, 0.0940497827467924, 0.3331387525349421, 1.0]",
  "1783613851.6191967": "[0.730117767252732, -0.6765850591034466, 0.09571156534019827, 0.0, -0.6632460811939642, -0.7353838017018288, -0.1389794948019839, 0.0, 0.16441618449147544, 0.03799107780191062, -0.9856591684171128, 0.0, 0.42957881032884854, 0.09405280573828571, 0.3331848001909494, 1.0]",
  "1783613851.6524823": "[0.730117767252732, -0.6765850591034466, 0.09571156534019827, 0.0, -0.6632460811939642, -0.7353838017018288, -0.1389794948019839, 0.0, 0.16441618449147544, 0.03799107780191062, -0.9856591684171128, 0.0, 0.42957881032884854, 0.09405280573828571, 0.3331848001909494, 1.0]",
  "1783613851.685797": "[0.7304859780069557, -0.6762860281587524, 0.09501286256334317, 0.0, -0.6589106422168471, -0.7345135714372211, -0.1622546731158167, 0.0, 0.17951880544556736, 0.05591977728673279, -0.9821639257270647, 0.0, 0.4317250155005184, 0.09416755888607571, 0.3331053749829204, 1.0]",
  "1783613851.7191029": "[0.7304859780069557, -0.6762860281587524, 0.09501286256334317, 0.0, -0.6589106422168471, -0.7345135714372211, -0.1622546731158167, 0.0, 0.17951880544556736, 0.05591977728673279, -0.9821639257270647, 0.0, 0.4317250155005184, 0.09416755888607571, 0.3331053749829204, 1.0]",
  "1783613851.7524729": "[0.7301354284012971, -0.6767378039847126, 0.09448915732084316, 0.0, -0.6551273002331067, -0.7326033061367452, -0.18466352191700214, 0.0, 0.19419185534551964, 0.0729269531480574, -0.9782490392645453, 0.0, 0.4338882046858574, 0.09397256837518803, 0.33272134074069115, 1.0]",
  "1783613851.7859418": "[0.7301354284012971, -0.6767378039847126, 0.09448915732084316, 0.0, -0.6551273002331067, -0.7326033061367452, -0.18466352191700214, 0.0, 0.19419185534551964, 0.0729269531480574, -0.9782490392645453, 0.0, 0.4338882046858574, 0.09397256837518803, 0.33272134074069115, 1.0]",
  "1783613851.8191178": "[0.7303198838372991, -0.6766864006441977, 0.09342581257379631, 0.0, -0.6496642665049088, -0.7303085965187559, -0.21115324927039045, 0.0, 0.21111420629250113, 0.09351400448063937, -0.9729778635033184, 0.0, 0.436345221218137, 0.09390030284189532, 0.3325371682819246, 1.0]",
  "1783613851.8535113": "[0.7303198838372991, -0.6766864006441977, 0.09342581257379631, 0.0, -0.6496642665049088, -0.7303085965187559, -0.21115324927039045, 0.0, 0.21111420629250113, 0.09351400448063937, -0.9729778635033184, 0.0, 0.436345221218137, 0.09390030284189532, 0.3325371682819246, 1.0]",
  "1783613851.8857977": "[0.7305329899487802, -0.6762875412395494, 0.09463990786481202, 0.0, -0.6433215024775772, -0.728058731604242, -0.23678667146783364, 0.0, 0.22903928712447547, 0.11209658736548575, -0.9669412391942569, 0.0, 0.4389377765445082, 0.09398329884601886, 0.3328072699298282, 1.0]",
  "1783613851.919131": "[0.7305329899487802, -0.6762875412395494, 0.09463990786481202, 0.0, -0.6433215024775772, -0.728058731604242, -0.23678667146783364, 0.0, 0.22903928712447547, 0.11209658736548575, -0.9669412391942569, 0.0, 0.4389377765445082, 0.09398329884601886, 0.3328072699298282, 1.0]",
  "1783613851.9524777": "[0.7307360892779948, -0.6762276296407176, 0.09349310529230966, 0.0, -0.6362741324126754, -0.7242879832941682, -0.26563536225089424, 0.0, 0.24734590404775186, 0.13462210132873068, -0.9595295167865536, 0.0, 0.4417371009581132, 0.09395148624202325, 0.3328219027794779, 1.0]",
  "1783613851.9857833": "[0.7307360892779948, -0.6762276296407176, 0.09349310529230966, 0.0, -0.6362741324126754, -0.7242879832941682, -0.26563536225089424, 0.0, 0.24734590404775186, 0.13462210132873068, -0.9595295167865536, 0.0, 0.4417371009581132, 0.09395148624202325, 0.3328219027794779, 1.0]",
  "1783613852.0191364": "[0.7306545485341928, -0.6762855134127597, 0.09371144569547031, 0.0, -0.6292613933170306, -0.7202971293458837, -0.2918940635518113, 0.0, 0.2649038119525733, 0.15430473033617476, -0.9518487383029284, 0.0, 0.4442337847465095, 0.09376115269587154, 0.33241449683726, 1.0]",
  "1783613852.0524611": "[0.7306545485341928, -0.6762855134127597, 0.09371144569547031, 0.0, -0.6292613933170306, -0.7202971293458837, -0.2918940635518113, 0.0, 0.2649038119525733, 0.15430473033617476, -0.9518487383029284, 0.0, 0.4442337847465095, 0.09376115269587154, 0.33241449683726, 1.0]",
