{
  "1783613917.5425196": "[0.7289789400796223, -0.6780190467879713, 0.09423309988067412, 0.0, -0.6794286198218585, -0.7334362465337454, -0.021166549965820416, 0.0, 0.08346529510733668, -0.04859469583423562, -0.9953251227862299, 0.0, 0.41830996509145313, 0.09426153948118723, 0.33238416101744306, 1.0]",
  "1783613917.5754447": "[0.7289789400796223, -0.6780190467879713, 0.09423309988067412, 0.0, -0.6794286198218585, -0.7334362465337454, -0.021166549965820416, 0.0, 0.08346529510733668, -0.04859469583423562, -0.9953251227862299, 0.0, 0.41830996509145313, 0.09426153948118723, 0.33238416101744306, 1.0]",
  "1783613917.6088152": "[0.7289883751980575, -0.6780075891210342, 0.09424254835465244, 0.0, -0.6794173051142878, -0.7334466414840646, -0.021169544326352374, 0.0, 0.0834749922871204, -0.04859766650807004, -0.995324164517589, 0.0, 0.4183082157249773, 0.09426585268368556, 0.33238730870586075, 1.0]",
  "1783613917.642643": "[0.7289883751980575, -0.6780075891210342, 0.09424254835465244, 0.0, -0.6794173051142878, -0.7334466414840646, -0.021169544326352374, 0.0, 0.0834749922871204, -0.04859766650807004, -0.995324164517589, 0.0, 0.4183082157249773, 0.09426585268368556, 0.33238730870586075, 1.0]",
  "1783613917.6769114": "[0.7289785671720608, -0.6780185926058, 0.09423925235600869, 0.0, -0.6794283991643566, -0.7334364282539487, -0.021167336134964347, 0.0, 0.08347034810475593, -0.04859829000017309, -0.9953245235581862, 0.0, 0.418309187675075, 0.09426189083417043, 0.3323862634113225, 1.0]",
  "1783613917.7087796": "[0.7289785671720608, -0.6780185926058, 0.09423925235600869, 0.0, -0.6794283991643566, -0.7334364282539487, -0.021167336134964347, 0.0, 0.08347034810475593, -0.04859829000017309, -0.9953245235581862, 0.0, 0.418309187675075, 0.09426189083417043, 0.3323862634113225, 1.0]",
  "1783613917.7420633": "[0.7289812800149436, -0.6780148732144651, 0.09424502685949653, 0.0, -0.6794247034188694, -0.7334397701770805, -0.02117016548760147, 0.0, 0.08347673790916728, -0.04859974508743691, -0.9953239166248744, 0.0, 0.4183092076750978, 0.09426243848397567, 0.33238832960136444, 1.0]",
  "1783613917.7755194": "[0.7289812800149436, -0.6780148732144651, 0.09424502685949653, 0.0, -0.6794247034188694, -0.7334397701770805, -0.02117016548760147, 0.0, 0.08347673790916728, -0.04859974508743691, -0.9953239166248744, 0.0, 0.4183092076750978, 0.09426243848397567, 0.33238832960136444, 1.0]",
  "1783613917.8087535": "[0.7289837098625693, -0.6780129536556494, 0.09424004154364275, 0.0, -0.6794227022664916, -0.7334416841916074, -0.021168078209335882, 0.0, 0.083471806017982, -0.04859763950358551, -0.9953244330542559, 0.0, 0.4183080903785387, 0.09426373561911124, 0.3323853926035205, 1.0]",
  "1783613917.842065": "[0.7289837098625693, -0.6780129536556494, 0.09424004154364275, 0.0, -0.6794227022664916, -0.7334416841916074, -0.021168078209335882, 0.0, 0.083471806017982, -0.04859763950358551, -0.9953244330542559, 0.0, 0.4183080903785387, 0.09426373561911124, 0.3323853926035205, 1.0]",
  "1783613917.8754315": "[0.7289830252109395, -0.6780137271475746, 0.09423977267460448, 0.0, -0.6794233936321614, -0.7334410183991575, -0.02116895639761073, 0.0, 0.08347215787113554, -0.048596896290414464, -0.9953244398342056, 0.0, 0.41830859230371814, 0.09426334152776801, 0.3323871246017451, 1.0]",
  "1783613917.9087527": "[0.7289830252109395, -0.6780137271475746, 0.09423977267460448, 0.0, -0.6794233936321614, -0.7334410183991575, -0.02116895639761073, 0.0, 0.08347215787113554, -0.048596896290414464, -0.9953244398342056, 0.0, 0.41830859230371814, 0.09426334152776801, 0.3323871246017451, 1.0]",
  "1783613917.942116": "[0.7289774685432762, -0.6780196337106571, 0.09424026028775152, 0.0, -0.6794289482920716, -0.7334357309986108, -0.021173868736337094, 0.0, 0.08347547291849518, -0.048594287703395446, -0.9953242891759619, 0.0, 0.4183109256984454, 0.09426144412489972, 0.33238751361458185, 1.0]",
  "1783613917.975407": "[0.7289774685432762, -0.6780196337106571, 0.09424026028775152, 0.0, -0.6794289482920716, -0.7334357309986108, -0.021173868736337094, 0.0, 0.08347547291849518, -0.048594287703395446, -0.9953242891759619, 0.0, 0.4183109256984454, 0.09426144412489972, 0.33238751361458185, 1.0]",
  "1783613918.0087492": "[0.7289790216028837, -0.6780174225153193, 0.09424415540809665, 0.0, -0.6794271626262545, -0.7334374704342626, -0.02117091515801672, 0.0, 0.08347644427345689, -0.048598886084702184, -0.9953239831948126, 0.0, 0.4183083839601591, 0.09426307624541348, 0.33238813395542693, 1.0]",
  "1783613918.0420744": "[0.7289790216028837, -0.6780174225153193, 0.09424415540809665, 0.0, -0.6794271626262545, -0.7334374704342626, -0.02117091515801672, 0.0, 0.08347644427345689, -0.048598886084702184, -0.9953239831948126, 0.0, 0.4183083839601591, 0.09426307624541348, 0.33238813395542693, 1.0]",
  "1783613918.0754178": "[0.7289810676676611, -0.6780161147809196, 0.0942377370245249, 0.0, -0.6794257200729974, -0.733438871623042, -0.02116866778066131, 0.0, 0.08347031739130853, -0.0485959842960891, -0.9953246387108523, 0.0, 0.418308905121254, 0.09426152466885127, 0.3323853341697588, 1.0]",
  "1783613918.108784": "[0.7289810676676611, -0.6780161147809196, 0.0942377370245249, 0.0, -0.6794257200729974, -0.733438871623042, -0.02116866778066131, 0.0, 0.08347031739130853, -0.0485959842960891, -0.9953246387108523, 0.0, 0.418308905121254, 0.09426152466885127, 0.3323853341697588, 1.0]",
  "1783613918.1420844": "[0.728982684061892, -0.6780139650398767, 0.09424070006544086, 0.0, -0.6794238270008026, -0.7334406680406511, -0.021167186106481724, 0.0, 0.08347160979340826, -0.04859886495575599, -0.9953243896758026, 0.0, 0.4183071884601701, 0.09426410588042489, 0.3323861660606006, 1.0]",
  "1783613918.1754127": "[0.728982684061892, -0.6780139650398767, 0.09424070006544086, 0.0, -0.6794238270008026, -0.7334406680406511, -0.021167186106481724, 0.0, 0.08347160979340826, -0.04859886495575599, -0.9953243896758026, 0.0, 0.4183071884601701, 0.09426410588042489, 0.3323861660606006, 1.0]",
  "1783613918.208899": "[0.728983136982145, -0.6780138954154481, 0.09423769744237814, 0.0, -0.6794235966989318, -0.7334408769936924, -0.02116733812767753, 0.0, 0.08346952883752662, -0.04859668279105013, -0.9953246707368146, 0.0, 0.4183084141697838, 0.0942617822009203, 0.33238515794069184, 1.0]",
  "1783613918.2421048": "[0.728983136982145, -0.6780138954154481, 0.09423769744237814, 0.0, -0.6794235966989318, -0.7334408769936924, -0.02116733812767753, 0.0, 0.08346952883752662, -0.04859668279105013, -0.9953246707368146, 0.0, 0.4183084141697838, 0.0942617822009203, 0.33238515794069184, 1.0]",
  "1783613918.2754393": "[0.7289802153072069, -0.6780166321333824, 0.0942406082385074, 0.0, -0.6794262712313445, -0.7334383230571329, -0.02116998421853592, 0.0, 0.08347327507250364, -0.0485970454003845, -0.9953243388599637, 0.0, 0.4183079609857386, 0.09426377224543592, 0.3323864487593829, 1.0]",
  "1783613918.3088012": "[0.7289802153072069, -0.6780166321333824, 0.0942406082385074, 0.0, -0.6794262712313445, -0.7334383230571329, -0.02116998421853592, 0.0, 0.08347327507250364, -0.0485970454003845, -0.9953243388599637, 0.0, 0.4183079609857386, 0.09426377224543592, 0.3323864487593829, 1.0]",
  "1783613918.342149": "[0.7289857673669198, -0.678010160384797, 0.09424422205867584, 0.0, -0.6794198803309583, -0.7334442236137277, -0.02117066505148521, 0.0, 0.08347680628491556, -0.048598284564764824, -0.9953239822037006, 0.0, 0.41830962213437467, 0.09426346058997603, 0.3323877504671608, 1.0]",
  "1783613918.3754437": "[0.7289857673669198, -0.678010160384797, 0.09424422205867584, 0.0, -0.6794198803309583, -0.7334442236137277, -0.02117066505148521, 0.0, 0.08347680628491556, -0.048598284564764824, -0.9953239822037006, 0.0, 0.41830962213437467, 0.09426346058997603, 0.3323877504671608, 1.0]",
  "1783613918.4087994": "[0.728979407960211, -0.6780176731262124, 0.09423936384811152, 0.0, -0.6794273994073072, -0.7334373268136358, -0.0211682916431971, 0.0, 0.08347114294535404, -0.048597557191534496, -0.9953244926808602, 0.0, 0.4183081021697644, 0.09426241469451302, 0.33238566091546057, 1.0]",
  "1783613918.444761": "[0.728979407960211, -0.6780176731262124, 0.09423936384811152, 0.0, -0.6794273994073072, -0.7334373268136358, -0.0211682916431971, 0.0, 0.08347114294535404, -0.048597557191534496, -0.9953244926808602, 0.0, 0.4183081021697644, 0.09426241469451302, 0.33238566091546057, 1.0]",
  "1783613918.4755147": "[0.7289815328705551, -0.6780157663235945, 0.09423664547470256, 0.0, -0.6794253213634572, -0.7334392428622134, -0.021168602218055013, 0.0, 0.08346949996171457, -0.0485952430422192, -0.9953247434530146, 0.0, 0.41830888280595085, 0.09426444232646053, 0.3323851977723253, 1.0]",
  "1783613918.508768": "[0.7289815328705551, -0.6780157663235945, 0.09423664547470256, 0.0, -0.6794253213634572, -0.7334392428622134, -0.021168602218055013, 0.0, 0.08346949996171457, -0.0485952430422192, -0.9953247434530146, 0.0, 0.41830888280595085, 0.09426444232646053, 0.3323851977723253, 1.0]",
  "1783613918.5420895": "[0.7289799302620472, -0.6780163968062368, 0.0942445061371139, 0.0, -0.6794258485275714, -0.7334385847270255, -0.021174484319746292, 0.0, 0.08347920476220684, -0.04859637944852706, -0.9953238740614854, 0.0, 0.4183099003127453, 0.09426353515844846, 0.3323887319785915, 1.0]",
  "1783613918.575421": "[0.7289799302620472, -0.6780163968062368, 0.0942445061371139, 0.0, -0.6794258485275714, -0.7334385847270255, -0.021174484319746292, 0.0, 0.08347920476220684, -0.04859637944852706, -0.9953238740614854, 0.0, 0.4183099003127453, 0.09426353515844846, 0.3323887319785915, 1.0]",
  "1783613918.608755": "[0.7289826022819439, -0.6780143346394603, 0.09423867355632305, 0.0, -0.6794242255705891, -0.7334403422751128, -0.0211656805033838, 0.0, 0.08346907977239533, -0.048598624947379404, -0.995324613568445, 0.0, 0.4183086301209684, 0.09426267561063212, 0.33238493812489284, 1.0]",
  "1783613918.642143": "[0.7289826022819439, -0.6780143346394603, 0.09423867355632305, 0.0, -0.6794242255705891, -0.7334403422751128, -0.0211656805033838, 0.0, 0.08346907977239533, -0.048598624947379404, -0.995324613568445, 0.0, 0.4183086301209684, 0.09426267561063212, 0.33238493812489284, 1.0]",
  "1783613918.6754243": "[0.7289827217780251, -0.6780131062469611, 0.09424658670980783, 0.0, -0.6794227280028634, -0.7334415057085957, -0.02117343564599735, 0.0, 0.08348022533659998, -0.04859820430072504, -0.9953236993644305, 0.0, 0.41830931741645405, 0.09426335487743248, 0.33238870534594017, 1.0]",
  "1783613918.7087462": "[0.7289827217780251, -0.6780131062469611, 0.09424658670980783, 0.0, -0.6794227280028634, -0.7334415057085957, -0.02117343564599735, 0.0, 0.08348022533659998, -0.04859820430072504, -0.9953236993644305, 0.0, 0.41830931741645405, 0.09426335487743248, 0.33238870534594017, 1.0]",
  "1783613918.7421157": "[0.7289834435746327, -0.6780127812518223, 0.09424334169180801, 0.0, -0.6794225631288172, -0.7334417690993971, -0.02116960207029868, 0.0, 0.08347526403395619, -0.04859876335376212, -0.9953240881717602, 0.0, 0.41830851715863804, 0.09426504269002267, 0.3323862767471487, 1.0]",
  "1783613918.7754695": "[0.7289834435746327, -0.6780127812518223, 0.09424334169180801, 0.0, -0.6794225631288172, -0.7334417690993971, -0.02116960207029868, 0.0, 0.08347526403395619, -0.04859876335376212, -0.9953240881717602, 0.0, 0.41830851715863804, 0.09426504269002267, 0.3323862767471487, 1.0]",
  "1783613918.8087783": "[0.7289796004042363, -0.6780171412364201, 0.09424170193747806, 0.0, -0.6794267454261423, -0.7334378522051039, -0.021171078205994606, 0.0, 0.08347478537929863, -0.04859704870006851, -0.9953242120352159, 0.0, 0.41830955691556826, 0.09426343953461123, 0.33238722926191056, 1.0]",
  "1783613918.8420846": "[0.7289796004042363, -0.6780171412364201, 0.09424170193747806, 0.0, -0.6794267454261423, -0.7334378522051039, -0.021171078205994606, 0.0, 0.08347478537929863, -0.04859704870006851, -0.9953242120352159, 0.0, 0.41830955691556826, 0.09426343953461123, 0.33238722926191056, 1.0]",
  "1783613918.875484": "[0.7289844735125848, -0.6780114741646686, 0.09424477852185124, 0.0, -0.6794213572333341, -0.7334428994608087, -0.021169141828065036, 0.0, 0.08347608467575561, -0.04859993962522591, -0.9953239619117138, 0.0, 0.41830853721305966, 0.09426295441668592, 0.3323872163668109, 1.0]",
  "1783613918.9087489": "[0.7289844735125848, -0.6780114741646686, 0.09424477852185124, 0.0, -0.6794213572333341, -0.7334428994608087, -0.021169141828065036, 0.0, 0.08347608467575561, -0.04859993962522591, -0.9953239619117138, 0.0, 0.41830853721305966, 0.09426295441668592, 0.3323872163668109, 1.0]",
  "1783613918.942084": "[0.7289859078431871, -0.6780107297846867, 0.09423903895350906, 0.0, -0.6794204488093003, -0.7334437831199512, -0.021167681556157253, 0.0, 0.08347095246739016, -0.04859698858499949, -0.9953245364174721, 0.0, 0.4183072504486241, 0.09426506506154114, 0.3323859146566476, 1.0]",
  "1783613918.9754238": "[0.7289859078431871, -0.6780107297846867, 0.09423903895350906, 0.0, -0.6794204488093003, -0.7334437831199512, -0.021167681556157253, 0.0, 0.08347095246739016, -0.04859698858499949, -0.9953245364174721, 0.0, 0.4183072504486241, 0.09426506506154114, 0.3323859146566476, 1.0]",
  "1783613919.010673": "[0.7289818129713276, -0.6780150718446502, 0.09423947531968967, 0.0, -0.679424925911254, -0.7334396657209963, -0.021166643511913275, 0.0, 0.08347027259763524, -0.048598550375163266, -0.9953245171771412, 0.0, 0.4183084102905829, 0.09426220592426365, 0.33238588865933816, 1.0]",
  "1783613919.042132": "[0.7289818129713276, -0.6780150718446502, 0.09423947531968967, 0.0, -0.679424925911254, -0.7334396657209963, -0.021166643511913275, 0.0, 0.08347027259763524, -0.048598550375163266, -0.9953245171771412, 0.0, 0.4183084102905829, 0.09426220592426365, 0.33238588865933816, 1.0]",
  "1783613919.075422": "[0.7289829673441777, -0.6780131200985152, 0.09424458762366181, 0.0, -0.6794228441035511, -0.7334414671229905, -0.02117104661364294, 0.0, 0.08347713598536691, -0.0485985933824393, -0.9953239394734406, 0.0, 0.41830885879125634, 0.0942648797035674, 0.3323877819412043, 1.0]",
  "1783613919.1087503": "[0.7289829673441777, -0.6780131200985152, 0.09424458762366181, 0.0, -0.6794228441035511, -0.7334414671229905, -0.02117104661364294, 0.0, 0.08347713598536691, -0.0485985933824393, -0.9953239394734406, 0.0, 0.41830885879125634, 0.0942648797035674, 0.3323877819412043, 1.0]",
  "1783613919.1433764": "[0.7289824795807309, -0.6780137546302324, 0.09424379553341561, 0.0, -0.6794231137333849, -0.7334411038100215, -0.02117497973480073, 0.0, 0.08347920093748565, -0.048595223779218946, -0.9953239308067934, 0.0, 0.41830949999080175, 0.09426531650298764, 0.3323886890434008, 1.0]",
  "1783613919.1757045": "[0.7289824795807309, -0.6780137546302324, 0.09424379553341561, 0.0, -0.6794231137333849, -0.7334411038100215, -0.02117497973480073, 0.0, 0.08347920093748565, -0.048595223779218946, -0.9953239308067934, 0.0, 0.41830949999080175, 0.09426531650298764, 0.3323886890434008, 1.0]",
  "1783613919.2087686": "[0.7289813391737682, -0.678015121694806, 0.09424278163125732, 0.0, -0.6794248238685976, -0.7334396519723079, -0.02117039503327888, 0.0, 0.08347524092534728, -0.04859806238850637, -0.9953241243356548, 0.0, 0.41830864842823184, 0.09426516316955125, 0.3323876009227764, 1.0]",
  "1783613919.2433038": "[0.7289813391737682, -0.678015121694806, 0.09424278163125732, 0.0, -0.6794248238685976, -0.7334396519723079, -0.02117039503327888, 0.0, 0.08347524092534728, -0.04859806238850637, -0.9953241243356548, 0.0, 0.41830864842823184, 0.09426516316955125, 0.3323876009227764, 1.0]",
  "1783613919.2754724": "[0.7289820601429295, -0.6780148931169742, 0.09423884921489777, 0.0, -0.6794244504205901, -0.7334400150235123, -0.02116980238425991, 0.0, 0.0834719842848446, -0.04859577218120429, -0.9953245092760765, 0.0, 0.41830864952838426, 0.09426332611240304, 0.33238578614655, 1.0]",
  "1783613919.3087447": "[0.7289820601429295, -0.6780148931169742, 0.09423884921489777, 0.0, -0.6794244504205901, -0.7334400150235123, -0.02116980238425991, 0.0, 0.0834719842848446, -0.04859577218120429, -0.9953245092760765, 0.0, 0.41830864952838426, 0.09426332611240304, 0.33238578614655, 1.0]",
  "1783613919.342156": "[0.7289811803294455, -0.6780150575769708, 0.09424447158526368, 0.0, -0.679424518392771, -0.73343982343848, -0.02117425798659698, 0.0, 0.0834791143474808, -0.0485963691383293, -0.9953238821480834, 0.0, 0.4183092414569726, 0.09426405911385835, 0.33238802420678637, 1.0]",
  "1783613919.375471": "[0.7289811803294455, -0.6780150575769708, 0.09424447158526368, 0.0, -0.679424518392771, -0.73343982343848, -0.02117425798659698, 0.0, 0.0834791143474808, -0.0485963691383293, -0.9953238821480834, 0.0, 0.4183092414569726, 0.09426405911385835, 0.33238802420678637, 1.0]",
  "1783613919.4088528": "[0.7289811547023131, -0.6780162471934643, 0.0942361110751776, 0.0, -0.6794258475330239, -0.7334387790547023, -0.021167784078153527, 0.0, 0.0834685197719128, -0.04859553395568713, -0.9953248114493314, 0.0, 0.4183082579353056, 0.09426478026248275, 0.33238464224784275, 1.0]",
  "1783613919.4421334": "[0.7289811547023131, -0.6780162471934643, 0.0942361110751776, 0.0, -0.6794258475330239, -0.7334387790547023, -0.021167784078153527, 0.0, 0.0834685197719128, -0.04859553395568713, -0.9953248114493314, 0.0, 0.4183082579353056, 0.09426478026248275, 0.33238464224784275, 1.0]",
  "1783613919.475462": "[0.7289813020768707, -0.678015952947166, 0.09423708808880109, 0.0, -0.6794255605576455, -0.7334390315004968, -0.02116824821619888, 0.0, 0.0834695686058055, -0.04859582925272282, -0.9953247090753856, 0.0, 0.41830869821431355, 0.09426323054775235, 0.33238494556001946, 1.0]",
  "1783613919.5087993": "[0.7289813020768707, -0.678015952947166, 0.09423708808880109, 0.0, -0.6794255605576455, -0.7334390315004968, -0.02116824821619888, 0.0, 0.0834695686058055, -0.04859582925272282, -0.9953247090753856, 0.0, 0.41830869821431355, 0.09426323054775235, 0.33238494556001946, 1.0]",
  "1783613919.54224": "[0.7289853110361474, -0.6780113905251084, 0.09423890179612955, 0.0, -0.679421153217683, -0.7334431465515969, -0.021167128686874287, 0.0, 0.08347043101533173, -0.048597377446751105, -0.9953245611615404, 0.0, 0.41830788599228635, 0.09426315064162574, 0.332384706360262, 1.0]",
  "1783613919.5754607": "[0.7289853110361474, -0.6780113905251084, 0.09423890179612955, 0.0, -0.679421153217683, -0.7334431465515969, -0.021167128686874287, 0.0, 0.08347043101533173, -0.048597377446751105, -0.9953245611615404, 0.0, 0.41830788599228635, 0.09426315064162574, 0.332384706360262, 1.0]",
  "1783613919.608912": "[0.7289821107006805, -0.6780144800286089, 0.09424143011391538, 0.0, -0.6794239624944333, -0.7334403984907705, -0.02117217631854, 0.0, 0.0834755141747791, -0.04859574809832233, -0.9953242144145904, 0.0, 0.41830861265572805, 0.09426387952344074, 0.33238660990696695, 1.0]",
  "1783613919.642316": "[0.7289821107006805, -0.6780144800286089, 0.09424143011391538, 0.0, -0.6794239624944333, -0.7334403984907705, -0.02117217631854, 0.0, 0.0834755141747791, -0.04859574809832233, -0.9953242144145904, 0.0, 0.41830861265572805, 0.09426387952344074, 0.33238660990696695, 1.0]",
  "1783613919.67547": "[0.7289853385083653, -0.6780104845150453, 0.09424520745118894, 0.0, -0.6794201212340351, -0.7334439544676465, -0.02117225819769726, 0.0, 0.08347859068152208, -0.048597824462978736, -0.9953238550116703, 0.0, 0.418309209174261, 0.0942651098976519, 0.33238816750479955, 1.0]",
  "1783613919.708754": "[0.7289853385083653, -0.6780104845150453, 0.09424520745118894, 0.0, -0.6794201212340351, -0.7334439544676465, -0.02117225819769726, 0.0, 0.08347859068152208, -0.048597824462978736, -0.9953238550116703, 0.0, 0.418309209174261, 0.0942651098976519, 0.33238816750479955, 1.0]",
  "1783613919.742089": "[0.728985871888402, -0.6780106796132493, 0.09423967804213886, 0.0, -0.6794205359246778, -0.7334437389674964, -0.021166415218508587, 0.0, 0.08347055738959665, -0.04859835490794264, -0.9953245028377986, 0.0, 0.4183067756996339, 0.09426414501799657, 0.3323843487057724, 1.0]",
  "1783613919.7754161": "[0.728985871888402, -0.6780106796132493, 0.09423967804213886, 0.0, -0.6794205359246778, -0.7334437389674964, -0.021166415218508587, 0.0, 0.08347055738959665, -0.04859835490794264, -0.9953245028377986, 0.0, 0.4183067756996339, 0.09426414501799657, 0.3323843487057724, 1.0]",
  "1783613919.8087983": "[0.7289805972193515, -0.6780164767839714, 0.09423877167688435, 0.0, -0.6794260937872871, -0.733438511206782, -0.0211691605815498, 0.0, 0.08347138407062646, -0.04859637320036704, -0.9953245302679448, 0.0, 0.4183078559645773, 0.09426458664282365, 0.33238492043416856, 1.0]",
  "1783613919.8422408": "[0.7289805972193515, -0.6780164767839714, 0.09423877167688435, 0.0, -0.6794260937872871, -0.733438511206782, -0.0211691605815498, 0.0, 0.08347138407062646, -0.04859637320036704, -0.9953245302679448, 0.0, 0.4183078559645773, 0.09426458664282365, 0.33238492043416856, 1.0]",
  "1783613919.875585": "[0.7289800282306855, -0.6780168252061319, 0.09424066626561245, 0.0, -0.679426364078595, -0.7334382011643479, -0.021171227355691533, 0.0, 0.0834741530998036, -0.0485961913137591, -0.9953243069241642, 0.0, 0.4183088587841567, 0.09426275132836133, 0.3323867016984521, 1.0]",
  "1783613919.9088018": "[0.7289800282306855, -0.6780168252061319, 0.09424066626561245, 0.0, -0.679426364078595, -0.7334382011643479, -0.021171227355691533, 0.0, 0.0834741530998036, -0.0485961913137591, -0.9953243069241642, 0.0, 0.4183088587841567, 0.09426275132836133, 0.3323867016984521, 1.0]",
  "1783613919.942119": "[0.728981884495722, -0.6780148900368856, 0.09424023007896196, 0.0, -0.6794244404029295, -0.7334399985760065, -0.021170693706011948, 0.0, 0.08347359978000266, -0.048596063390951724, -0.9953243595746417, 0.0, 0.41830883360534343, 0.09426411959310141, 0.3323861454165231, 1.0]",
  "1783613919.9754233": "[0.728981884495722, -0.6780148900368856, 0.09424023007896196, 0.0, -0.6794244404029295, -0.7334399985760065, -0.021170693706011948, 0.0, 0.08347359978000266, -0.048596063390951724, -0.9953243595746417, 0.0, 0.41830883360534343, 0.09426411959310141, 0.3323861454165231, 1.0]",
  "1783613920.010759": "[0.7289806779454246, -0.6780167432167343, 0.09423623029388482, 0.0, -0.6794264448967628, -0.7334382574991856, -0.021166681636584153, 0.0, 0.08346782108798108, -0.048596484999754705, -0.9953248236070942, 0.0, 0.41830814621999773, 0.0942633732227242, 0.3323852440272363, 1.0]",
  "1783613920.042859": "[0.7289806779454246, -0.6780167432167343, 0.09423623029388482, 0.0, -0.6794264448967628, -0.7334382574991856, -0.021166681636584153, 0.0, 0.08346782108798108, -0.048596484999754705, -0.9953248236070942, 0.0, 0.41830814621999773, 0.0942633732227242, 0.3323852440272363, 1.0]",
  "1783613920.0762494": "[0.7289792618611264, -0.6780174377465654, 0.09424218741089181, 0.0, -0.6794271228491625, -0.7334375215918454, -0.021170419412956526, 0.0, 0.08347466989043163, -0.04859790152664627, -0.9953241800809873, 0.0, 0.41830831687324754, 0.09426329777837886, 0.33238781631309017, 1.0]",
  "1783613920.1088595": "[0.7289792618611264, -0.6780174377465654, 0.09424218741089181, 0.0, -0.6794271228491625, -0.7334375215918454, -0.021170419412956526, 0.0, 0.08347466989043163, -0.04859790152664627, -0.9953241800809873, 0.0, 0.41830831687324754, 0.09426329777837886, 0.33238781631309017, 1.0]",
  "1783613920.1427732": "[0.7289827010317527, -0.6780138034654757, 0.09424173123797071, 0.0, -0.6794235766227064, -0.7334408523246949, -0.02116883724806056, 0.0, 0.08347349954123122, -0.048598337950025126, -0.9953242569247651, 0.0, 0.4183083764549906, 0.09426376060473421, 0.3323869417820824, 1.0]",
  "1783613920.175442": "[0.7289827010317527, -0.6780138034654757, 0.09424173123797071, 0.0, -0.6794235766227064, -0.7334408523246949, -0.02116883724806056, 0.0, 0.08347349954123122, -0.048598337950025126, -0.9953242569247651, 0.0, 0.4183083764549906, 0.09426376060473421, 0.3323869417820824, 1.0]",
  "1783613920.2103567": "[0.7289822353902904, -0.6780143329406444, 0.09424152382272018, 0.0, -0.6794239394401836, -0.7334404612630689, -0.021170741550499472, 0.0, 0.08347461291289109, -0.04859685287412527, -0.9953242360606784, 0.0, 0.4183082624816592, 0.0942644230238796, 0.3323865734181535, 1.0]",
  "1783613920.2422476": "[0.7289822353902904, -0.6780143329406444, 0.09424152382272018, 0.0, -0.6794239394401836, -0.7334404612630689, -0.021170741550499472, 0.0, 0.08347461291289109, -0.04859685287412527, -0.9953242360606784, 0.0, 0.4183082624816592, 0.0942644230238796, 0.3323865734181535, 1.0]",
  "1783613920.2754304": "[0.728983428020002, -0.6780136075167676, 0.09423751744557493, 0.0, -0.6794233588179367, -0.7334411182166012, -0.02116661526401685, 0.0, 0.08346892334731448, -0.04859705887479292, -0.9953247031516701, 0.0, 0.41830817695772465, 0.09426441641633512, 0.33238470835160755, 1.0]",
  "1783613920.3088088": "[0.728983428020002, -0.6780136075167676, 0.09423751744557493, 0.0, -0.6794233588179367, -0.7334411182166012, -0.02116661526401685, 0.0, 0.08346892334731448, -0.04859705887479292, -0.9953247031516701, 0.0, 0.41830817695772465, 0.09426441641633512, 0.33238470835160755, 1.0]",
  "1783613920.342129": "[0.7289836361816255, -0.6780127960521524, 0.09424174536243361, 0.0, -0.6794225119572178, -0.7334418207550406, -0.021169454723142835, 0.0, 0.08347399849749372, -0.04859777728531819, -0.9953242424545719, 0.0, 0.4183095254596421, 0.0942625402186578, 0.3323873769709251, 1.0]",
  "1783613920.375947": "[0.7289836361816255, -0.6780127960521524, 0.09424174536243361, 0.0, -0.6794225119572178, -0.7334418207550406, -0.021169454723142835, 0.0, 0.08347399849749372, -0.04859777728531819, -0.9953242424545719, 0.0, 0.4183095254596421, 0.0942625402186578, 0.3323873769709251, 1.0]",
  "1783613920.4087777": "[0.7289748812396414, -0.6780223326508341, 0.09424085604647492, 0.0, -0.6794316162186351, -0.7334332330850026, -0.021174784273131325, 0.0, 0.08347635236511111, -0.04859433128670325, -0.9953242132906313, 0.0, 0.41830910728125076, 0.09426204977712999, 0.33238743235160734, 1.0]",
  "1783613920.442517": "[0.7289748812396414, -0.6780223326508341, 0.09424085604647492, 0.0, -0.6794316162186351, -0.7334332330850026, -0.021174784273131325, 0.0, 0.08347635236511111, -0.04859433128670325, -0.9953242132906313, 0.0, 0.41830910728125076, 0.09426204977712999, 0.33238743235160734, 1.0]",
  "1783613920.4754605": "[0.7289839967243861, -0.6780125667861785, 0.09424060589659869, 0.0, -0.6794222972963799, -0.7334420443788596, -0.02116859640761154, 0.0, 0.08347259703788915, -0.04859760094260371, -0.9953243685986861, 0.0, 0.4183088565666984, 0.09426364868809119, 0.33238696092564946, 1.0]",
  "1783613920.5087893": "[0.7289839967243861, -0.6780125667861785, 0.09424060589659869, 0.0, -0.6794222972963799, -0.7334420443788596, -0.02116859640761154, 0.0, 0.08347259703788915, -0.04859760094260371, -0.9953243685986861, 0.0, 0.4183088565666984, 0.09426364868809119, 0.33238696092564946, 1.0]",
  "1783613920.5421345": "[0.7289783307062552, -0.6780187202106901, 0.09424016343671833, 0.0, -0.6794283691610906, -0.7334363861343531, -0.021169758460598202, 0.0, 0.08347265743836176, -0.048597145369222695, -0.9953243857768883, 0.0, 0.4183083827152095, 0.09426255361364752, 0.3323859188464635, 1.0]",
  "1783613920.5754433": "[0.7289783307062552, -0.6780187202106901, 0.09424016343671833, 0.0, -0.6794283691610906, -0.7334363861343531, -0.021169758460598202, 0.0, 0.08347265743836176, -0.048597145369222695, -0.9953243857768883, 0.0, 0.4183083827152095, 0.09426255361364752, 0.3323859188464635, 1.0]",
  "1783613920.6088166": "[0.7289801702530841, -0.6780169495723685, 0.09423867290218345, 0.0, -0.6794265804066832, -0.7334380658580835, -0.021168972276292358, 0.0, 0.08347115199076378, -0.048596498257940046, -0.9953245436250433, 0.0, 0.4183088059197616, 0.09426419418148746, 0.332386256868456, 1.0]",
  "1783613920.6424344": "[0.7289801702530841, -0.6780169495723685, 0.09423867290218345, 0.0, -0.6794265804066832, -0.7334380658580835, -0.021168972276292358, 0.0, 0.08347115199076378, -0.048596498257940046, -0.9953245436250433, 0.0, 0.4183088059197616, 0.09426419418148746, 0.332386256868456, 1.0]",
  "1783613920.6754751": "[0.7289806118101978, -0.6780156926135859, 0.09424430048840793, 0.0, -0.6794253446874976, -0.7334391253838837, -0.02117192368206154, 0.0, 0.08347735382188876, -0.04859804446522062, -0.9953239480053977, 0.0, 0.4183088058523333, 0.09426404589912002, 0.3323870559592104, 1.0]",
  "1783613920.7089007": "[0.7289806118101978, -0.6780156926135859, 0.09424430048840793, 0.0, -0.6794253446874976, -0.7334391253838837, -0.02117192368206154, 0.0, 0.08347735382188876, -0.04859804446522062, -0.9953239480053977, 0.0, 0.4183088058523333, 0.09426404589912002, 0.3323870559592104, 1.0]",
  "1783613920.742212": "[0.7289814794361513, -0.6780155078411879, 0.09423891853123083, 0.0, -0.6794251878018845, -0.7334393716957792, -0.021168425233696782, 0.0, 0.0834710537818588, -0.04859690497713417, -0.9953245320030999, 0.0, 0.41830833642878157, 0.09426302942395778, 0.33238536120883855, 1.0]",
  "1783613920.775427": "[0.7289814794361513, -0.6780155078411879, 0.09423891853123083, 0.0, -0.6794251878018845, -0.7334393716957792, -0.021168425233696782, 0.0, 0.0834710537818588, -0.04859690497713417, -0.9953245320030999, 0.0, 0.41830833642878157, 0.09426302942395778, 0.33238536120883855, 1.0]",
  "1783613920.8106487": "[0.7289846045674702, -0.6780127714970426, 0.09423443102448412, 0.0, -0.6794225721647055, -0.7334419178536928, -0.02116415763012397, 0.0, 0.08346505098964979, -0.048596654432132985, -0.9953250476308226, 0.0, 0.4183082180166696, 0.09426322337330717, 0.33238446279305023, 1.0]",
  "1783613920.8425875": "[0.7289846045674702, -0.6780127714970426, 0.09423443102448412, 0.0, -0.6794225721647055, -0.7334419178536928, -0.02116415763012397, 0.0, 0.08346505098964979, -0.048596654432132985, -0.9953250476308226, 0.0, 0.4183082180166696, 0.09426322337330717, 0.33238446279305023, 1.0]",
  "1783613920.8754292": "[0.7289808213451341, -0.6780165331241654, 0.09423663258659663, 0.0, -0.679426130515447, -0.7334385064789968, -0.021168145565104608, 0.0, 0.0834691277286433, -0.04859565849071391, -0.9953247543852577, 0.0, 0.4183091530877099, 0.09426149333503868, 0.3323847206770863, 1.0]",
  "1783613920.908992": "[0.7289808213451341, -0.6780165331241654, 0.09423663258659663, 0.0, -0.679426130515447, -0.7334385064789968, -0.021168145565104608, 0.0, 0.0834691277286433, -0.04859565849071391, -0.9953247543852577, 0.0, 0.4183091530877099, 0.09426149333503868, 0.3323847206770863, 1.0]",
  "1783613920.9421384": "[0.7289798062425743, -0.678017037332711, 0.09424085726006445, 0.0, -0.6794265355384483, -0.7334380246581675, -0.021171839592876128, 0.0, 0.08347469614655928, -0.048595895630165316, -0.995324275817254, 0.0, 0.41830926131148194, 0.094260708780432, 0.33238672666959407, 1.0]",
  "1783613920.9754622": "[0.7289798062425743, -0.678017037332711, 0.09424085726006445, 0.0, -0.6794265355384483, -0.7334380246581675, -0.021171839592876128, 0.0, 0.08347469614655928, -0.048595895630165316, -0.995324275817254, 0.0, 0.41830926131148194, 0.094260708780432, 0.33238672666959407, 1.0]",
  "1783613921.0088217": "[0.7289778089955643, -0.6780190729783879, 0.09424166100803857, 0.0, -0.6794287545085445, -0.733436014313255, -0.0211702729140432, 0.0, 0.08347407704787574, -0.04859783519679075, -0.99532423303926, 0.0, 0.4183085757114631, 0.09426385584492344, 0.3323872991692778, 1.0]",
  "1783613921.0421255": "[0.7289778089955643, -0.6780190729783879, 0.09424166100803857, 0.0, -0.6794287545085445, -0.733436014313255, -0.0211702729140432, 0.0, 0.08347407704787574, -0.04859783519679075, -0.99532423303926, 0.0, 0.4183085757114631, 0.09426385584492344, 0.3323872991692778, 1.0]",
  "1783613921.0754502": "[0.7289786232569395, -0.6780183097467918, 0.0942408535748716, 0.0, -0.6794278335177026, -0.733436828445228, -0.021171625389791206, 0.0, 0.08347446241730345, -0.04859619664447241, -0.9953242807225358, 0.0, 0.41830876095863134, 0.09426315061086302, 0.3323872882055516, 1.0]",
  "1783613921.1087458": "[0.7289786232569395, -0.6780183097467918, 0.0942408535748716, 0.0, -0.6794278335177026, -0.733436828445228, -0.021171625389791206, 0.0, 0.08347446241730345, -0.04859619664447241, -0.9953242807225358, 0.0, 0.41830876095863134, 0.09426315061086302, 0.3323872882055516, 1.0]",
  "1783613921.14208": "[0.7289809074180058, -0.6780152881171359, 0.09424492399836765, 0.0, -0.6794248499365586, -0.7334395429427976, -0.021173335508244295, 0.0, 0.08347879915706452, -0.048597386013007504, -0.9953238589343656, 0.0, 0.41830912143671, 0.09426359663664587, 0.33238876716927335, 1.0]",
  "1783613921.175406": "[0.7289809074180058, -0.6780152881171359, 0.09424492399836765, 0.0, -0.6794248499365586, -0.7334395429427976, -0.021173335508244295, 0.0, 0.08347879915706452, -0.048597386013007504, -0.9953238589343656, 0.0, 0.41830912143671, 0.09426359663664587, 0.33238876716927335, 1.0]",
  "1783613921.208789": "[0.7289828357240471, -0.6780143028084711, 0.09423709676592389, 0.0, -0.6794242902522771, -0.7334403422893738, -0.021163603607046583, 0.0, 0.08346651445290255, -0.04859906881401849, -0.9953248070230614, 0.0, 0.41830718568547814, 0.09426325525468701, 0.33238397729121993, 1.0]",
  "1783613921.242101": "[0.7289828357240471, -0.6780143028084711, 0.09423709676592389, 0.0, -0.6794242902522771, -0.7334403422893738, -0.021163603607046583, 0.0, 0.08346651445290255, -0.04859906881401849, -0.9953248070230614, 0.0, 0.41830718568547814, 0.09426325525468701, 0.33238397729121993, 1.0]",
  "1783613921.2755067": "[0.7289793966931095, -0.6780170959910206, 0.0942436031826752, 0.0, -0.6794264180417382, -0.7334380263133462, -0.021175552520691768, 0.0, 0.08347922893704425, -0.04859505223257482, -0.9953239368339284, 0.0, 0.41831032052710443, 0.09426278935722651, 0.33238990108285427, 1.0]",
  "1783613921.308745": "[0.7289793966931095, -0.6780170959910206, 0.0942436031826752, 0.0, -0.6794264180417382, -0.7334380263133462, -0.021175552520691768, 0.0, 0.08347922893704425, -0.04859505223257482, -0.9953239368339284, 0.0, 0.41831032052710443, 0.09426278935722651, 0.33238990108285427, 1.0]",
  "1783613921.3420784": "[0.7289790688575306, -0.6780177341678822, 0.09424154774545346, 0.0, -0.6794272158468059, -0.7334373756180408, -0.021172491898185312, 0.0, 0.08347559843610314, -0.04859596897245453, -0.9953241965637942, 0.0, 0.41830966089280547, 0.09426361819630108, 0.33238798212368814, 1.0]",
  "1783613921.3754117": "[0.7289790688575306, -0.6780177341678822, 0.09424154774545346, 0.0, -0.6794272158468059, -0.7334373756180408, -0.021172491898185312, 0.0, 0.08347559843610314, -0.04859596897245453, -0.9953241965637942, 0.0, 0.41830966089280547, 0.09426361819630108, 0.33238798212368814, 1.0]",
  "1783613921.4087534": "[0.7289798720468854, -0.6780168185216907, 0.09424192247737452, 0.0, -0.6794262208889464, -0.7334382655978553, -0.021173590280700733, 0.0, 0.08347668248721558, -0.04859531210451322, -0.9953241377171529, 0.0, 0.41830952648850844, 0.09426125435622537, 0.332387789973085, 1.0]",
  "1783613921.442689": "[0.7289798720468854, -0.6780168185216907, 0.09424192247737452, 0.0, -0.6794262208889464, -0.7334382655978553, -0.021173590280700733, 0.0, 0.08347668248721558, -0.04859531210451322, -0.9953241377171529, 0.0, 0.41830952648850844, 0.09426125435622537, 0.332387789973085, 1.0]",
  "1783613921.4754245": "[0.7289818371805463, -0.6780145569083679, 0.09424299274336101, 0.0, -0.6794242941853351, -0.7334401523470044, -0.021170058950389828, 0.0, 0.08347520309430087, -0.04859839035969604, -0.9953241114947498, 0.0, 0.4183081721964348, 0.09426224051579926, 0.3323871810629483, 1.0]",
  "1783613921.5087476": "[0.7289818371805463, -0.6780145569083679, 0.09424299274336101, 0.0, -0.6794242941853351, -0.7334401523470044, -0.021170058950389828, 0.0, 0.08347520309430087, -0.04859839035969604, -0.9953241114947498, 0.0, 0.4183081721964348, 0.09426224051579926, 0.3323871810629483, 1.0]",
  "1783613921.5421298": "[0.7289842528507219, -0.6780119234677643, 0.09424325297450917, 0.0, -0.6794214774845625, -0.7334426996651375, -0.02117220443432715, 0.0, 0.08347703293941938, -0.048596686548131686, -0.9953240412188253, 0.0, 0.4183088772766739, 0.09426562641118742, 0.33238732985762265, 1.0]",
  "1783613921.5765948": "[0.7289842528507219, -0.6780119234677643, 0.09424325297450917, 0.0, -0.6794214774845625, -0.7334426996651375, -0.02117220443432715, 0.0, 0.08347703293941938, -0.048596686548131686, -0.9953240412188253, 0.0, 0.4183088772766739, 0.09426562641118742, 0.33238732985762265, 1.0]",
  "1783613921.6087646": "[0.7289834303752118, -0.6780127637847224, 0.09424356945378788, 0.0, -0.6794223158521302, -0.7334419152551706, -0.021172474322932455, 0.0, 0.08347739191252239, -0.048596801251001256, -0.995324005511599, 0.0, 0.41830975009164284, 0.09426503282085807, 0.3323890371005192, 1.0]",
  "1783613921.642092": "[0.7289834303752118, -0.6780127637847224, 0.09424356945378788, 0.0, -0.6794223158521302, -0.7334419152551706, -0.021172474322932455, 0.0, 0.08347739191252239, -0.048596801251001256, -0.995324005511599, 0.0, 0.41830975009164284, 0.09426503282085807, 0.3323890371005192, 1.0]",
  "1783613921.6754084": "[0.7289861762832438, -0.678010355970927, 0.09423965186752431, 0.0, -0.6794201891683183, -0.7334440533521756, -0.021166651903825495, 0.0, 0.08347072144424036, -0.048598125462901626, -0.995324500282732, 0.0, 0.4183078764129393, 0.09426531315515377, 0.3323861393399884, 1.0]",
  "1783613921.7092352": "[0.7289861762832438, -0.678010355970927, 0.09423965186752431, 0.0, -0.6794201891683183, -0.7334440533521756, -0.021166651903825495, 0.0, 0.08347072144424036, -0.048598125462901626, -0.995324500282732, 0.0, 0.4183078764129393, 0.09426531315515377, 0.3323861393399884, 1.0]",
  "1783613921.7422447": "[0.7289803749191828, -0.6780168067039725, 0.09423811760447982, 0.0, -0.6794265964208024, -0.7334381153910765, -0.021166742017370087, 0.0, 0.08346923420477638, -0.048597743965474956, -0.9953246436327869, 0.0, 0.41830787941821373, 0.09426229280578217, 0.33238536613848274, 1.0]",
  "1783613921.775403": "[0.7289803749191828, -0.6780168067039725, 0.09423811760447982, 0.0, -0.6794265964208024, -0.7334381153910765, -0.021166742017370087, 0.0, 0.08346923420477638, -0.048597743965474956, -0.9953246436327869, 0.0, 0.41830787941821373, 0.09426229280578217, 0.33238536613848274, 1.0]",
  "1783613921.8088174": "[0.7289780686554723, -0.6780186587135537, 0.0942426328983387, 0.0, -0.6794281836815257, -0.7334364736590588, -0.021172678757948392, 0.0, 0.08347645559413988, -0.0485966824262511, -0.9953240898413949, 0.0, 0.4183087364209431, 0.09426304911180083, 0.332387231058232, 1.0]",
  "1783613921.8420725": "[0.7289780686554723, -0.6780186587135537, 0.0942426328983387, 0.0, -0.6794281836815257, -0.7334364736590588, -0.021172678757948392, 0.0, 0.08347645559413988, -0.0485966824262511, -0.9953240898413949, 0.0, 0.4183087364209431, 0.09426304911180083, 0.332387231058232, 1.0]",
  "1783613921.8754935": "[0.7289817433180881, -0.6780152765711486, 0.09423854118708538, 0.0, -0.6794247634573748, -0.73343970520537, -0.021170489582210218, 0.0, 0.0834722032164689, -0.04859509815206651, -0.9953245238241544, 0.0, 0.4183077707798146, 0.09426335569596324, 0.3323861599148029, 1.0]",
  "1783613921.9087543": "[0.7289817433180881, -0.6780152765711486, 0.09423854118708538, 0.0, -0.6794247634573748, -0.73343970520537, -0.021170489582210218, 0.0, 0.0834722032164689, -0.04859509815206651, -0.9953245238241544, 0.0, 0.4183077707798146, 0.09426335569596324, 0.3323861599148029, 1.0]",
  "1783613921.9421284": "[0.7289827102383051, -0.6780140455509701, 0.09423991834261296, 0.0, -0.6794235859005616, -0.7334407937466185, -0.021170568966188484, 0.0, 0.08347334362320384, -0.04859584451305519, -0.9953243917439305, 0.0, 0.41830838640438217, 0.09426534576761993, 0.33238587786164786, 1.0]",
