{
  "1783615496.4657629": "[0.6893405972781508, -0.7188527043800321, 0.0897793425556037, 0.0, -0.718930855697272, -0.694078248487564, -0.03733376089846162, 0.0, 0.08915136381789508, -0.03880946253105347, -0.9952617042504246, 0.0, 0.48415799697730855, 0.13529197937568382, 0.37901236849281816, 1.0]",
  "1783615496.4994028": "[0.6893405972781508, -0.7188527043800321, 0.0897793425556037, 0.0, -0.718930855697272, -0.694078248487564, -0.03733376089846162, 0.0, 0.08915136381789508, -0.03880946253105347, -0.9952617042504246, 0.0, 0.48415799697730855, 0.13529197937568382, 0.37901236849281816, 1.0]",
  "1783615496.5324242": "[0.6893335623937125, -0.7188604489284073, 0.08977134689889878, 0.0, -0.7189388981271, -0.6940702534070791, -0.03732752463295552, 0.0, 0.08914090260584608, -0.03880899769230567, -0.9952626593923501, 0.0, 0.48415875836096856, 0.13528971099784662, 0.3790084560798858, 1.0]",
  "1783615496.5658052": "[0.6893335623937125, -0.7188604489284073, 0.08977134689889878, 0.0, -0.7189388981271, -0.6940702534070791, -0.03732752463295552, 0.0, 0.08914090260584608, -0.03880899769230567, -0.9952626593923501, 0.0, 0.48415875836096856, 0.13528971099784662, 0.3790084560798858, 1.0]",
  "1783615496.602148": "[0.6893389835139702, -0.7188548187249824, 0.08977480383603831, 0.0, -0.718933400248077, -0.6940759694170566, -0.037327130689509595, 0.0, 0.0891433217670555, -0.038811058651447454, -0.9952623623500938, 0.0, 0.4841590111226154, 0.13529287063580242, 0.3790091268486329, 1.0]",
  "1783615496.6325479": "[0.6893389835139702, -0.7188548187249824, 0.08977480383603831, 0.0, -0.718933400248077, -0.6940759694170566, -0.037327130689509595, 0.0, 0.0891433217670555, -0.038811058651447454, -0.9952623623500938, 0.0, 0.4841590111226154, 0.13529287063580242, 0.3790091268486329, 1.0]",
  "1783615496.665767": "[0.6893325476054566, -0.7188611654688465, 0.08977340136444877, 0.0, -0.7189394480642509, -0.6940695323323041, -0.037330340275528694, 0.0, 0.08914431461871837, -0.038808621062698494, -0.9952623684749518, 0.0, 0.4841588666154957, 0.13528949481667257, 0.37900959373921, 1.0]",
  "1783615496.6990921": "[0.6893325476054566, -0.7188611654688465, 0.08977340136444877, 0.0, -0.7189394480642509, -0.6940695323323041, -0.037330340275528694, 0.0, 0.08914431461871837, -0.038808621062698494, -0.9952623684749518, 0.0, 0.4841588666154957, 0.13528949481667257, 0.37900959373921, 1.0]",
  "1783615496.7367666": "[0.6893395012837148, -0.7188542727137327, 0.08977520020100119, 0.0, -0.7189324842775996, -0.6940766889542833, -0.03733139296488025, 0.0, 0.08914670504487834, -0.0388083038983877, -0.9952621667320485, 0.0, 0.4841586558380573, 0.13529168542461087, 0.3790107051475961, 1.0]",
  "1783615496.7705886": "[0.6893395012837148, -0.7188542727137327, 0.08977520020100119, 0.0, -0.7189324842775996, -0.6940766889542833, -0.03733139296488025, 0.0, 0.08914670504487834, -0.0388083038983877, -0.9952621667320485, 0.0, 0.4841586558380573, 0.13529168542461087, 0.3790107051475961, 1.0]",
  "1783615496.7995796": "[0.6893313616382999, -0.7188618593229261, 0.08977695178982728, 0.0, -0.7189400505167194, -0.6940687668365455, -0.03733297021419957, 0.0, 0.08914862660133632, -0.03880945906325921, -0.9952619495702191, 0.0, 0.4841600962466429, 0.13528934242376967, 0.3790109074710716, 1.0]",
  "1783615496.8360093": "[0.6893313616382999, -0.7188618593229261, 0.08977695178982728, 0.0, -0.7189400505167194, -0.6940687668365455, -0.03733297021419957, 0.0, 0.08914862660133632, -0.03880945906325921, -0.9952619495702191, 0.0, 0.4841600962466429, 0.13528934242376967, 0.3790109074710716, 1.0]",
  "1783615496.8657262": "[0.6893368513967028, -0.7188567273016916, 0.08977589275290662, 0.0, -0.718934924722935, -0.694074126155475, -0.037332042739997476, 0.0, 0.08914751437986279, -0.03880867189964822, -0.99526207988915, 0.0, 0.4841588898311947, 0.13529004064395153, 0.37901085222163244, 1.0]",
  "1783615496.899521": "[0.6893368513967028, -0.7188567273016916, 0.08977589275290662, 0.0, -0.718934924722935, -0.694074126155475, -0.037332042739997476, 0.0, 0.08914751437986279, -0.03880867189964822, -0.99526207988915, 0.0, 0.4841588898311947, 0.13529004064395153, 0.37901085222163244, 1.0]",
  "1783615496.9323986": "[0.6893406828788552, -0.7188530885661248, 0.08977560908763949, 0.0, -0.7189317431971471, -0.6940777178597115, -0.037326534719498504, 0.0, 0.08914354464359658, -0.038811836204921894, -0.9952623120659083, 0.0, 0.48415946030557494, 0.13528997783106897, 0.3790083922746639, 1.0]",
  "1783615496.9657924": "[0.6893406828788552, -0.7188530885661248, 0.08977560908763949, 0.0, -0.7189317431971471, -0.6940777178597115, -0.037326534719498504, 0.0, 0.08914354464359658, -0.038811836204921894, -0.9952623120659083, 0.0, 0.48415946030557494, 0.13528997783106897, 0.3790083922746639, 1.0]",
  "1783615496.9990554": "[0.6893381129445819, -0.718855270060263, 0.08977787449360411, 0.0, -0.7189333818917784, -0.6940756321413131, -0.037333755092240864, 0.0, 0.08915020159064824, -0.03880873064432193, -0.9952618368962629, 0.0, 0.48415896003874714, 0.1352929965506266, 0.37901168859213186, 1.0]",
  "1783615497.0323703": "[0.6893381129445819, -0.718855270060263, 0.08977787449360411, 0.0, -0.7189333818917784, -0.6940756321413131, -0.037333755092240864, 0.0, 0.08915020159064824, -0.03880873064432193, -0.9952618368962629, 0.0, 0.48415896003874714, 0.1352929965506266, 0.37901168859213186, 1.0]",
  "1783615497.06636": "[0.6893372520334404, -0.7188566001329972, 0.08977383474160422, 0.0, -0.718934737696568, -0.6940743329806582, -0.0373317991881027, 0.0, 0.08914592470860211, -0.03880732846617935, -0.9952622746618931, 0.0, 0.484159714410207, 0.13529076157206932, 0.3790100996105355, 1.0]",
  "1783615497.0990748": "[0.6893372520334404, -0.7188566001329972, 0.08977383474160422, 0.0, -0.718934737696568, -0.6940743329806582, -0.0373317991881027, 0.0, 0.08914592470860211, -0.03880732846617935, -0.9952622746618931, 0.0, 0.484159714410207, 0.13529076157206932, 0.3790100996105355, 1.0]",
  "1783615497.1324508": "[0.6893391807910962, -0.7188547341558505, 0.08977396620391696, 0.0, -0.7189329558078065, -0.6940762337831006, -0.03733077485022196, 0.0, 0.08914538058537423, -0.03880789712402327, -0.9952623012257125, 0.0, 0.48415828952126827, 0.1352918425844447, 0.3790097212812302, 1.0]",
  "1783615497.1657498": "[0.6893391807910962, -0.7188547341558505, 0.08977396620391696, 0.0, -0.7189329558078065, -0.6940762337831006, -0.03733077485022196, 0.0, 0.08914538058537423, -0.03880789712402327, -0.9952623012257125, 0.0, 0.48415828952126827, 0.1352918425844447, 0.3790097212812302, 1.0]",
  "1783615497.1991189": "[0.6893324838199586, -0.718861259766593, 0.08977313605635917, 0.0, -0.7189395133176558, -0.6940694531657023, -0.03733055548522817, 0.0, 0.08914428159550519, -0.038808290210347436, -0.9952623843337853, 0.0, 0.484158596369437, 0.13528996477797117, 0.3790091770587868, 1.0]",
  "1783615497.2323735": "[0.6893324838199586, -0.718861259766593, 0.08977313605635917, 0.0, -0.7189395133176558, -0.6940694531657023, -0.03733055548522817, 0.0, 0.08914428159550519, -0.038808290210347436, -0.9952623843337853, 0.0, 0.484158596369437, 0.13528996477797117, 0.3790091770587868, 1.0]",
  "1783615497.265701": "[0.6893348576009026, -0.7188584135498953, 0.08977769970806203, 0.0, -0.7189364786239972, -0.6940723875574946, -0.03733444165868113, 0.0, 0.08915039988732505, -0.038808531262680634, -0.9952618269084588, 0.0, 0.48416079508609694, 0.13528826941747674, 0.37901204675215927, 1.0]",
  "1783615497.299492": "[0.6893348576009026, -0.7188584135498953, 0.08977769970806203, 0.0, -0.7189364786239972, -0.6940723875574946, -0.03733444165868113, 0.0, 0.08915039988732505, -0.038808531262680634, -0.9952618269084588, 0.0, 0.48416079508609694, 0.13528826941747674, 0.37901204675215927, 1.0]",
  "1783615497.3323724": "[0.6893367963968984, -0.7188565244694994, 0.08977793916599432, 0.0, -0.7189349808332718, -0.6940741761132929, -0.03733003330988847, 0.0, 0.08914748716326389, -0.03881153540232673, -0.995261970665106, 0.0, 0.4841595179786995, 0.13529059582295452, 0.3790108164740542, 1.0]",
  "1783615497.3656962": "[0.6893367963968984, -0.7188565244694994, 0.08977793916599432, 0.0, -0.7189349808332718, -0.6940741761132929, -0.03733003330988847, 0.0, 0.08914748716326389, -0.03881153540232673, -0.995261970665106, 0.0, 0.4841595179786995, 0.13529059582295452, 0.3790108164740542, 1.0]",
  "1783615497.3990283": "[0.6893377030846113, -0.7188558796116014, 0.08977614078285617, 0.0, -0.7189341317856595, -0.6940749780224729, -0.037331475147704844, 0.0, 0.08914732334530534, -0.038809138497710734, -0.9952620788060966, 0.0, 0.48415893004881627, 0.13529053961563195, 0.37901107925187005, 1.0]",
  "1783615497.4324996": "[0.6893377030846113, -0.7188558796116014, 0.08977614078285617, 0.0, -0.7189341317856595, -0.6940749780224729, -0.037331475147704844, 0.0, 0.08914732334530534, -0.038809138497710734, -0.9952620788060966, 0.0, 0.48415893004881627, 0.13529053961563195, 0.37901107925187005, 1.0]",
  "1783615497.4657044": "[0.689333865143923, -0.7188594670898608, 0.08977688422428676, 0.0, -0.7189376059635756, -0.6940712790262922, -0.03733334116001077, 0.0, 0.08914898259151535, -0.03880884185451088, -0.9952619417504167, 0.0, 0.484159466467624, 0.13528876191226832, 0.3790116204658334, 1.0]",
  "1783615497.4990582": "[0.689333865143923, -0.7188594670898608, 0.08977688422428676, 0.0, -0.7189376059635756, -0.6940712790262922, -0.03733334116001077, 0.0, 0.08914898259151535, -0.03880884185451088, -0.9952619417504167, 0.0, 0.484159466467624, 0.13528876191226832, 0.3790116204658334, 1.0]",
  "1783615497.53245": "[0.6893323066092134, -0.7188604484249039, 0.08978099328459042, 0.0, -0.7189384104067253, -0.6940702386049014, -0.03733719224562548, 0.0, 0.08915454619183787, -0.03880927174377166, -0.9952614266211899, 0.0, 0.48416074792666364, 0.13528824392730973, 0.379013608129302, 1.0]",
  "1783615497.5663779": "[0.6893323066092134, -0.7188604484249039, 0.08978099328459042, 0.0, -0.7189384104067253, -0.6940702386049014, -0.03733719224562548, 0.0, 0.08915454619183787, -0.03880927174377166, -0.9952614266211899, 0.0, 0.48416074792666364, 0.13528824392730973, 0.379013608129302, 1.0]",
  "1783615497.5990324": "[0.6893336268668054, -0.7188598469809474, 0.08977567192276964, 0.0, -0.7189383762182425, -0.6940707425936108, -0.03732848076509595, 0.0, 0.08914461324910522, -0.0388113987648263, -0.9952622334111672, 0.0, 0.48415915403578785, 0.13528862334127173, 0.37900929747223344, 1.0]",
  "1783615497.632514": "[0.6893336268668054, -0.7188598469809474, 0.08977567192276964, 0.0, -0.7189383762182425, -0.6940707425936108, -0.03732848076509595, 0.0, 0.08914461324910522, -0.0388113987648263, -0.9952622334111672, 0.0, 0.48415915403578785, 0.13528862334127173, 0.37900929747223344, 1.0]",
  "1783615497.6656978": "[0.689338159867691, -0.7188556194154515, 0.08977471684752493, 0.0, -0.7189336931309237, -0.6940753598694094, -0.03733282340355092, 0.0, 0.08914732879540745, -0.03880712894530478, -0.9952621566761524, 0.0, 0.4841586200759264, 0.1352910683537965, 0.37901070695219735, 1.0]",
  "1783615497.699033": "[0.689338159867691, -0.7188556194154515, 0.08977471684752493, 0.0, -0.7189336931309237, -0.6940753598694094, -0.03733282340355092, 0.0, 0.08914732879540745, -0.03880712894530478, -0.9952621566761524, 0.0, 0.4841586200759264, 0.1352910683537965, 0.37901070695219735, 1.0]",
  "1783615497.7324579": "[0.689334000508468, -0.718859326542678, 0.08977697024069607, 0.0, -0.7189376706583531, -0.6940713338111091, -0.03733107673253288, 0.0, 0.08914741415954174, -0.03881046539628482, -0.9952620189298855, 0.0, 0.4841592871438644, 0.13529066176498547, 0.37901148127493794, 1.0]",
  "1783615497.7656615": "[0.689334000508468, -0.718859326542678, 0.08977697024069607, 0.0, -0.7189376706583531, -0.6940713338111091, -0.03733107673253288, 0.0, 0.08914741415954174, -0.03881046539628482, -0.9952620189298855, 0.0, 0.4841592871438644, 0.13529066176498547, 0.37901148127493794, 1.0]",
  "1783615497.7991545": "[0.6893377149475335, -0.7188559520124427, 0.0897754699636695, 0.0, -0.7189339701502995, -0.6940750204260764, -0.03733379949147964, 0.0, 0.08914853512448376, -0.03880703901132391, -0.9952620521291529, 0.0, 0.48415838825380236, 0.13529083329334013, 0.3790115005435733, 1.0]",
  "1783615497.832423": "[0.6893377149475335, -0.7188559520124427, 0.0897754699636695, 0.0, -0.7189339701502995, -0.6940750204260764, -0.03733379949147964, 0.0, 0.08914853512448376, -0.03880703901132391, -0.9952620521291529, 0.0, 0.48415838825380236, 0.13529083329334013, 0.3790115005435733, 1.0]",
  "1783615497.865868": "[0.6893384674963797, -0.7188548517662223, 0.08977850144608754, 0.0, -0.7189326985760833, -0.6940761677252059, -0.03733695641054319, 0.0, 0.0891529704937152, -0.03880690000572953, -0.9952616602502542, 0.0, 0.484158928117987, 0.13529194447496642, 0.3790138278536996, 1.0]",
  "1783615497.8991199": "[0.6893384674963797, -0.7188548517662223, 0.08977850144608754, 0.0, -0.7189326985760833, -0.6940761677252059, -0.03733695641054319, 0.0, 0.0891529704937152, -0.03880690000572953, -0.9952616602502542, 0.0, 0.484158928117987, 0.13529194447496642, 0.3790138278536996, 1.0]",
  "1783615497.9324174": "[0.6893363474774283, -0.7188570690605378, 0.08977702550302911, 0.0, -0.7189353050191609, -0.6940737272622493, -0.03733213523621508, 0.0, 0.08914834403108261, -0.03880947546646732, -0.9952619742412212, 0.0, 0.48416016496681, 0.13528896942435542, 0.3790109254349644, 1.0]",
  "1783615497.9657917": "[0.6893363474774283, -0.7188570690605378, 0.08977702550302911, 0.0, -0.7189353050191609, -0.6940737272622493, -0.03733213523621508, 0.0, 0.08914834403108261, -0.03880947546646732, -0.9952619742412212, 0.0, 0.48416016496681, 0.13528896942435542, 0.3790109254349644, 1.0]",
  "1783615497.9991143": "[0.6893385313428371, -0.7188549211926439, 0.08977745531712307, 0.0, -0.7189333561000292, -0.6940758641780798, -0.03732993774707297, 0.0, 0.0891471743402396, -0.03881104279157289, -0.9952620178950775, 0.0, 0.48415936350046007, 0.13529143351654233, 0.37901050494782135, 1.0]",
  "1783615498.0324726": "[0.6893385313428371, -0.7188549211926439, 0.08977745531712307, 0.0, -0.7189333561000292, -0.6940758641780798, -0.03732993774707297, 0.0, 0.0891471743402396, -0.03881104279157289, -0.9952620178950775, 0.0, 0.48415936350046007, 0.13529143351654233, 0.37901050494782135, 1.0]",
  "1783615498.0657053": "[0.68933438003534, -0.718859119102135, 0.08977571712326216, 0.0, -0.7189372921698953, -0.6940716535476663, -0.03733242115142298, 0.0, 0.08914753181503193, -0.03880858958157422, -0.995262081537309, 0.0, 0.4841588842901661, 0.13529062782358195, 0.3790111037312561, 1.0]",
  "1783615498.099097": "[0.68933438003534, -0.718859119102135, 0.08977571712326216, 0.0, -0.7189372921698953, -0.6940716535476663, -0.03733242115142298, 0.0, 0.08914753181503193, -0.03880858958157422, -0.995262081537309, 0.0, 0.4841588842901661, 0.13529062782358195, 0.3790111037312561, 1.0]",
  "1783615498.1324377": "[0.6893353289505268, -0.7188584614254284, 0.08977369713749586, 0.0, -0.7189370709787445, -0.6940721950952955, -0.0373266120630019, 0.0, 0.08914197795187537, -0.03881108646590605, -0.9952624816269142, 0.0, 0.4841591252087305, 0.1352896237276346, 0.37900907418816865, 1.0]",
  "1783615498.165997": "[0.6893353289505268, -0.7188584614254284, 0.08977369713749586, 0.0, -0.7189370709787445, -0.6940721950952955, -0.0373266120630019, 0.0, 0.08914197795187537, -0.03881108646590605, -0.9952624816269142, 0.0, 0.4841591252087305, 0.1352896237276346, 0.37900907418816865, 1.0]",
  "1783615498.1991272": "[0.6893343233230786, -0.718859135304362, 0.08977602284673838, 0.0, -0.7189371781656925, -0.6940716861719696, -0.037334010038439676, 0.0, 0.08914888972872609, -0.03880770598558798, -0.9952619943594105, 0.0, 0.48415979186505387, 0.13528981450785152, 0.379012278059451, 1.0]",
  "1783615498.232462": "[0.6893343233230786, -0.718859135304362, 0.08977602284673838, 0.0, -0.7189371781656925, -0.6940716861719696, -0.037334010038439676, 0.0, 0.08914888972872609, -0.03880770598558798, -0.9952619943594105, 0.0, 0.48415979186505387, 0.13528981450785152, 0.379012278059451, 1.0]",
  "1783615498.2658484": "[0.6893322916490154, -0.718861224691293, 0.08977489251038488, 0.0, -0.7189393492669808, -0.694069504379673, -0.03733276263185275, 0.0, 0.0891470906170642, -0.03880802398332545, -0.9952621431105593, 0.0, 0.4841591043464557, 0.13528885165674015, 0.3790119382116864, 1.0]",
  "1783615498.2995305": "[0.6893322916490154, -0.718861224691293, 0.08977489251038488, 0.0, -0.7189393492669808, -0.694069504379673, -0.03733276263185275, 0.0, 0.0891470906170642, -0.03880802398332545, -0.9952621431105593, 0.0, 0.4841591043464557, 0.13528885165674015, 0.3790119382116864, 1.0]",
  "1783615498.3328242": "[0.6893371959851391, -0.7188567671772588, 0.08977292751607442, 0.0, -0.71893511409993, -0.6940740895101556, -0.03732907693433341, 0.0, 0.08914332249510663, -0.03880858866422677, -0.9952624586009584, 0.0, 0.48415832043243656, 0.1352890848703169, 0.37901102575431117, 1.0]",
  "1783615498.3658795": "[0.6893371959851391, -0.7188567671772588, 0.08977292751607442, 0.0, -0.71893511409993, -0.6940740895101556, -0.03732907693433341, 0.0, 0.08914332249510663, -0.03880858866422677, -0.9952624586009584, 0.0, 0.48415832043243656, 0.1352890848703169, 0.37901102575431117, 1.0]",
  "1783615498.3991501": "[0.6893374235751133, -0.7188562126075799, 0.08977562060108732, 0.0, -0.7189343265800563, -0.6940747041523911, -0.03733281560037276, 0.0, 0.08914791373725814, -0.03880786841938359, -0.9952620754479886, 0.0, 0.4841589330024364, 0.1352911419489518, 0.379010971066525, 1.0]",
  "1783615498.4323645": "[0.6893374235751133, -0.7188562126075799, 0.08977562060108732, 0.0, -0.7189343265800563, -0.6940747041523911, -0.03733281560037276, 0.0, 0.08914791373725814, -0.03880786841938359, -0.9952620754479886, 0.0, 0.4841589330024364, 0.1352911419489518, 0.379010971066525, 1.0]",
  "1783615498.4658878": "[0.6893325946075499, -0.7188605750974675, 0.08977776774993627, 0.0, -0.7189384471374611, -0.6940702220723436, -0.03733679231031353, 0.0, 0.08915202319184425, -0.03880722101601518, -0.9952617325898825, 0.0, 0.4841599511978765, 0.13529116226710708, 0.37901414430096186, 1.0]",
  "1783615498.4991035": "[0.6893325946075499, -0.7188605750974675, 0.08977776774993627, 0.0, -0.7189384471374611, -0.6940702220723436, -0.03733679231031353, 0.0, 0.08915202319184425, -0.03880722101601518, -0.9952617325898825, 0.0, 0.4841599511978765, 0.13529116226710708, 0.37901414430096186, 1.0]",
  "1783615498.5326397": "[0.6893362016482936, -0.7188574857468195, 0.0897748087319838, 0.0, -0.7189358753590387, -0.6940732793007585, -0.03732948007171332, 0.0, 0.0891448720837942, -0.038809768698778495, -0.9952622737925474, 0.0, 0.4841590617663189, 0.1352890429610117, 0.3790109115412626, 1.0]",
  "1783615498.565767": "[0.6893362016482936, -0.7188574857468195, 0.0897748087319838, 0.0, -0.7189358753590387, -0.6940732793007585, -0.03732948007171332, 0.0, 0.0891448720837942, -0.038809768698778495, -0.9952622737925474, 0.0, 0.4841590617663189, 0.1352890429610117, 0.3790109115412626, 1.0]",
  "1783615498.5990846": "[0.6893397886393587, -0.7188536857462221, 0.08977769370905021, 0.0, -0.7189319925310308, -0.6940771991241268, -0.03733137783914262, 0.0, 0.08914844874705384, -0.038810052113837444, -0.9952619423754305, 0.0, 0.4841584811778745, 0.13529142783418882, 0.3790118086567216, 1.0]",
  "1783615498.6324081": "[0.6893397886393587, -0.7188536857462221, 0.08977769370905021, 0.0, -0.7189319925310308, -0.6940771991241268, -0.03733137783914262, 0.0, 0.08914844874705384, -0.038810052113837444, -0.9952619423754305, 0.0, 0.4841584811778745, 0.13529142783418882, 0.3790118086567216, 1.0]",
  "1783615498.665884": "[0.6893340678601454, -0.718859133363281, 0.08977799990853551, 0.0, -0.7189373690456531, -0.6940715576382839, -0.037332723812775255, 0.0, 0.0891493257243093, -0.038810040682263715, -0.9952618642674609, 0.0, 0.48416005497298786, 0.13529027624896722, 0.3790118722990975, 1.0]",
  "1783615498.6990826": "[0.6893340678601454, -0.718859133363281, 0.08977799990853551, 0.0, -0.7189373690456531, -0.6940715576382839, -0.037332723812775255, 0.0, 0.0891493257243093, -0.038810040682263715, -0.9952618642674609, 0.0, 0.48416005497298786, 0.13529027624896722, 0.3790118722990975, 1.0]",
  "1783615498.732454": "[0.6893368688173506, -0.7188568547175286, 0.08977473873374883, 0.0, -0.7189350658400256, -0.6940740148923237, -0.037331393716927085, 0.0, 0.08914624161841436, -0.03880830164890459, -0.9952622083292617, 0.0, 0.48415883210909355, 0.13529089488118873, 0.3790113259697126, 1.0]",
  "1783615498.7660787": "[0.6893368688173506, -0.7188568547175286, 0.08977473873374883, 0.0, -0.7189350658400256, -0.6940740148923237, -0.037331393716927085, 0.0, 0.08914624161841436, -0.03880830164890459, -0.9952622083292617, 0.0, 0.48415883210909355, 0.13529089488118873, 0.3790113259697126, 1.0]",
  "1783615498.7990253": "[0.6893353095955411, -0.7188585206140395, 0.08977337180597612, 0.0, -0.71893680412729, -0.6940722831581876, -0.037330114154918624, 0.0, 0.08914427977194074, -0.038808415223701716, -0.9952623796224624, 0.0, 0.48415900901577247, 0.1352900272492477, 0.3790101953688672, 1.0]",
  "1783615498.8326776": "[0.6893353095955411, -0.7188585206140395, 0.08977337180597612, 0.0, -0.71893680412729, -0.6940722831581876, -0.037330114154918624, 0.0, 0.08914427977194074, -0.038808415223701716, -0.9952623796224624, 0.0, 0.48415900901577247, 0.1352900272492477, 0.3790101953688672, 1.0]",
  "1783615498.865791": "[0.6893301603593293, -0.7188632035906926, 0.08977541167996826, 0.0, -0.7189411870766456, -0.6940674955787893, -0.0373347171652659, 0.0, 0.08914874953584585, -0.038807294472988, -0.9952620229627378, 0.0, 0.48416047573246146, 0.1352899553966582, 0.37901252127939655, 1.0]",
  "1783615498.8990512": "[0.6893301603593293, -0.7188632035906926, 0.08977541167996826, 0.0, -0.7189411870766456, -0.6940674955787893, -0.0373347171652659, 0.0, 0.08914874953584585, -0.038807294472988, -0.9952620229627378, 0.0, 0.48416047573246146, 0.1352899553966582, 0.37901252127939655, 1.0]",
  "1783615498.9324424": "[0.6893343164281376, -0.7188588089956549, 0.08977868858421188, 0.0, -0.7189371657220445, -0.6940718260324594, -0.037331649461564656, 0.0, 0.08914904339422709, -0.03881124885025283, -0.9952618424437754, 0.0, 0.48416026420071223, 0.13528635459566618, 0.37901135498307564, 1.0]",
  "1783615498.965965": "[0.6893343164281376, -0.7188588089956549, 0.08977868858421188, 0.0, -0.7189371657220445, -0.6940718260324594, -0.037331649461564656, 0.0, 0.08914904339422709, -0.03881124885025283, -0.9952618424437754, 0.0, 0.48416026420071223, 0.13528635459566618, 0.37901135498307564, 1.0]",
  "1783615498.999151": "[0.6893342245636431, -0.7188594658811592, 0.08977413412724007, 0.0, -0.7189377551336159, -0.6940712796550137, -0.0373304567543696, 0.0, 0.08914500035716012, -0.0388088529991221, -0.9952622980100352, 0.0, 0.4841591941915209, 0.13528957195434907, 0.37901027537394016, 1.0]",
  "1783615499.0324507": "[0.6893342245636431, -0.7188594658811592, 0.08977413412724007, 0.0, -0.7189377551336159, -0.6940712796550137, -0.0373304567543696, 0.0, 0.08914500035716012, -0.0388088529991221, -0.9952622980100352, 0.0, 0.4841591941915209, 0.13528957195434907, 0.37901027537394016, 1.0]",
  "1783615499.0658295": "[0.6893338475165127, -0.7188598050406239, 0.08977431350357074, 0.0, -0.7189378689009638, -0.6940710208360528, -0.037333077769455034, 0.0, 0.08914699842519608, -0.03880719949385253, -0.9952621835170983, 0.0, 0.48416009918094555, 0.135288591352472, 0.37901117976393395, 1.0]",
  "1783615499.099113": "[0.6893338475165127, -0.7188598050406239, 0.08977431350357074, 0.0, -0.7189378689009638, -0.6940710208360528, -0.037333077769455034, 0.0, 0.08914699842519608, -0.03880719949385253, -0.9952621835170983, 0.0, 0.48416009918094555, 0.135288591352472, 0.37901117976393395, 1.0]",
  "1783615499.1334288": "[0.6893344101969998, -0.7188594150355087, 0.08977311587084819, 0.0, -0.7189376690898338, -0.694071371861493, -0.03733039948864726, 0.0, 0.08914425882821117, -0.0388081457571941, -0.9952623920056749, 0.0, 0.4841599350506264, 0.13528843308114352, 0.3790090050358013, 1.0]",
  "1783615499.1678145": "[0.6893344101969998, -0.7188594150355087, 0.08977311587084819, 0.0, -0.7189376690898338, -0.694071371861493, -0.03733039948864726, 0.0, 0.08914425882821117, -0.0388081457571941, -0.9952623920056749, 0.0, 0.4841599350506264, 0.13528843308114352, 0.3790090050358013, 1.0]",
  "1783615499.1997035": "[0.6893338948647127, -0.7188603390501831, 0.08976967378408511, 0.0, -0.7189389490443614, -0.6940703371124883, -0.03732498744201776, 0.0, 0.08913792087341073, -0.0388095359572027, -0.9952629054582278, 0.0, 0.4841576821640455, 0.1352905156358564, 0.37900780359752473, 1.0]",
  "1783615499.232399": "[0.6893338948647127, -0.7188603390501831, 0.08976967378408511, 0.0, -0.7189389490443614, -0.6940703371124883, -0.03732498744201776, 0.0, 0.08913792087341073, -0.0388095359572027, -0.9952629054582278, 0.0, 0.4841576821640455, 0.1352905156358564, 0.37900780359752473, 1.0]",
  "1783615499.26605": "[0.6893331659717528, -0.7188602436534747, 0.08977603458511137, 0.0, -0.7189385815393886, -0.6940704048290096, -0.03733080650919579, 0.0, 0.08914652133141261, -0.0388100919215882, -0.9952621134653656, 0.0, 0.4841597517907586, 0.135290712710888, 0.37900971703733727, 1.0]",
  "1783615499.2991037": "[0.6893331659717528, -0.7188602436534747, 0.08977603458511137, 0.0, -0.7189385815393886, -0.6940704048290096, -0.03733080650919579, 0.0, 0.08914652133141261, -0.0388100919215882, -0.9952621134653656, 0.0, 0.4841597517907586, 0.135290712710888, 0.37900971703733727, 1.0]",
  "1783615499.3324218": "[0.6893310891376226, -0.7188624417386761, 0.08977438056510004, 0.0, -0.7189404268280707, -0.6940683114891439, -0.03733418887400919, 0.0, 0.08914769890810595, -0.03880681440310822, -0.9952621357889953, 0.0, 0.4841595591741653, 0.13528908898662503, 0.37901088048983644, 1.0]",
  "1783615499.3657656": "[0.6893310891376226, -0.7188624417386761, 0.08977438056510004, 0.0, -0.7189404268280707, -0.6940683114891439, -0.03733418887400919, 0.0, 0.08914769890810595, -0.03880681440310822, -0.9952621357889953, 0.0, 0.4841595591741653, 0.13528908898662503, 0.37901088048983644, 1.0]",
  "1783615499.3990686": "[0.689333816872798, -0.7188594159048861, 0.0897776647082425, 0.0, -0.7189376207121653, -0.6940712851522028, -0.03733294325257315, 0.0, 0.08914923690256846, -0.03880968039104658, -0.9952618862729719, 0.0, 0.4841598593231946, 0.13528798935589578, 0.37901117704302234, 1.0]",
  "1783615499.4324133": "[0.689333816872798, -0.7188594159048861, 0.0897776647082425, 0.0, -0.7189376207121653, -0.6940712851522028, -0.03733294325257315, 0.0, 0.08914923690256846, -0.03880968039104658, -0.9952618862729719, 0.0, 0.4841598593231946, 0.13528798935589578, 0.37901117704302234, 1.0]",
  "1783615499.4657745": "[0.6893339531889588, -0.7188593572743476, 0.0897770875000649, 0.0, -0.718937382682058, -0.6940714378305977, -0.037334688562234083, 0.0, 0.08915010242929895, -0.038808035854431336, -0.9952618728706364, 0.0, 0.48415955659541654, 0.13528794405625771, 0.37901252756286313, 1.0]",
  "1783615499.4990878": "[0.6893339531889588, -0.7188593572743476, 0.0897770875000649, 0.0, -0.718937382682058, -0.6940714378305977, -0.037334688562234083, 0.0, 0.08915010242929895, -0.038808035854431336, -0.9952618728706364, 0.0, 0.48415955659541654, 0.13528794405625771, 0.37901252756286313, 1.0]",
  "1783615499.5325108": "[0.689336087943619, -0.718857093690309, 0.08977882105323745, 0.0, -0.7189353100241546, -0.6940736678590209, -0.037333143253658496, 0.0, 0.08915031048212813, -0.03881008162639671, -0.9952617744619214, 0.0, 0.4841595383712385, 0.13529099591785637, 0.3790116202754, 1.0]",
  "1783615499.566196": "[0.689336087943619, -0.718857093690309, 0.08977882105323745, 0.0, -0.7189353100241546, -0.6940736678590209, -0.037333143253658496, 0.0, 0.08915031048212813, -0.03881008162639671, -0.9952617744619214, 0.0, 0.4841595383712385, 0.13529099591785637, 0.3790116202754, 1.0]",
  "1783615499.599157": "[0.6893283475463973, -0.7188653691872631, 0.08977199035452675, 0.0, -0.7189437495390854, -0.6940651513205269, -0.037328952852907306, 0.0, 0.08914210154373865, -0.03880910596333811, -0.9952625477866088, 0.0, 0.4841588241643186, 0.13528773562087665, 0.3790088443451528, 1.0]",
  "1783615499.6324055": "[0.6893283475463973, -0.7188653691872631, 0.08977199035452675, 0.0, -0.7189437495390854, -0.6940651513205269, -0.037328952852907306, 0.0, 0.08914210154373865, -0.03880910596333811, -0.9952625477866088, 0.0, 0.4841588241643186, 0.13528773562087665, 0.3790088443451528, 1.0]",
  "1783615499.6657987": "[0.689336683764225, -0.7188570614074198, 0.08977450463038014, 0.0, -0.7189356703993047, -0.6940736322493704, -0.03732686490542785, 0.0, 0.08914279692966348, -0.03881131640198498, -0.9952623993071885, 0.0, 0.4841584574687931, 0.13529042837961627, 0.37900908014301427, 1.0]",
  "1783615499.6990752": "[0.689336683764225, -0.7188570614074198, 0.08977450463038014, 0.0, -0.7189356703993047, -0.6940736322493704, -0.03732686490542785, 0.0, 0.08914279692966348, -0.03881131640198498, -0.9952623993071885, 0.0, 0.4841584574687931, 0.13529042837961627, 0.37900908014301427, 1.0]",
  "1783615499.7323773": "[0.6893323458063751, -0.7188605178570735, 0.0897801363963104, 0.0, -0.7189386076516426, -0.6940701309635722, -0.037335395165004566, 0.0, 0.0891526525292282, -0.03880991072483738, -0.9952615713351607, 0.0, 0.48416018541512673, 0.13528843465383156, 0.3790127915906796, 1.0]",
  "1783615499.765706": "[0.6893323458063751, -0.7188605178570735, 0.0897801363963104, 0.0, -0.7189386076516426, -0.6940701309635722, -0.037335395165004566, 0.0, 0.0891526525292282, -0.03880991072483738, -0.9952615713351607, 0.0, 0.48416018541512673, 0.13528843465383156, 0.3790127915906796, 1.0]",
  "1783615499.7990634": "[0.6893409792761713, -0.7188523772332871, 0.08977902893561016, 0.0, -0.7189307351291323, -0.6940785061616361, -0.037331292116900935, 0.0, 0.08914938237169509, -0.038810913806348546, -0.9952618251456558, 0.0, 0.4841599986180796, 0.13529076793044492, 0.3790115536352738, 1.0]",
  "1783615499.8324206": "[0.6893409792761713, -0.7188523772332871, 0.08977902893561016, 0.0, -0.7189307351291323, -0.6940785061616361, -0.037331292116900935, 0.0, 0.08914938237169509, -0.038810913806348546, -0.9952618251456558, 0.0, 0.4841599986180796, 0.13529076793044492, 0.3790115536352738, 1.0]",
  "1783615499.866462": "[0.6893379485136362, -0.7188553986708455, 0.08977810724665122, 0.0, -0.7189332992629311, -0.694075584859992, -0.037336225199888426, 0.0, 0.08915213934577279, -0.03880719395988201, -0.9952617232401897, 0.0, 0.48415959973408657, 0.13529027321722178, 0.3790130264975401, 1.0]",
  "1783615499.8990467": "[0.6893379485136362, -0.7188553986708455, 0.08977810724665122, 0.0, -0.7189332992629311, -0.694075584859992, -0.037336225199888426, 0.0, 0.08915213934577279, -0.03880719395988201, -0.9952617232401897, 0.0, 0.48415959973408657, 0.13529027321722178, 0.3790130264975401, 1.0]",
  "1783615499.9323905": "[0.6893281718937498, -0.718865180631301, 0.08977484898092554, 0.0, -0.7189432666246905, -0.6940654081640067, -0.03733347780679143, 0.0, 0.0891473544679819, -0.03880800518009346, -0.9952621202101999, 0.0, 0.4841597985223064, 0.13528802507203463, 0.37901083094122373, 1.0]",
  "1783615499.9659567": "[0.6893281718937498, -0.718865180631301, 0.08977484898092554, 0.0, -0.7189432666246905, -0.6940654081640067, -0.03733347780679143, 0.0, 0.0891473544679819, -0.03880800518009346, -0.9952621202101999, 0.0, 0.4841597985223064, 0.13528802507203463, 0.37901083094122373, 1.0]",
  "1783615499.9991758": "[0.689334746831177, -0.7188582065128488, 0.08978020795435561, 0.0, -0.7189363562684334, -0.6940725068651776, -0.037334579806869675, 0.0, 0.08915224308263374, -0.038810232452509766, -0.9952615954663964, 0.0, 0.48416001386915436, 0.13528988580337553, 0.3790133205057937, 1.0]",
  "1783615500.0324247": "[0.689334746831177, -0.7188582065128488, 0.08978020795435561, 0.0, -0.7189363562684334, -0.6940725068651776, -0.037334579806869675, 0.0, 0.08915224308263374, -0.038810232452509766, -0.9952615954663964, 0.0, 0.48416001386915436, 0.13528988580337553, 0.3790133205057937, 1.0]",
  "1783615500.0665784": "[0.6893360147636225, -0.7188574195242159, 0.08977677397184729, 0.0, -0.7189353806086443, -0.6940734883866726, -0.03733512056842848, 0.0, 0.08915030711618786, -0.03880725594190642, -0.9952618849465442, 0.0, 0.48416036795730355, 0.13529139902343007, 0.3790122185353234, 1.0]",
  "1783615500.0990708": "[0.6893360147636225, -0.7188574195242159, 0.08977677397184729, 0.0, -0.7189353806086443, -0.6940734883866726, -0.03733512056842848, 0.0, 0.08915030711618786, -0.03880725594190642, -0.9952618849465442, 0.0, 0.48416036795730355, 0.13529139902343007, 0.3790122185353234, 1.0]",
  "1783615500.132398": "[0.6893332513862052, -0.7188601170009451, 0.08977639288092558, 0.0, -0.7189381099827526, -0.6940706782416979, -0.037334804399344584, 0.0, 0.08914966375567739, -0.03880754811241348, -0.9952619311828181, 0.0, 0.48415997126375615, 0.1352900452365003, 0.3790126899443, 1.0]",
  "1783615500.166142": "[0.6893332513862052, -0.7188601170009451, 0.08977639288092558, 0.0, -0.7189381099827526, -0.6940706782416979, -0.037334804399344584, 0.0, 0.08914966375567739, -0.03880754811241348, -0.9952619311828181, 0.0, 0.48415997126375615, 0.1352900452365003, 0.3790126899443, 1.0]",
  "1783615500.1990602": "[0.6893354823481183, -0.7188580364865185, 0.08977592190913249, 0.0, -0.7189359839498835, -0.6940728727955667, -0.03733494651559787, 0.0, 0.08914955837187387, -0.038806837387979194, -0.9952619683349924, 0.0, 0.4841592804671153, 0.1352916428344122, 0.3790118699875511, 1.0]",
  "1783615500.2326276": "[0.6893354823481183, -0.7188580364865185, 0.08977592190913249, 0.0, -0.7189359839498835, -0.6940728727955667, -0.03733494651559787, 0.0, 0.08914955837187387, -0.038806837387979194, -0.9952619683349924, 0.0, 0.4841592804671153, 0.1352916428344122, 0.3790118699875511, 1.0]",
  "1783615500.2657068": "[0.6893401059553609, -0.7188535208701706, 0.08977657742424255, 0.0, -0.7189317612668217, -0.6940774258033757, -0.037331617055060995, 0.0, 0.0891478601158632, -0.03880905207189718, -0.995262034096571, 0.0, 0.48415893746349736, 0.1352909105678412, 0.37901089499224166, 1.0]",
  "1783615500.2992246": "[0.6893401059553609, -0.7188535208701706, 0.08977657742424255, 0.0, -0.7189317612668217, -0.6940774258033757, -0.037331617055060995, 0.0, 0.0891478601158632, -0.03880905207189718, -0.995262034096571, 0.0, 0.48415893746349736, 0.1352909105678412, 0.37901089499224166, 1.0]",
  "1783615500.333468": "[0.6893336050064638, -0.7188598403368162, 0.08977589297645353, 0.0, -0.7189379973595486, -0.6940709063359625, -0.0373327326968871, 0.0, 0.08914783767110879, -0.03880859349296879, -0.9952620539886281, 0.0, 0.48415905967641937, 0.1352906609951248, 0.3790108163976535, 1.0]",
  "1783615500.3657122": "[0.6893336050064638, -0.7188598403368162, 0.08977589297645353, 0.0, -0.7189379973595486, -0.6940709063359625, -0.0373327326968871, 0.0, 0.08914783767110879, -0.03880859349296879, -0.9952620539886281, 0.0, 0.48415905967641937, 0.1352906609951248, 0.3790108163976535, 1.0]",
  "1783615500.4001234": "[0.6893369113041115, -0.7188566661765105, 0.08977592220245098, 0.0, -0.7189352360179854, -0.6940740268931962, -0.037327893109927575, 0.0, 0.08914454063750113, -0.03881157927546391, -0.9952622328756744, 0.0, 0.4841605231064377, 0.135288157123286, 0.37900899281794304, 1.0]",
  "1783615500.4346056": "[0.6893369113041115, -0.7188566661765105, 0.08977592220245098, 0.0, -0.7189352360179854, -0.6940740268931962, -0.037327893109927575, 0.0, 0.08914454063750113, -0.03881157927546391, -0.9952622328756744, 0.0, 0.4841605231064377, 0.135288157123286, 0.37900899281794304, 1.0]",
  "1783615500.4662702": "[0.6893388680753949, -0.7188550392972419, 0.08977392403974546, 0.0, -0.7189338296730188, -0.6940756698438171, -0.037324430103395624, 0.0, 0.08914075113111791, -0.03881233061563497, -0.9952625429905231, 0.0, 0.48415831856226255, 0.1352899617906859, 0.3790089735454618, 1.0]",
  "1783615500.4991271": "[0.6893388680753949, -0.7188550392972419, 0.08977392403974546, 0.0, -0.7189338296730188, -0.6940756698438171, -0.037324430103395624, 0.0, 0.08914075113111791, -0.03881233061563497, -0.9952625429905231, 0.0, 0.48415831856226255, 0.1352899617906859, 0.3790089735454618, 1.0]",
  "1783615500.5347855": "[0.6893345333716222, -0.7188591997260972, 0.08977389414792619, 0.0, -0.7189375966799639, -0.694071515213466, -0.03732912869760328, 0.0, 0.08914389031989595, -0.03880957019137992, -0.9952623694685718, 0.0, 0.4841590683023372, 0.13528914149573204, 0.3790104728722078, 1.0]",
  "1783615500.566275": "[0.6893345333716222, -0.7188591997260972, 0.08977389414792619, 0.0, -0.7189375966799639, -0.694071515213466, -0.03732912869760328, 0.0, 0.08914389031989595, -0.03880957019137992, -0.9952623694685718, 0.0, 0.4841590683023372, 0.13528914149573204, 0.3790104728722078, 1.0]",
  "1783615500.599706": "[0.6893388598556165, -0.7188545571101336, 0.08977784813055334, 0.0, -0.7189330490147509, -0.6940762087264785, -0.03732944567271522, 0.0, 0.0891471105943025, -0.03881162457141027, -0.995262000917756, 0.0, 0.48415938971608796, 0.13528959438017088, 0.3790101705423189, 1.0]",
  "1783615500.6325173": "[0.6893388598556165, -0.7188545571101336, 0.08977784813055334, 0.0, -0.7189330490147509, -0.6940762087264785, -0.03732944567271522, 0.0, 0.0891471105943025, -0.03881162457141027, -0.995262000917756, 0.0, 0.48415938971608796, 0.13528959438017088, 0.3790101705423189, 1.0]",
  "1783615500.666259": "[0.689335542330858, -0.7188576029382282, 0.08977893281458989, 0.0, -0.7189357979551586, -0.6940731449128195, -0.03733346929241587, 0.0, 0.08915059449045314, -0.03881000140083984, -0.9952617521502902, 0.0, 0.48415977480063566, 0.13528988096871236, 0.3790119892647557, 1.0]",
  "1783615500.699276": "[0.689335542330858, -0.7188576029382282, 0.08977893281458989, 0.0, -0.7189357979551586, -0.6940731449128195, -0.03733346929241587, 0.0, 0.08915059449045314, -0.03881000140083984, -0.9952617521502902, 0.0, 0.48415977480063566, 0.13528988096871236, 0.3790119892647557, 1.0]",
  "1783615500.7323968": "[0.6893362890417469, -0.7188574153291044, 0.08977470153953557, 0.0, -0.7189354002748135, -0.6940735312222917, -0.03733394552297265, 0.0, 0.08914802769465446, -0.03880656752378522, -0.995262115965023, 0.0, 0.4841602611255196, 0.13529010630719213, 0.37901138685931557, 1.0]",
  "1783615500.7665987": "[0.6893362890417469, -0.7188574153291044, 0.08977470153953557, 0.0, -0.7189354002748135, -0.6940735312222917, -0.03733394552297265, 0.0, 0.08914802769465446, -0.03880656752378522, -0.995262115965023, 0.0, 0.4841602611255196, 0.13529010630719213, 0.37901138685931557, 1.0]",
  "1783615500.7995143": "[0.6893324883933987, -0.71886093453064, 0.08977570523866574, 0.0, -0.7189393305878733, -0.6940696687859811, -0.037330065700176024, 0.0, 0.08914571991534731, -0.038810458346349164, -0.9952621709598539, 0.0, 0.48416105551163136, 0.13528854784366248, 0.37901063047889627, 1.0]",
  "1783615500.8330433": "[0.6893324883933987, -0.71886093453064, 0.08977570523866574, 0.0, -0.7189393305878733, -0.6940696687859811, -0.037330065700176024, 0.0, 0.08914571991534731, -0.038810458346349164, -0.9952621709598539, 0.0, 0.48416105551163136, 0.13528854784366248, 0.37901063047889627, 1.0]",
  "1783615500.8657935": "[0.6892828650694116, -0.718875905835589, 0.09003645889729739, 0.0, -0.7189136792230454, -0.6940655219915093, -0.0378968733359088, 0.0, 0.0897343509905078, -0.03860677649992275, -0.995217193913267, 0.0, 0.4842196487573006, 0.13533594127213777, 0.3792786731348382, 1.0]",
  "1783615500.8990772": "[0.6892828650694116, -0.718875905835589, 0.09003645889729739, 0.0, -0.7189136792230454, -0.6940655219915093, -0.0378968733359088, 0.0, 0.0897343509905078, -0.03860677649992275, -0.995217193913267, 0.0, 0.4842196487573006, 0.13533594127213777, 0.3792786731348382, 1.0]",
