{
  "1783615382.3486214": "[0.6886947350390666, -0.7198434505023685, 0.08674657744438026, 0.0, -0.7203867136380611, -0.6928985418073614, -0.030571123220885912, 0.0, 0.08211299984304603, -0.04143691023805196, -0.9957612353002601, 0.0, 0.4835617041876935, 0.13458724368662245, 0.37636439471593164, 1.0]",
  "1783615382.3819408": "[0.6886947350390666, -0.7198434505023685, 0.08674657744438026, 0.0, -0.7203867136380611, -0.6928985418073614, -0.030571123220885912, 0.0, 0.08211299984304603, -0.04143691023805196, -0.9957612353002601, 0.0, 0.4835617041876935, 0.13458724368662245, 0.37636439471593164, 1.0]",
  "1783615382.4154282": "[0.6886856701818967, -0.7198520671899117, 0.08674704057501142, 0.0, -0.7203955186219387, -0.6928894496318041, -0.03056971276220491, 0.0, 0.08211178012648246, -0.04143925616304654, -0.9957612382559957, 0.0, 0.48356180885942024, 0.13458251037563956, 0.3763659011529709, 1.0]",
  "1783615382.4503422": "[0.6886856701818967, -0.7198520671899117, 0.08674704057501142, 0.0, -0.7203955186219387, -0.6928894496318041, -0.03056971276220491, 0.0, 0.08211178012648246, -0.04143925616304654, -0.9957612382559957, 0.0, 0.48356180885942024, 0.13458251037563956, 0.3763659011529709, 1.0]",
  "1783615382.481935": "[0.6886908367583016, -0.7198467195606307, 0.08675039886334285, 0.0, -0.720390121270653, -0.6928949768329371, -0.03057162500320748, 0.0, 0.08211579958086068, -0.041439732352921116, -0.995760886981264, 0.0, 0.4835623401104835, 0.13458355584823375, 0.3763669384407061, 1.0]",
  "1783615382.5153759": "[0.6886828101762699, -0.7198543274607494, 0.08675098964131828, 0.0, -0.7203976550628577, -0.6928870662669888, -0.030573386790824816, 0.0, 0.08211702349483752, -0.041439843580276664, -0.9957607814211156, 0.0, 0.48356354843333355, 0.1345818987109315, 0.37636807085889873, 1.0]",
  "1783615382.5485973": "[0.6886828101762699, -0.7198543274607494, 0.08675098964131828, 0.0, -0.7203976550628577, -0.6928870662669888, -0.030573386790824816, 0.0, 0.08211702349483752, -0.041439843580276664, -0.9957607814211156, 0.0, 0.48356354843333355, 0.1345818987109315, 0.37636807085889873, 1.0]",
  "1783615382.5823143": "[0.6886911452632317, -0.7198465801665616, 0.08674910638458751, 0.0, -0.7203900805656399, -0.6928951013628919, -0.030569761692545702, 0.0, 0.0821135692723748, -0.04144007154692689, -0.9957610567859827, 0.0, 0.4835614185255085, 0.1345864437816574, 0.37636558258412395, 1.0]",
  "1783615382.6152894": "[0.6886911452632317, -0.7198465801665616, 0.08674910638458751, 0.0, -0.7203900805656399, -0.6928951013628919, -0.030569761692545702, 0.0, 0.0821135692723748, -0.04144007154692689, -0.9957610567859827, 0.0, 0.4835614185255085, 0.1345864437816574, 0.37636558258412395, 1.0]",
  "1783615382.6485748": "[0.6886836268655819, -0.7198537616936909, 0.0867492009341338, 0.0, -0.7203967504854194, -0.6928878673876291, -0.030576545211518265, 0.0, 0.0821181099229415, -0.041436276406868845, -0.9957608402725113, 0.0, 0.48356320306076506, 0.13458227342322118, 0.3763687168590233, 1.0]",
  "1783615382.6819358": "[0.6886836268655819, -0.7198537616936909, 0.0867492009341338, 0.0, -0.7203967504854194, -0.6928878673876291, -0.030576545211518265, 0.0, 0.0821181099229415, -0.041436276406868845, -0.9957608402725113, 0.0, 0.48356320306076506, 0.13458227342322118, 0.3763687168590233, 1.0]",
  "1783615382.7153728": "[0.6886887426022936, -0.7198486939634599, 0.08675064041246605, 0.0, -0.7203919792762268, -0.6928929709559355, -0.030573305256990833, 0.0, 0.0821170628271147, -0.041438974395583535, -0.9957608143493544, 0.0, 0.48356296066348387, 0.13458375731283506, 0.37636635612123, 1.0]",
  "1783615382.7486043": "[0.6886887426022936, -0.7198486939634599, 0.08675064041246605, 0.0, -0.7203919792762268, -0.6928929709559355, -0.030573305256990833, 0.0, 0.0821170628271147, -0.041438974395583535, -0.9957608143493544, 0.0, 0.48356296066348387, 0.13458375731283506, 0.37636635612123, 1.0]",
  "1783615382.7819688": "[0.6886840351196628, -0.719853524225546, 0.08674793041543014, 0.0, -0.7203966822016871, -0.6928880581507695, -0.030573831046458645, 0.0, 0.08211528508201513, -0.04143721192499673, -0.9957610342967746, 0.0, 0.4835634432738156, 0.13458218786066914, 0.3763664387455293, 1.0]",
  "1783615382.815332": "[0.6886840351196628, -0.719853524225546, 0.08674793041543014, 0.0, -0.7203966822016871, -0.6928880581507695, -0.030573831046458645, 0.0, 0.08211528508201513, -0.04143721192499673, -0.9957610342967746, 0.0, 0.4835634432738156, 0.13458218786066914, 0.3763664387455293, 1.0]",
  "1783615382.849007": "[0.6886840351196628, -0.719853524225546, 0.08674793041543014, 0.0, -0.7203966822016871, -0.6928880581507695, -0.030573831046458645, 0.0, 0.08211528508201513, -0.04143721192499673, -0.9957610342967746, 0.0, 0.4835634432738156, 0.13458218786066914, 0.3763664387455293, 1.0]",
  "1783615382.882324": "[0.6886934534495635, -0.7198440829278577, 0.08675150401846247, 0.0, -0.7203874297826677, -0.6928977296172574, -0.030572656122301298, 0.0, 0.08211746578430175, -0.041439504883647324, -0.9957607590421318, 0.0, 0.4835618388919424, 0.13458555960937033, 0.37636671048672016, 1.0]",
  "1783615382.9154274": "[0.6886856006784584, -0.7198521872661525, 0.08674659593486728, 0.0, -0.7203957788788868, -0.6928892636107176, -0.030567795904839226, 0.0, 0.0821100797200505, -0.04144028065945006, -0.9957613358366719, 0.0, 0.4835621719743215, 0.13458275199092376, 0.37636443199168534, 1.0]",
  "1783615382.948963": "[0.6886856006784584, -0.7198521872661525, 0.08674659593486728, 0.0, -0.7203957788788868, -0.6928892636107176, -0.030567795904839226, 0.0, 0.0821100797200505, -0.04144028065945006, -0.9957613358366719, 0.0, 0.4835621719743215, 0.13458275199092376, 0.37636443199168534, 1.0]",
  "1783615382.9818609": "[0.6886869833150331, -0.719850604154803, 0.08674875624701801, 0.0, -0.7203939142658748, -0.6928910084051101, -0.030572189323651806, 0.0, 0.08211484214885116, -0.041438607231843734, -0.9957610127583598, 0.0, 0.483562435681148, 0.13458287593430057, 0.376366991443668, 1.0]",
  "1783615383.015321": "[0.6886869833150331, -0.719850604154803, 0.08674875624701801, 0.0, -0.7203939142658748, -0.6928910084051101, -0.030572189323651806, 0.0, 0.08211484214885116, -0.041438607231843734, -0.9957610127583598, 0.0, 0.483562435681148, 0.13458287593430057, 0.376366991443668, 1.0]",
  "1783615383.0486782": "[0.6886852841333726, -0.7198522839810354, 0.0867483064124161, 0.0, -0.7203958175431747, -0.6928891537207531, -0.03056937556508573, 0.0, 0.08211239543720861, -0.041440438021637487, -0.9957611383319487, 0.0, 0.48356232799108884, 0.13458279552905408, 0.3763658905195296, 1.0]",
  "1783615383.0819314": "[0.6886852841333726, -0.7198522839810354, 0.0867483064124161, 0.0, -0.7203958175431747, -0.6928891537207531, -0.03056937556508573, 0.0, 0.08211239543720861, -0.041440438021637487, -0.9957611383319487, 0.0, 0.48356232799108884, 0.13458279552905408, 0.3763658905195296, 1.0]",
  "1783615383.1181614": "[0.6886852841333726, -0.7198522839810354, 0.0867483064124161, 0.0, -0.7203958175431747, -0.6928891537207531, -0.03056937556508573, 0.0, 0.08211239543720861, -0.041440438021637487, -0.9957611383319487, 0.0, 0.48356232799108884, 0.13458279552905408, 0.3763658905195296, 1.0]",
  "1783615383.149883": "[0.6886849146497538, -0.719852639103365, 0.086748292834971, 0.0, -0.7203958324170454, -0.6928889553522328, -0.030573521011560606, 0.0, 0.0821153637878667, -0.041437585919217465, -0.9957610122429852, 0.0, 0.4835631728538138, 0.13458210776602256, 0.3763661947002993, 1.0]",
  "1783615383.181923": "[0.6886849146497538, -0.719852639103365, 0.086748292834971, 0.0, -0.7203958324170454, -0.6928889553522328, -0.030573521011560606, 0.0, 0.0821153637878667, -0.041437585919217465, -0.9957610122429852, 0.0, 0.4835631728538138, 0.13458210776602256, 0.3763661947002993, 1.0]",
  "1783615383.2152355": "[0.688686783343972, -0.719851358868228, 0.08674408096751422, 0.0, -0.7203947445221988, -0.6928902878788865, -0.03056895529634477, 0.0, 0.08210923524262627, -0.041437544554179966, -0.9957615193354237, 0.0, 0.48356336707910025, 0.13458303587229825, 0.37636408067218413, 1.0]",
  "1783615383.248523": "[0.6886866606756472, -0.7198509857756925, 0.08674815090357577, 0.0, -0.720394173437348, -0.6928906857429564, -0.030573395103840446, 0.0, 0.08211527437052135, -0.041437373087818745, -0.9957610284735163, 0.0, 0.4835633154022985, 0.13458192179020226, 0.37636740712727595, 1.0]",
  "1783615383.2819138": "[0.6886866606756472, -0.7198509857756925, 0.08674815090357577, 0.0, -0.720394173437348, -0.6928906857429564, -0.030573395103840446, 0.0, 0.08211527437052135, -0.041437373087818745, -0.9957610284735163, 0.0, 0.4835633154022985, 0.13458192179020226, 0.37636740712727595, 1.0]",
  "1783615383.315593": "[0.6886894473442862, -0.7198484065279799, 0.08674743071555427, 0.0, -0.7203921605307014, -0.6928931061046639, -0.030565970597033768, 0.0, 0.08210956194335539, -0.04144170763565258, -0.9957613191451609, 0.0, 0.48356200868132354, 0.1345816719019075, 0.376364831627696, 1.0]",
  "1783615383.3485713": "[0.6886894473442862, -0.7198484065279799, 0.08674743071555427, 0.0, -0.7203921605307014, -0.6928931061046639, -0.030565970597033768, 0.0, 0.08210956194335539, -0.04144170763565258, -0.9957613191451609, 0.0, 0.48356200868132354, 0.1345816719019075, 0.376364831627696, 1.0]",
  "1783615383.3820918": "[0.688683750177956, -0.7198534982570048, 0.08675040799892002, 0.0, -0.7203968001403107, -0.6928879571104782, -0.030573341964357473, 0.0, 0.08211664014332258, -0.04143935253380161, -0.995760833470142, 0.0, 0.48356279949023334, 0.1345821444251664, 0.376367787054287, 1.0]",
  "1783615383.415258": "[0.688683750177956, -0.7198534982570048, 0.08675040799892002, 0.0, -0.7203968001403107, -0.6928879571104782, -0.030573341964357473, 0.0, 0.08211664014332258, -0.04143935253380161, -0.995760833470142, 0.0, 0.48356279949023334, 0.1345821444251664, 0.376367787054287, 1.0]",
  "1783615383.4486809": "[0.6886880156286711, -0.7198496270625013, 0.08674866885100374, 0.0, -0.7203927872060089, -0.6928921051069392, -0.03057389118239072, 0.0, 0.08211607194089018, -0.041437242891538065, -0.9957609681196318, 0.0, 0.48356253258279, 0.13458554872199133, 0.37636712535040306, 1.0]",
  "1783615383.4819083": "[0.6886880156286711, -0.7198496270625013, 0.08674866885100374, 0.0, -0.7203927872060089, -0.6928921051069392, -0.03057389118239072, 0.0, 0.08211607194089018, -0.041437242891538065, -0.9957609681196318, 0.0, 0.48356253258279, 0.13458554872199133, 0.37636712535040306, 1.0]",
  "1783615383.5156302": "[0.6886879769062157, -0.7198496833277456, 0.0867485093691423, 0.0, -0.7203932453034955, -0.6928918472129517, -0.03056894154074854, 0.0, 0.08211237778752725, -0.0414405776838146, -0.9957611339750665, 0.0, 0.4835620060039162, 0.13458307543832507, 0.37636525594766945, 1.0]",
  "1783615383.5485747": "[0.6886879769062157, -0.7198496833277456, 0.0867485093691423, 0.0, -0.7203932453034955, -0.6928918472129517, -0.03056894154074854, 0.0, 0.08211237778752725, -0.0414405776838146, -0.9957611339750665, 0.0, 0.4835620060039162, 0.13458307543832507, 0.37636525594766945, 1.0]",
  "1783615383.5822787": "[0.688693804701739, -0.7198435930521888, 0.08675278040015669, 0.0, -0.7203868690175229, -0.6928982477069401, -0.03057412749013194, 0.0, 0.08211943930990578, -0.04143935166441859, -0.9957606026656509, 0.0, 0.48356241057864924, 0.1345846051054416, 0.3763674305920053, 1.0]",
  "1783615383.6152601": "[0.688693804701739, -0.7198435930521888, 0.08675278040015669, 0.0, -0.7203868690175229, -0.6928982477069401, -0.03057412749013194, 0.0, 0.08211943930990578, -0.04143935166441859, -0.9957606026656509, 0.0, 0.48356241057864924, 0.1345846051054416, 0.3763674305920053, 1.0]",
  "1783615383.6487072": "[0.6886860618827042, -0.7198513168592015, 0.08675015725960304, 0.0, -0.7203946029319938, -0.6928902458274113, -0.030573244899505032, 0.0, 0.08211652839074048, -0.04143897746450415, -0.995760858294676, 0.0, 0.48356293478171575, 0.13458387399472607, 0.3763672681745864, 1.0]",
  "1783615383.6821017": "[0.6886860618827042, -0.7198513168592015, 0.08675015725960304, 0.0, -0.7203946029319938, -0.6928902458274113, -0.030573244899505032, 0.0, 0.08211652839074048, -0.04143897746450415, -0.995760858294676, 0.0, 0.48356293478171575, 0.13458387399472607, 0.3763672681745864, 1.0]",
  "1783615383.7157297": "[0.6886876064062026, -0.7198498233645542, 0.0867502886710788, 0.0, -0.7203931596275267, -0.6928917752095465, -0.030572592445398505, 0.0, 0.082116236788861, -0.04143934904150462, -0.9957608668785154, 0.0, 0.4835634536376078, 0.1345821428143001, 0.3763665468871379, 1.0]",
  "1783615383.7486038": "[0.6886876064062026, -0.7198498233645542, 0.0867502886710788, 0.0, -0.7203931596275267, -0.6928917752095465, -0.030572592445398505, 0.0, 0.082116236788861, -0.04143934904150462, -0.9957608668785154, 0.0, 0.4835634536376078, 0.1345821428143001, 0.3763665468871379, 1.0]",
  "1783615383.7819803": "[0.6886876064062026, -0.7198498233645542, 0.0867502886710788, 0.0, -0.7203931596275267, -0.6928917752095465, -0.030572592445398505, 0.0, 0.082116236788861, -0.04143934904150462, -0.9957608668785154, 0.0, 0.4835634536376078, 0.1345821428143001, 0.3763665468871379, 1.0]",
  "1783615383.8170369": "[0.6886899654781728, -0.7198473952242586, 0.08675170913891601, 0.0, -0.7203907812408545, -0.6928942507170823, -0.03057253058554748, 0.0, 0.08211731700965581, -0.041440136487022015, -0.9957607450261698, 0.0, 0.48356272642281756, 0.13458294626882744, 0.37636850510270814, 1.0]",
  "1783615383.848556": "[0.6886891064716691, -0.7198484802428172, 0.08674952518233484, 0.0, -0.7203917609762257, -0.6928932211511243, -0.030572778748282153, 0.0, 0.08211592625566938, -0.041438503531443155, -0.9957609276730273, 0.0, 0.48356230491024116, 0.1345859469092556, 0.37636712385723503, 1.0]",
  "1783615383.8819077": "[0.6886891064716691, -0.7198484802428172, 0.08674952518233484, 0.0, -0.7203917609762257, -0.6928932211511243, -0.030572778748282153, 0.0, 0.08211592625566938, -0.041438503531443155, -0.9957609276730273, 0.0, 0.48356230491024116, 0.1345859469092556, 0.37636712385723503, 1.0]",
  "1783615383.9154513": "[0.6886836511109659, -0.7198538333882119, 0.08674841352304948, 0.0, -0.720397178204849, -0.6928876305945575, -0.030571833499988786, 0.0, 0.0821141542424957, -0.0414389903998234, -0.9957610535402974, 0.0, 0.48356285312918046, 0.13458267103400712, 0.37636720106502597, 1.0]",
  "1783615383.94863": "[0.6886836511109659, -0.7198538333882119, 0.08674841352304948, 0.0, -0.720397178204849, -0.6928876305945575, -0.030571833499988786, 0.0, 0.0821141542424957, -0.0414389903998234, -0.9957610535402974, 0.0, 0.48356285312918046, 0.13458267103400712, 0.37636720106502597, 1.0]",
  "1783615383.9820254": "[0.6886836511109659, -0.7198538333882119, 0.08674841352304948, 0.0, -0.720397178204849, -0.6928876305945575, -0.030571833499988786, 0.0, 0.0821141542424957, -0.0414389903998234, -0.9957610535402974, 0.0, 0.48356285312918046, 0.13458267103400712, 0.37636720106502597, 1.0]",
  "1783615384.0165234": "[0.6886814784803483, -0.7198554278961737, 0.0867524300901025, 0.0, -0.7203986120875756, -0.6928859586415765, -0.03057593857330488, 0.0, 0.08211979603248051, -0.04143924764954635, -0.9957605775756659, 0.0, 0.48356416150819187, 0.13457970924015422, 0.37636922858868566, 1.0]",
  "1783615384.0491207": "[0.6886889720303766, -0.7198483885943612, 0.08675135296838188, 0.0, -0.7203916540764292, -0.6928932834857235, -0.030573884892166447, 0.0, 0.08211799157778657, -0.041439053300899586, -0.9957607344742794, 0.0, 0.4835633690881662, 0.13458402987329135, 0.3763677684326401, 1.0]",
  "1783615384.0819097": "[0.6886889720303766, -0.7198483885943612, 0.08675135296838188, 0.0, -0.7203916540764292, -0.6928932834857235, -0.030573884892166447, 0.0, 0.08211799157778657, -0.041439053300899586, -0.9957607344742794, 0.0, 0.4835633690881662, 0.13458402987329135, 0.3763677684326401, 1.0]",
  "1783615384.1162941": "[0.6886865301097097, -0.7198509631648717, 0.08674937507587238, 0.0, -0.7203943370083608, -0.6928905879466263, -0.030571757248520938, 0.0, 0.0821149344013141, -0.04143940112483247, -0.9957609721126264, 0.0, 0.48356257648985157, 0.13458187240406763, 0.376366723216446, 1.0]",
  "1783615384.1485767": "[0.6886865301097097, -0.7198509631648717, 0.08674937507587238, 0.0, -0.7203943370083608, -0.6928905879466263, -0.030571757248520938, 0.0, 0.0821149344013141, -0.04143940112483247, -0.9957609721126264, 0.0, 0.48356257648985157, 0.13458187240406763, 0.376366723216446, 1.0]",
  "1783615384.1818519": "[0.6886894127487136, -0.7198484115298809, 0.08674766386329438, 0.0, -0.7203920483435988, -0.6928931548108783, -0.03056751052248876, 0.0, 0.08211083638074812, -0.041440806388577715, -0.9957612515632042, 0.0, 0.48356127573527713, 0.13458424974634395, 0.3763648361599725, 1.0]",
  "1783615384.2152424": "[0.6886894127487136, -0.7198484115298809, 0.08674766386329438, 0.0, -0.7203920483435988, -0.6928931548108783, -0.03056751052248876, 0.0, 0.08211083638074812, -0.041440806388577715, -0.9957612515632042, 0.0, 0.48356127573527713, 0.13458424974634395, 0.3763648361599725, 1.0]",
  "1783615384.248432": "[0.6886895230997427, -0.7198481316279371, 0.0867491104531744, 0.0, -0.7203918055116888, -0.6928933956211458, -0.03056777479974629, 0.0, 0.08211204128663471, -0.041441642056837605, -0.9957611174269538, 0.0, 0.4835614648173713, 0.13458302358943636, 0.3763656054401401, 1.0]",
  "1783615384.2818937": "[0.6886895230997427, -0.7198481316279371, 0.0867491104531744, 0.0, -0.7203918055116888, -0.6928933956211458, -0.03056777479974629, 0.0, 0.08211204128663471, -0.041441642056837605, -0.9957611174269538, 0.0, 0.4835614648173713, 0.13458302358943636, 0.3763656054401401, 1.0]",
  "1783615384.3155773": "[0.6886860997323753, -0.7198514262134851, 0.0867489493528316, 0.0, -0.7203945771900301, -0.6928902270085258, -0.030574277935401448, 0.0, 0.08211643678708082, -0.04143739246724722, -0.9957609318078855, 0.0, 0.4835619512828226, 0.13458454111465515, 0.37636773669011825, 1.0]",
  "1783615384.3485646": "[0.6886860997323753, -0.7198514262134851, 0.0867489493528316, 0.0, -0.7203945771900301, -0.6928902270085258, -0.030574277935401448, 0.0, 0.08211643678708082, -0.04143739246724722, -0.9957609318078855, 0.0, 0.4835619512828226, 0.13458454111465515, 0.37636773669011825, 1.0]",
  "1783615384.3821826": "[0.6886827296352988, -0.7198547953504024, 0.08674774644395211, 0.0, -0.7203978857256097, -0.6928867706402226, -0.03057465149162747, 0.0, 0.08211567538628223, -0.04143665868278243, -0.995761025132567, 0.0, 0.48356308472720017, 0.13458246498477844, 0.3763678270738426, 1.0]",
  "1783615384.4152586": "[0.6886827296352988, -0.7198547953504024, 0.08674774644395211, 0.0, -0.7203978857256097, -0.6928867706402226, -0.03057465149162747, 0.0, 0.08211567538628223, -0.04143665868278243, -0.995761025132567, 0.0, 0.48356308472720017, 0.13458246498477844, 0.3763678270738426, 1.0]",
  "1783615384.4485435": "[0.6886889364507898, -0.7198489080584999, 0.08674732489976526, 0.0, -0.7203923745117126, -0.6928927305254933, -0.030569441118586956, 0.0, 0.08211196962475388, -0.04143927547522621, -0.9957612218260119, 0.0, 0.48356095545075695, 0.13458609591207035, 0.37636451122243403, 1.0]",
  "1783615384.4819367": "[0.6886889364507898, -0.7198489080584999, 0.08674732489976526, 0.0, -0.7203923745117126, -0.6928927305254933, -0.030569441118586956, 0.0, 0.08211196962475388, -0.04143927547522621, -0.9957612218260119, 0.0, 0.48356095545075695, 0.13458609591207035, 0.37636451122243403, 1.0]",
  "1783615384.5152724": "[0.6886895219543439, -0.7198482048510444, 0.08674851193551505, 0.0, -0.7203916454473749, -0.6928934503957065, -0.03057030533631795, 0.0, 0.08211345516978896, -0.04143945428526982, -0.9957610918832978, 0.0, 0.4835626983982722, 0.13458467584928105, 0.37636588091911954, 1.0]",
  "1783615384.5486157": "[0.6886895219543439, -0.7198482048510444, 0.08674851193551505, 0.0, -0.7203916454473749, -0.6928934503957065, -0.03057030533631795, 0.0, 0.08211345516978896, -0.04143945428526982, -0.9957610918832978, 0.0, 0.4835626983982722, 0.13458467584928105, 0.37636588091911954, 1.0]",
  "1783615384.5818934": "[0.6886906528159917, -0.7198471116284034, 0.08674860577627588, 0.0, -0.7203907441657983, -0.692894491602607, -0.03056794443549856, 0.0, 0.08211187760689884, -0.04144103506199038, -0.9957611561859903, 0.0, 0.483562189779214, 0.13458367263019788, 0.3763647619245519, 1.0]",
  "1783615384.6153026": "[0.6886906528159917, -0.7198471116284034, 0.08674860577627588, 0.0, -0.7203907441657983, -0.692894491602607, -0.03056794443549856, 0.0, 0.08211187760689884, -0.04144103506199038, -0.9957611561859903, 0.0, 0.483562189779214, 0.13458367263019788, 0.3763647619245519, 1.0]",
  "1783615384.6487474": "[0.6886948721279659, -0.7198430054331081, 0.08674918232280414, 0.0, -0.7203865691420924, -0.6928987959500175, -0.030568767896362287, 0.0, 0.08211311773602405, -0.04144039213191203, -0.995761080679308, 0.0, 0.4835620286223632, 0.1345864412716677, 0.3763656191592967, 1.0]",
  "1783615384.6819582": "[0.6886948721279659, -0.7198430054331081, 0.08674918232280414, 0.0, -0.7203865691420924, -0.6928987959500175, -0.030568767896362287, 0.0, 0.08211311773602405, -0.04144039213191203, -0.995761080679308, 0.0, 0.4835620286223632, 0.1345864412716677, 0.3763656191592967, 1.0]",
  "1783615384.7151244": "[0.6886921673735469, -0.719845544513494, 0.08674958583415657, 0.0, -0.7203890523275361, -0.6928961670103555, -0.03056983855030465, 0.0, 0.08211401759115658, -0.041440243561405604, -0.9957610126574601, 0.0, 0.4835631713547926, 0.13458389461044928, 0.37636639589081133, 1.0]",
  "1783615384.749046": "[0.6886921673735469, -0.719845544513494, 0.08674958583415657, 0.0, -0.7203890523275361, -0.6928961670103555, -0.03056983855030465, 0.0, 0.08211401759115658, -0.041440243561405604, -0.9957610126574601, 0.0, 0.4835631713547926, 0.13458389461044928, 0.37636639589081133, 1.0]",
  "1783615384.7819366": "[0.6886921673735469, -0.719845544513494, 0.08674958583415657, 0.0, -0.7203890523275361, -0.6928961670103555, -0.03056983855030465, 0.0, 0.08211401759115658, -0.041440243561405604, -0.9957610126574601, 0.0, 0.4835631713547926, 0.13458389461044928, 0.37636639589081133, 1.0]",
  "1783615384.8153164": "[0.6886873994634146, -0.7198501305485885, 0.08674938253094076, 0.0, -0.7203936885366198, -0.6928913632330631, -0.030569466361583093, 0.0, 0.08211333227267624, -0.04144090136819562, -0.9957610417951033, 0.0, 0.48356220685498463, 0.13458373282006902, 0.3763660753695112, 1.0]",
  "1783615384.848559": "[0.6886881411372325, -0.7198497241335817, 0.08674686692757058, 0.0, -0.7203932207566301, -0.6928918744289938, -0.030568903123357673, 0.0, 0.08211121570670205, -0.04143941378787002, -0.9957612782389591, 0.0, 0.4835625677658245, 0.13458464119335603, 0.3763652647238349, 1.0]",
  "1783615384.8819098": "[0.6886881411372325, -0.7198497241335817, 0.08674686692757058, 0.0, -0.7203932207566301, -0.6928918744289938, -0.030568903123357673, 0.0, 0.08211121570670205, -0.04143941378787002, -0.9957612782389591, 0.0, 0.4835625677658245, 0.13458464119335603, 0.3763652647238349, 1.0]",
  "1783615384.915125": "[0.6886880478591875, -0.7198493629861791, 0.0867506042877734, 0.0, -0.7203925741305324, -0.6928923114323455, -0.0305742358126428, 0.0, 0.08211767089662819, -0.04143838035365283, -0.9957607889248197, 0.0, 0.4835635774877009, 0.13458319996087076, 0.37636784212396734, 1.0]",
  "1783615384.948558": "[0.6886880478591875, -0.7198493629861791, 0.0867506042877734, 0.0, -0.7203925741305324, -0.6928923114323455, -0.0305742358126428, 0.0, 0.08211767089662819, -0.04143838035365283, -0.9957607889248197, 0.0, 0.4835635774877009, 0.13458319996087076, 0.37636784212396734, 1.0]",
  "1783615384.9818656": "[0.6886877008479274, -0.7198502688114465, 0.08674584251065681, 0.0, -0.7203937843046202, -0.6928913197778714, -0.030568194446971793, 0.0, 0.08210996429218559, -0.041439226206187264, -0.9957613892370845, 0.0, 0.4835619847927919, 0.13458247658850647, 0.37636444136816943, 1.0]",
  "1783615385.0152202": "[0.6886877008479274, -0.7198502688114465, 0.08674584251065681, 0.0, -0.7203937843046202, -0.6928913197778714, -0.030568194446971793, 0.0, 0.08210996429218559, -0.041439226206187264, -0.9957613892370845, 0.0, 0.4835619847927919, 0.13458247658850647, 0.37636444136816943, 1.0]",
  "1783615385.0490544": "[0.6886871935978327, -0.7198501124566222, 0.0867511669692685, 0.0, -0.720393444443793, -0.6928914561804678, -0.03057311162637992, 0.0, 0.08211720024908976, -0.04143966153698507, -0.99576077442072, 0.0, 0.4835642778551946, 0.1345814801405517, 0.37636690609785917, 1.0]",
  "1783615385.08189": "[0.6886871935978327, -0.7198501124566222, 0.0867511669692685, 0.0, -0.720393444443793, -0.6928914561804678, -0.03057311162637992, 0.0, 0.08211720024908976, -0.04143966153698507, -0.99576077442072, 0.0, 0.4835642778551946, 0.1345814801405517, 0.37636690609785917, 1.0]",
  "1783615385.115135": "[0.6886858812634787, -0.7198514396385586, 0.08675057232456987, 0.0, -0.7203948503433787, -0.6928900455797093, -0.03057195340977894, 0.0, 0.08211587268662937, -0.04144019289100132, -0.9957608617866391, 0.0, 0.4835634956510927, 0.13458212962401223, 0.37636656800981383, 1.0]",
  "1783615385.1485627": "[0.6886858812634787, -0.7198514396385586, 0.08675057232456987, 0.0, -0.7203948503433787, -0.6928900455797093, -0.03057195340977894, 0.0, 0.08211587268662937, -0.04144019289100132, -0.9957608617866391, 0.0, 0.4835634956510927, 0.13458212962401223, 0.37636656800981383, 1.0]",
  "1783615385.1823435": "[0.6886861920946922, -0.719851281243434, 0.08674941907758894, 0.0, -0.7203947340888163, -0.6928902153484986, -0.030570845121034924, 0.0, 0.08211428569509936, -0.041440105773236834, -0.995760996282886, 0.0, 0.48356212824113165, 0.13458351421393736, 0.37636634800539576, 1.0]",
  "1783615385.215241": "[0.6886861920946922, -0.719851281243434, 0.08674941907758894, 0.0, -0.7203947340888163, -0.6928902153484986, -0.030570845121034924, 0.0, 0.08211428569509936, -0.041440105773236834, -0.995760996282886, 0.0, 0.48356212824113165, 0.13458351421393736, 0.37636634800539576, 1.0]",
  "1783615385.248555": "[0.6886839921345966, -0.7198538193977989, 0.0867458222392071, 0.0, -0.7203975774552532, -0.6928874946780588, -0.030565505318342755, 0.0, 0.0821077911903452, -0.04144150597124129, -0.9957614735511102, 0.0, 0.4835614448185846, 0.1345812584794957, 0.3763635436863115, 1.0]",
  "1783615385.281912": "[0.6886839921345966, -0.7198538193977989, 0.0867458222392071, 0.0, -0.7203975774552532, -0.6928874946780588, -0.030565505318342755, 0.0, 0.0821077911903452, -0.04144150597124129, -0.9957614735511102, 0.0, 0.4835614448185846, 0.1345812584794957, 0.3763635436863115, 1.0]",
  "1783615385.3151622": "[0.6886859514786157, -0.719851407200317, 0.08675028407859615, 0.0, -0.7203946990052077, -0.6928901458713896, -0.030573246466809298, 0.0, 0.08211661148141779, -0.04143907945463175, -0.9957608471981423, 0.0, 0.48356343687072717, 0.1345822608442592, 0.3763670767069937, 1.0]",
  "1783615385.3485632": "[0.6886859514786157, -0.719851407200317, 0.08675028407859615, 0.0, -0.7203946990052077, -0.6928901458713896, -0.030573246466809298, 0.0, 0.08211661148141779, -0.04143907945463175, -0.9957608471981423, 0.0, 0.48356343687072717, 0.1345822608442592, 0.3763670767069937, 1.0]",
  "1783615385.3819008": "[0.6886866242030445, -0.7198509177651388, 0.08674900481562925, 0.0, -0.7203938537268016, -0.6928908645542269, -0.03057687573875327, 0.0, 0.0821183850088523, -0.041435564554898066, -0.9957608472085828, 0.0, 0.4835638390884542, 0.13458297145523548, 0.3763686043820464, 1.0]",
  "1783615385.4152312": "[0.6886866242030445, -0.7198509177651388, 0.08674900481562925, 0.0, -0.7203938537268016, -0.6928908645542269, -0.03057687573875327, 0.0, 0.0821183850088523, -0.041435564554898066, -0.9957608472085828, 0.0, 0.4835638390884542, 0.13458297145523548, 0.3763686043820464, 1.0]",
  "1783615385.4488432": "[0.6886884290344659, -0.7198490535941383, 0.08675014555413055, 0.0, -0.7203921172674598, -0.6928927188066469, -0.030575768242828455, 0.0, 0.08211848204238767, -0.04143694323132498, -0.9957607818360281, 0.0, 0.48356331669687863, 0.13458392929732071, 0.37636863982880486, 1.0]",
  "1783615385.4819732": "[0.6886884290344659, -0.7198490535941383, 0.08675014555413055, 0.0, -0.7203921172674598, -0.6928927188066469, -0.030575768242828455, 0.0, 0.08211848204238767, -0.04143694323132498, -0.9957607818360281, 0.0, 0.48356331669687863, 0.13458392929732071, 0.37636863982880486, 1.0]",
  "1783615385.5170465": "[0.6886836939348588, -0.7198538465984557, 0.08674796392794851, 0.0, -0.7203973343934512, -0.6928875547327258, -0.0305698723470375, 0.0, 0.08211242480311765, -0.04144002936667849, -0.9957611529172252, 0.0, 0.483562707460937, 0.134581828241017, 0.3763660213262679, 1.0]",
  "1783615385.550676": "[0.6886836939348588, -0.7198538465984557, 0.08674796392794851, 0.0, -0.7203973343934512, -0.6928875547327258, -0.0305698723470375, 0.0, 0.08211242480311765, -0.04144002936667849, -0.9957611529172252, 0.0, 0.483562707460937, 0.134581828241017, 0.3763660213262679, 1.0]",
  "1783615385.583144": "[0.6886836939348588, -0.7198538465984557, 0.08674796392794851, 0.0, -0.7203973343934512, -0.6928875547327258, -0.0305698723470375, 0.0, 0.08211242480311765, -0.04144002936667849, -0.9957611529172252, 0.0, 0.483562707460937, 0.134581828241017, 0.3763660213262679, 1.0]",
  "1783615385.6152756": "[0.6886915847179448, -0.7198456383925638, 0.08675343235796527, 0.0, -0.7203887408276901, -0.6928961874959898, -0.03057671405198579, 0.0, 0.08212163677972399, -0.04143827024290526, -0.9957604664435591, 0.0, 0.4835626103155475, 0.13458379805053705, 0.37636959960573335, 1.0]",
  "1783615385.648947": "[0.6886915847179448, -0.7198456383925638, 0.08675343235796527, 0.0, -0.7203887408276901, -0.6928961874959898, -0.03057671405198579, 0.0, 0.08212163677972399, -0.04143827024290526, -0.9957604664435591, 0.0, 0.4835626103155475, 0.13458379805053705, 0.37636959960573335, 1.0]",
  "1783615385.6819544": "[0.6886843041746475, -0.7198532315614704, 0.08674822300191239, 0.0, -0.720396338532148, -0.6928883825734171, -0.030574576436455808, 0.0, 0.08211604357831907, -0.0414368713261728, -0.9957609859206886, 0.0, 0.4835631750871144, 0.13458297728675955, 0.37636820370438506, 1.0]",
  "1783615385.715435": "[0.688690000478569, -0.7198480151446375, 0.08674628714333817, 0.0, -0.7203917945436505, -0.6928935270972278, -0.030565052935368035, 0.0, 0.08210813354965195, -0.04144146714450208, -0.9957614469369176, 0.0, 0.4835609243265614, 0.13458515654769174, 0.3763634131435212, 1.0]",
  "1783615385.7485914": "[0.688690000478569, -0.7198480151446375, 0.08674628714333817, 0.0, -0.7203917945436505, -0.6928935270972278, -0.030565052935368035, 0.0, 0.08210813354965195, -0.04144146714450208, -0.9957614469369176, 0.0, 0.4835609243265614, 0.13458515654769174, 0.3763634131435212, 1.0]",
  "1783615385.7819672": "[0.6886856311720255, -0.7198518693477619, 0.086748992004066, 0.0, -0.720394971146565, -0.6928897886965071, -0.030574928730085653, 0.0, 0.082116910340859, -0.04143702350124399, -0.9957609081096872, 0.0, 0.4835637006931104, 0.13458312602372102, 0.3763676304130162, 1.0]",
  "1783615385.8163464": "[0.6886856311720255, -0.7198518693477619, 0.086748992004066, 0.0, -0.720394971146565, -0.6928897886965071, -0.030574928730085653, 0.0, 0.082116910340859, -0.04143702350124399, -0.9957609081096872, 0.0, 0.4835637006931104, 0.13458312602372102, 0.3763676304130162, 1.0]",
  "1783615385.8488047": "[0.6886862510377888, -0.7198510245848643, 0.08675108089030825, 0.0, -0.7203943588598981, -0.6928905056416361, -0.03057310770127985, 0.0, 0.08211708320655386, -0.0414397103730078, -0.9957607820404704, 0.0, 0.48356360322845887, 0.13458310462611167, 0.3763676615868106, 1.0]",
  "1783615385.8819318": "[0.6886862510377888, -0.7198510245848643, 0.08675108089030825, 0.0, -0.7203943588598981, -0.6928905056416361, -0.03057310770127985, 0.0, 0.08211708320655386, -0.0414397103730078, -0.9957607820404704, 0.0, 0.48356360322845887, 0.13458310462611167, 0.3763676615868106, 1.0]",
  "1783615385.9152787": "[0.688688575550092, -0.7198488110072462, 0.08675099537319012, 0.0, -0.7203919314434982, -0.6928929241325696, -0.030575493424039132, 0.0, 0.08211888344279514, -0.04143772409859568, -0.9957607162384132, 0.0, 0.48356309620924354, 0.13458446636340338, 0.3763686288886289, 1.0]",
  "1783615385.9485848": "[0.688688575550092, -0.7198488110072462, 0.08675099537319012, 0.0, -0.7203919314434982, -0.6928929241325696, -0.030575493424039132, 0.0, 0.08211888344279514, -0.04143772409859568, -0.9957607162384132, 0.0, 0.48356309620924354, 0.13458446636340338, 0.3763686288886289, 1.0]",
  "1783615385.9819987": "[0.6886808384502929, -0.7198564057496802, 0.08674939684258993, 0.0, -0.7203995513572473, -0.692885026190428, -0.030574938844859005, 0.0, 0.08211692368615824, -0.041437852046669645, -0.9957608725301874, 0.0, 0.483563978941088, 0.13457972528004777, 0.37636728389630436, 1.0]",
  "1783615386.0152318": "[0.6886808384502929, -0.7198564057496802, 0.08674939684258993, 0.0, -0.7203995513572473, -0.692885026190428, -0.030574938844859005, 0.0, 0.08211692368615824, -0.041437852046669645, -0.9957608725301874, 0.0, 0.483563978941088, 0.13457972528004777, 0.37636728389630436, 1.0]",
  "1783615386.0485923": "[0.6886859066790123, -0.7198519707102953, 0.08674596363065495, 0.0, -0.7203953625881812, -0.6928896044364365, -0.0305698810164751, 0.0, 0.08211116552059086, -0.04143834369786618, -0.9957613269094292, 0.0, 0.48356192020474015, 0.1345823694796895, 0.3763660744362444, 1.0]",
  "1783615386.081993": "[0.6886859066790123, -0.7198519707102953, 0.08674596363065495, 0.0, -0.7203953625881812, -0.6928896044364365, -0.0305698810164751, 0.0, 0.08211116552059086, -0.04143834369786618, -0.9957613269094292, 0.0, 0.48356192020474015, 0.1345823694796895, 0.3763660744362444, 1.0]",
  "1783615386.115835": "[0.6886911192413496, -0.719846533235785, 0.08674970240017618, 0.0, -0.7203898966430159, -0.692895206091376, -0.030571722068843114, 0.0, 0.08211540106924026, -0.04143913565714826, -0.9957609446765958, 0.0, 0.4835621675339231, 0.13458564755920066, 0.37636681936360233, 1.0]",
  "1783615386.1486328": "[0.6886911192413496, -0.719846533235785, 0.08674970240017618, 0.0, -0.7203898966430159, -0.692895206091376, -0.030571722068843114, 0.0, 0.08211540106924026, -0.04143913565714826, -0.9957609446765958, 0.0, 0.4835621675339231, 0.13458564755920066, 0.37636681936360233, 1.0]",
  "1783615386.1822677": "[0.6886880923517968, -0.7198503005444078, 0.08674247090652108, 0.0, -0.7203939864769479, -0.6928912761860007, -0.030564417762926187, 0.0, 0.08210490667855368, -0.041439403850216376, -0.995761798879554, 0.0, 0.48356235850559554, 0.13458209713845964, 0.37636230836126183, 1.0]",
  "1783615386.2155194": "[0.6886880923517968, -0.7198503005444078, 0.08674247090652108, 0.0, -0.7203939864769479, -0.6928912761860007, -0.030564417762926187, 0.0, 0.08210490667855368, -0.041439403850216376, -0.995761798879554, 0.0, 0.48356235850559554, 0.13458209713845964, 0.37636230836126183, 1.0]",
  "1783615386.2484226": "[0.6886845869317497, -0.7198530315420407, 0.08674763802190316, 0.0, -0.7203963309431657, -0.6928885071859217, -0.03057193113445819, 0.0, 0.0821137387181354, -0.04143826238392466, -0.9957611181022941, 0.0, 0.4835627287306976, 0.13458335826701368, 0.3763667487403329, 1.0]",
  "1783615386.281957": "[0.6886845869317497, -0.7198530315420407, 0.08674763802190316, 0.0, -0.7203963309431657, -0.6928885071859217, -0.03057193113445819, 0.0, 0.0821137387181354, -0.04143826238392466, -0.9957611181022941, 0.0, 0.4835627287306976, 0.13458335826701368, 0.3763667487403329, 1.0]",
  "1783615386.3163636": "[0.6886866522699747, -0.7198513736125086, 0.08674499924122121, 0.0, -0.7203947884158125, -0.6928902372204913, -0.030569069136434708, 0.0, 0.08210994950985935, -0.04143813548792875, -0.9957614358463438, 0.0, 0.48356349097910056, 0.13458301920547433, 0.376363106202482, 1.0]",
  "1783615386.3505726": "[0.6886866522699747, -0.7198513736125086, 0.08674499924122121, 0.0, -0.7203947884158125, -0.6928902372204913, -0.030569069136434708, 0.0, 0.08210994950985935, -0.04143813548792875, -0.9957614358463438, 0.0, 0.48356349097910056, 0.13458301920547433, 0.376363106202482, 1.0]",
  "1783615386.3819299": "[0.6886866522699747, -0.7198513736125086, 0.08674499924122121, 0.0, -0.7203947884158125, -0.6928902372204913, -0.030569069136434708, 0.0, 0.08210994950985935, -0.04143813548792875, -0.9957614358463438, 0.0, 0.48356349097910056, 0.13458301920547433, 0.376363106202482, 1.0]",
  "1783615386.4172766": "[0.6886881548960486, -0.7198496820815132, 0.08674710665503796, 0.0, -0.7203934009523318, -0.692891800750832, -0.03056632651469105, 0.0, 0.0821095193641338, -0.041441376176644694, -0.9957613364508471, 0.0, 0.48356217452728106, 0.13458361867684587, 0.3763641839850672, 1.0]",
  "1783615386.448636": "[0.6886881548960486, -0.7198496820815132, 0.08674710665503796, 0.0, -0.7203934009523318, -0.692891800750832, -0.03056632651469105, 0.0, 0.0821095193641338, -0.041441376176644694, -0.9957613364508471, 0.0, 0.48356217452728106, 0.13458361867684587, 0.3763641839850672, 1.0]",
  "1783615386.4820054": "[0.6886886649817086, -0.7198488680668452, 0.08674981192252694, 0.0, -0.720392330072937, -0.6928927187662166, -0.030570754862210905, 0.0, 0.08211463631896916, -0.04144016679071914, -0.995760964829693, 0.0, 0.4835636171697369, 0.13458302141228265, 0.3763667674350032, 1.0]",
  "1783615386.5154488": "[0.6886917675659993, -0.7198465091698084, 0.08674475501643086, 0.0, -0.7203897045044375, -0.6928954268336867, -0.030571246572109932, 0.0, 0.08211164917859623, -0.041435862595154076, -0.9957613902738784, 0.0, 0.48356295830447904, 0.13458396930651143, 0.37636557972583573, 1.0]",
  "1783615386.5487874": "[0.6886917675659993, -0.7198465091698084, 0.08674475501643086, 0.0, -0.7203897045044375, -0.6928954268336867, -0.030571246572109932, 0.0, 0.08211164917859623, -0.041435862595154076, -0.9957613902738784, 0.0, 0.48356295830447904, 0.13458396930651143, 0.37636557972583573, 1.0]",
  "1783615386.5826643": "[0.6886874956669651, -0.7198507047338374, 0.08674385399647339, 0.0, -0.7203939698974076, -0.6928910360050775, -0.030570252849186616, 0.0, 0.08211005692006823, -0.04143639846810833, -0.9957614992730814, 0.0, 0.48356229886231866, 0.1345844089068799, 0.3763646175617639, 1.0]",
  "1783615386.6152704": "[0.6886874956669651, -0.7198507047338374, 0.08674385399647339, 0.0, -0.7203939698974076, -0.6928910360050775, -0.030570252849186616, 0.0, 0.08211005692006823, -0.04143639846810833, -0.9957614992730814, 0.0, 0.48356229886231866, 0.1345844089068799, 0.3763646175617639, 1.0]",
  "1783615386.6491494": "[0.6886878635981508, -0.7198498759009851, 0.08674781091157882, 0.0, -0.7203935210124014, -0.6928916200560657, -0.030567592961096762, 0.0, 0.08211090923847844, -0.04144103065099468, -0.9957612362221244, 0.0, 0.4835615544927686, 0.13458243347432225, 0.376364987382362, 1.0]",
  "1783615386.6819253": "[0.6886878635981508, -0.7198498759009851, 0.08674781091157882, 0.0, -0.7203935210124014, -0.6928916200560657, -0.030567592961096762, 0.0, 0.08211090923847844, -0.04144103065099468, -0.9957612362221244, 0.0, 0.4835615544927686, 0.13458243347432225, 0.376364987382362, 1.0]",
  "1783615386.7155619": "[0.6886878635981508, -0.7198498759009851, 0.08674781091157882, 0.0, -0.7203935210124014, -0.6928916200560657, -0.030567592961096762, 0.0, 0.08211090923847844, -0.04144103065099468, -0.9957612362221244, 0.0, 0.4835615544927686, 0.13458243347432225, 0.376364987382362, 1.0]",
  "1783615386.7486105": "[0.6886896351229952, -0.7198479318052157, 0.08674987925011308, 0.0, -0.720391380162071, -0.6928937006228149, -0.030570885257164712, 0.0, 0.0821148333880178, -0.041440013428738265, -0.9957609549609201, 0.0, 0.48356302828018005, 0.13458232254670666, 0.376367043152175, 1.0]",
