{
  "1783615292.391617": "[0.687801627305485, -0.7209930848912713, 0.08424899414767269, 0.0, -0.7219228615902746, -0.6915424185547285, -0.02442263812093231, 0.0, 0.07587030637367888, -0.044023344698519935, -0.9961453918642196, 0.0, 0.4831064485086108, 0.13387392667926346, 0.373999369837997, 1.0]",
  "1783615292.4250116": "[0.687801627305485, -0.7209930848912713, 0.08424899414767269, 0.0, -0.7219228615902746, -0.6915424185547285, -0.02442263812093231, 0.0, 0.07587030637367888, -0.044023344698519935, -0.9961453918642196, 0.0, 0.4831064485086108, 0.13387392667926346, 0.373999369837997, 1.0]",
  "1783615292.4584274": "[0.6878035642533904, -0.7209920029021966, 0.08424244032203335, 0.0, -0.7219222299942831, -0.6915434244574832, -0.024412823058769753, 0.0, 0.07585875585859342, -0.04402526366413344, -0.9961461867210506, 0.0, 0.48310624693480386, 0.13387435084583604, 0.3739941725758486, 1.0]",
  "1783615292.491685": "[0.6878035642533904, -0.7209920029021966, 0.08424244032203335, 0.0, -0.7219222299942831, -0.6915434244574832, -0.024412823058769753, 0.0, 0.07585875585859342, -0.04402526366413344, -0.9961461867210506, 0.0, 0.48310624693480386, 0.13387435084583604, 0.3739941725758486, 1.0]",
  "1783615292.5283911": "[0.68780115029903, -0.7209936287537029, 0.08424823406991387, 0.0, -0.7219235149850913, -0.6915418015306862, -0.024420795385576476, 0.0, 0.07586841344658561, -0.04402413011362218, -0.9961455013243987, 0.0, 0.4831056302005451, 0.13387506361062995, 0.373998636178742, 1.0]",
  "1783615292.5583985": "[0.68780115029903, -0.7209936287537029, 0.08424823406991387, 0.0, -0.7219235149850913, -0.6915418015306862, -0.024420795385576476, 0.0, 0.07586841344658561, -0.04402413011362218, -0.9961455013243987, 0.0, 0.4831056302005451, 0.13387506361062995, 0.373998636178742, 1.0]",
  "1783615292.5921035": "[0.6878040539377439, -0.7209907289032679, 0.08424934553063126, 0.0, -0.7219208092432629, -0.6915447005442059, -0.024418688146108675, 0.0, 0.07586783619135021, -0.04402608300495352, -0.996145458980205, 0.0, 0.4831052220428185, 0.1338768703426221, 0.37399764645811706, 1.0]",
  "1783615292.6250064": "[0.6878040539377439, -0.7209907289032679, 0.08424934553063126, 0.0, -0.7219208092432629, -0.6915447005442059, -0.024418688146108675, 0.0, 0.07586783619135021, -0.04402608300495352, -0.996145458980205, 0.0, 0.4831052220428185, 0.1338768703426221, 0.37399764645811706, 1.0]",
  "1783615292.6584158": "[0.6878036396732998, -0.7209911556414559, 0.08424907559706184, 0.0, -0.7219211254623035, -0.6915443236796643, -0.02442001223743715, 0.0, 0.07586858284825536, -0.04402501417641378, -0.9961454493513302, 0.0, 0.48310704932680487, 0.1338743104347389, 0.3739984244998181, 1.0]",
  "1783615292.6929984": "[0.6878036396732998, -0.7209911556414559, 0.08424907559706184, 0.0, -0.7219211254623035, -0.6915443236796643, -0.02442001223743715, 0.0, 0.07586858284825536, -0.04402501417641378, -0.9961454493513302, 0.0, 0.48310704932680487, 0.1338743104347389, 0.3739984244998181, 1.0]",
  "1783615292.7249928": "[0.6878112470824796, -0.7209839663073558, 0.08424849384147887, 0.0, -0.7219142447131168, -0.6915516797740302, -0.024415107659134155, 0.0, 0.0758650885924104, -0.04402720215310682, -0.9961456187744013, 0.0, 0.4831061599369832, 0.13387810076771375, 0.3739961524041729, 1.0]",
  "1783615292.759037": "[0.6878112470824796, -0.7209839663073558, 0.08424849384147887, 0.0, -0.7219142447131168, -0.6915516797740302, -0.024415107659134155, 0.0, 0.0758650885924104, -0.04402720215310682, -0.9961456187744013, 0.0, 0.4831061599369832, 0.13387810076771375, 0.3739961524041729, 1.0]",
  "1783615292.791662": "[0.687804642341756, -0.7209905993799949, 0.08424565020702693, 0.0, -0.721920509843882, -0.6915450107909917, -0.024418753384152093, 0.0, 0.07586535072006467, -0.044023330811767965, -0.9961457699073759, 0.0, 0.48310582666487634, 0.13387699525849112, 0.37399673540502437, 1.0]",
  "1783615292.8255649": "[0.687804642341756, -0.7209905993799949, 0.08424565020702693, 0.0, -0.721920509843882, -0.6915450107909917, -0.024418753384152093, 0.0, 0.07586535072006467, -0.044023330811767965, -0.9961457699073759, 0.0, 0.48310582666487634, 0.13387699525849112, 0.37399673540502437, 1.0]",
  "1783615292.8584523": "[0.6878073889990267, -0.720987667297745, 0.08424831893217664, 0.0, -0.7219177816354271, -0.6915479057566145, -0.024417424152115716, 0.0, 0.07586641020191563, -0.044025874757882444, -0.9961455767882914, 0.0, 0.4831065085019648, 0.13387722889122852, 0.37399643680078276, 1.0]",
  "1783615292.8925366": "[0.6878073889990267, -0.720987667297745, 0.08424831893217664, 0.0, -0.7219177816354271, -0.6915479057566145, -0.024417424152115716, 0.0, 0.07586641020191563, -0.044025874757882444, -0.9961455767882914, 0.0, 0.4831065085019648, 0.13387722889122852, 0.37399643680078276, 1.0]",
  "1783615292.9249864": "[0.6878055726879198, -0.7209894353955777, 0.08424801616304606, 0.0, -0.7219195705681496, -0.6915460496954822, -0.024417100181484866, 0.0, 0.07586585404608165, -0.044026074075940225, -0.9961456103358177, 0.0, 0.4831061215871182, 0.13387527937509858, 0.37399641108815873, 1.0]",
  "1783615292.9583619": "[0.6878055726879198, -0.7209894353955777, 0.08424801616304606, 0.0, -0.7219195705681496, -0.6915460496954822, -0.024417100181484866, 0.0, 0.07586585404608165, -0.044026074075940225, -0.9961456103358177, 0.0, 0.4831061215871182, 0.13387527937509858, 0.37399641108815873, 1.0]",
  "1783615292.9920712": "[0.6878106152390269, -0.7209841708981287, 0.08425190133670073, 0.0, -0.7219141244701791, -0.691551583985897, -0.02442137541276085, 0.0, 0.07587196092738026, -0.04402535634079795, -0.9961451769416441, 0.0, 0.48310687023932536, 0.13387733068985605, 0.37399925104061577, 1.0]",
  "1783615293.0250263": "[0.6878106152390269, -0.7209841708981287, 0.08425190133670073, 0.0, -0.7219141244701791, -0.691551583985897, -0.02442137541276085, 0.0, 0.07587196092738026, -0.04402535634079795, -0.9961451769416441, 0.0, 0.48310687023932536, 0.13387733068985605, 0.37399925104061577, 1.0]",
  "1783615293.0584207": "[0.6878076875581185, -0.7209869989805352, 0.08425160079782175, 0.0, -0.7219170221081349, -0.6915485904238272, -0.024420488802251776, 0.0, 0.07587093070785787, -0.0440260648236911, -0.9961452240961979, 0.0, 0.48310587141232014, 0.1338759468036183, 0.3739980991072321, 1.0]",
  "1783615293.0916646": "[0.6878076875581185, -0.7209869989805352, 0.08425160079782175, 0.0, -0.7219170221081349, -0.6915485904238272, -0.024420488802251776, 0.0, 0.07587093070785787, -0.0440260648236911, -0.9961452240961979, 0.0, 0.48310587141232014, 0.1338759468036183, 0.3739980991072321, 1.0]",
  "1783615293.1250255": "[0.6878024053065934, -0.7209924613894828, 0.08424797845645668, 0.0, -0.7219226243284015, -0.6915428678166577, -0.024416929674034103, 0.0, 0.07586551085478979, -0.044026498741645236, -0.9961456177042061, 0.0, 0.4831061510200744, 0.13387427355408354, 0.37399689151536253, 1.0]",
  "1783615293.159268": "[0.6878024053065934, -0.7209924613894828, 0.08424797845645668, 0.0, -0.7219226243284015, -0.6915428678166577, -0.024416929674034103, 0.0, 0.07586551085478979, -0.044026498741645236, -0.9961456177042061, 0.0, 0.4831061510200744, 0.13387427355408354, 0.37399689151536253, 1.0]",
  "1783615293.1978335": "[0.687809460816349, -0.7209858834456597, 0.08424667046005317, 0.0, -0.7219162782546429, -0.6915496436314643, -0.02441265213284117, 0.0, 0.07586193249903526, -0.04402778969328038, -0.9961458331651221, 0.0, 0.48310553682853885, 0.1338768088037633, 0.3739951218072833, 1.0]",
  "1783615293.2249718": "[0.687809460816349, -0.7209858834456597, 0.08424667046005317, 0.0, -0.7219162782546429, -0.6915496436314643, -0.02441265213284117, 0.0, 0.07586193249903526, -0.04402778969328038, -0.9961458331651221, 0.0, 0.48310553682853885, 0.1338768088037633, 0.3739951218072833, 1.0]",
  "1783615293.2593777": "[0.687798330981933, -0.7209964238912131, 0.0842473301330639, 0.0, -0.7219261229682804, -0.6915390037548517, -0.02442292492177038, 0.0, 0.07586915627878515, -0.04402230141450088, -0.996145525565274, 0.0, 0.4831070479704433, 0.13387462751626092, 0.37399850001121, 1.0]",
  "1783615293.2924633": "[0.687798330981933, -0.7209964238912131, 0.0842473301330639, 0.0, -0.7219261229682804, -0.6915390037548517, -0.02442292492177038, 0.0, 0.07586915627878515, -0.04402230141450088, -0.996145525565274, 0.0, 0.4831070479704433, 0.13387462751626092, 0.37399850001121, 1.0]",
  "1783615293.3250153": "[0.687808101563645, -0.7209871315372368, 0.08424708648446942, 0.0, -0.7219170322777203, -0.6915486157340605, -0.02441947140364424, 0.0, 0.07586708067893157, -0.04402349638558434, -0.9961456308367991, 0.0, 0.4831053494238992, 0.1338768674071563, 0.3739973450716464, 1.0]",
  "1783615293.3583956": "[0.687808101563645, -0.7209871315372368, 0.08424708648446942, 0.0, -0.7219170322777203, -0.6915486157340605, -0.02441947140364424, 0.0, 0.07586708067893157, -0.04402349638558434, -0.9961456308367991, 0.0, 0.4831053494238992, 0.1338768674071563, 0.3739973450716464, 1.0]",
  "1783615293.3916833": "[0.6878053559394548, -0.7209892648547666, 0.08425124512541861, 0.0, -0.7219189604986719, -0.6915464166746843, -0.024424742719648916, 0.0, 0.07587362396457019, -0.044023102441643265, -0.9961451498842404, 0.0, 0.4831071948071993, 0.1338746200096638, 0.3740003478483813, 1.0]",
  "1783615293.4249966": "[0.6878053559394548, -0.7209892648547666, 0.08425124512541861, 0.0, -0.7219189604986719, -0.6915464166746843, -0.024424742719648916, 0.0, 0.07587362396457019, -0.044023102441643265, -0.9961451498842404, 0.0, 0.4831071948071993, 0.1338746200096638, 0.3740003478483813, 1.0]",
  "1783615293.4583285": "[0.6878070769347446, -0.720987854005333, 0.08424926881146631, 0.0, -0.7219178259516291, -0.6915477734383786, -0.024419861295547268, 0.0, 0.0758688176509655, -0.04402489556154589, -0.9961454367104428, 0.0, 0.48310602624816273, 0.1338777531899008, 0.3739983433945323, 1.0]",
  "1783615293.4916484": "[0.6878070769347446, -0.720987854005333, 0.08424926881146631, 0.0, -0.7219178259516291, -0.6915477734383786, -0.024419861295547268, 0.0, 0.0758688176509655, -0.04402489556154589, -0.9961454367104428, 0.0, 0.48310602624816273, 0.1338777531899008, 0.3739983433945323, 1.0]",
  "1783615293.5249465": "[0.6877989739997019, -0.7209962796071941, 0.08424331520982503, 0.0, -0.7219263664210299, -0.691539012460602, -0.024415480973023623, 0.0, 0.0758610099529799, -0.04402452768173559, -0.9961460475910717, 0.0, 0.4831057569958749, 0.13387249850688454, 0.3739944667622519, 1.0]",
  "1783615293.558389": "[0.6877989739997019, -0.7209962796071941, 0.08424331520982503, 0.0, -0.7219263664210299, -0.691539012460602, -0.024415480973023623, 0.0, 0.0758610099529799, -0.04402452768173559, -0.9961460475910717, 0.0, 0.4831057569958749, 0.13387249850688454, 0.3739944667622519, 1.0]",
  "1783615293.5916626": "[0.6878014288145966, -0.720992953216903, 0.08425174141920261, 0.0, -0.7219225626757833, -0.6915425967767068, -0.024426427142734082, 0.0, 0.07587494988617233, -0.04402270158564003, -0.9961450666067031, 0.0, 0.48310717507178513, 0.1338756418996902, 0.3740011947876864, 1.0]",
  "1783615293.625009": "[0.6878014288145966, -0.720992953216903, 0.08425174141920261, 0.0, -0.7219225626757833, -0.6915425967767068, -0.024426427142734082, 0.0, 0.07587494988617233, -0.04402270158564003, -0.9961450666067031, 0.0, 0.48310717507178513, 0.1338756418996902, 0.3740011947876864, 1.0]",
  "1783615293.658388": "[0.6878081033091688, -0.7209868992944867, 0.08424905974529077, 0.0, -0.7219170518116355, -0.691548672005309, -0.024417300245716055, 0.0, 0.07586687897785312, -0.044026415859286204, -0.9961455171714344, 0.0, 0.48310549416747306, 0.13387619472345222, 0.3739973960475395, 1.0]",
  "1783615293.6916378": "[0.6878081033091688, -0.7209868992944867, 0.08424905974529077, 0.0, -0.7219170518116355, -0.691548672005309, -0.024417300245716055, 0.0, 0.07586687897785312, -0.044026415859286204, -0.9961455171714344, 0.0, 0.48310549416747306, 0.13387619472345222, 0.3739973960475395, 1.0]",
  "1783615293.7250695": "[0.6878071947564428, -0.7209873940382202, 0.08425224317042822, 0.0, -0.7219171830810304, -0.6915482996145279, -0.02442396512863798, 0.0, 0.07587386647339643, -0.044024163117895865, -0.9961450845374613, 0.0, 0.48310742310254945, 0.13387593647845236, 0.3740008156956132, 1.0]",
  "1783615293.758366": "[0.6878071947564428, -0.7209873940382202, 0.08425224317042822, 0.0, -0.7219171830810304, -0.6915482996145279, -0.02442396512863798, 0.0, 0.07587386647339643, -0.044024163117895865, -0.9961450845374613, 0.0, 0.48310742310254945, 0.13387593647845236, 0.3740008156956132, 1.0]",
  "1783615293.7916386": "[0.6878062775466411, -0.7209889170391184, 0.08424669770496737, 0.0, -0.7219188759799742, -0.6915467215544224, -0.024418607887028668, 0.0, 0.07586607325572836, -0.04402400951854647, -0.99614568488483, 0.0, 0.48310544783091125, 0.13387741115945276, 0.3739970368809279, 1.0]",
  "1783615293.824981": "[0.6878062775466411, -0.7209889170391184, 0.08424669770496737, 0.0, -0.7219188759799742, -0.6915467215544224, -0.024418607887028668, 0.0, 0.07586607325572836, -0.04402400951854647, -0.99614568488483, 0.0, 0.48310544783091125, 0.13387741115945276, 0.3739970368809279, 1.0]",
  "1783615293.8584626": "[0.6878024777995786, -0.7209927447027021, 0.08424496197888845, 0.0, -0.72192259522611, -0.6915428147817508, -0.024419292080889755, 0.0, 0.07586513055915972, -0.0440226919871765, -0.9961458149063542, 0.0, 0.48310642434809253, 0.13387493748199464, 0.373997354490089, 1.0]",
  "1783615293.8916976": "[0.6878024777995786, -0.7209927447027021, 0.08424496197888845, 0.0, -0.72192259522611, -0.6915428147817508, -0.024419292080889755, 0.0, 0.07586513055915972, -0.0440226919871765, -0.9961458149063542, 0.0, 0.48310642434809253, 0.13387493748199464, 0.373997354490089, 1.0]",
  "1783615293.9249835": "[0.6878065105435494, -0.7209886410367187, 0.08424715751841079, 0.0, -0.7219185842362364, -0.6915470100359935, -0.0244190631398091, 0.0, 0.07586673703444911, -0.044023998072683604, -0.9961456348373177, 0.0, 0.48310627695143454, 0.13387711068158953, 0.3739975186591039, 1.0]",
  "1783615293.9583242": "[0.6878065105435494, -0.7209886410367187, 0.08424715751841079, 0.0, -0.7219185842362364, -0.6915470100359935, -0.0244190631398091, 0.0, 0.07586673703444911, -0.044023998072683604, -0.9961456348373177, 0.0, 0.48310627695143454, 0.13387711068158953, 0.3739975186591039, 1.0]",
  "1783615293.9916484": "[0.6878054849565176, -0.7209893978755055, 0.08424905349525023, 0.0, -0.7219194603773205, -0.6915461097587114, -0.024418656926836785, 0.0, 0.07586769795010247, -0.04402574506704125, -0.996145484444438, 0.0, 0.48310663740896315, 0.13387528227828843, 0.3739981652314674, 1.0]",
  "1783615294.025001": "[0.6878054849565176, -0.7209893978755055, 0.08424905349525023, 0.0, -0.7219194603773205, -0.6915461097587114, -0.024418656926836785, 0.0, 0.07586769795010247, -0.04402574506704125, -0.996145484444438, 0.0, 0.48310663740896315, 0.13387528227828843, 0.3739981652314674, 1.0]",
  "1783615294.0583541": "[0.6878052239225378, -0.7209899633226041, 0.08424634551680833, 0.0, -0.7219202810615629, -0.6915454257161753, -0.024413765851004736, 0.0, 0.07586225502093578, -0.04402722974596109, -0.9961458333517412, 0.0, 0.48310530961711834, 0.13387576944947932, 0.37399488598331526, 1.0]",
  "1783615294.0939467": "[0.6878052239225378, -0.7209899633226041, 0.08424634551680833, 0.0, -0.7219202810615629, -0.6915454257161753, -0.024413765851004736, 0.0, 0.07586225502093578, -0.04402722974596109, -0.9961458333517412, 0.0, 0.48310530961711834, 0.13387576944947932, 0.37399488598331526, 1.0]",
  "1783615294.125423": "[0.6878052517663281, -0.7209896889880021, 0.08424846595423503, 0.0, -0.7219200141801294, -0.6915456647849261, -0.024414885691654377, 0.0, 0.07586454223693519, -0.044027967136341044, -0.9961456265732545, 0.0, 0.4831050928814936, 0.133874807172376, 0.3739968796759758, 1.0]",
  "1783615294.1588008": "[0.6878052517663281, -0.7209896889880021, 0.08424846595423503, 0.0, -0.7219200141801294, -0.6915456647849261, -0.024414885691654377, 0.0, 0.07586454223693519, -0.044027967136341044, -0.9961456265732545, 0.0, 0.4831050928814936, 0.133874807172376, 0.3739968796759758, 1.0]",
  "1783615294.1916943": "[0.6878084616096376, -0.7209866581745752, 0.08424819803676412, 0.0, -0.721916902599643, -0.6915488887371828, -0.024415573458438387, 0.0, 0.0758650504456497, -0.044026960156536475, -0.9961456323752331, 0.0, 0.4831060464566552, 0.1338759609407448, 0.37399642798489846, 1.0]",
  "1783615294.2249994": "[0.6878084616096376, -0.7209866581745752, 0.08424819803676412, 0.0, -0.721916902599643, -0.6915488887371828, -0.024415573458438387, 0.0, 0.0758650504456497, -0.044026960156536475, -0.9961456323752331, 0.0, 0.4831060464566552, 0.1338759609407448, 0.37399642798489846, 1.0]",
  "1783615294.2583828": "[0.6878048578359925, -0.720990417978405, 0.08424544332208718, 0.0, -0.7219206798939641, -0.6915450009265285, -0.024414004894006414, 0.0, 0.07586177877328508, -0.04402645655572028, -0.9961459037934657, 0.0, 0.4831058146530771, 0.13387592448376423, 0.37399457593511937, 1.0]",
  "1783615294.2916842": "[0.6878048578359925, -0.720990417978405, 0.08424544332208718, 0.0, -0.7219206798939641, -0.6915450009265285, -0.024414004894006414, 0.0, 0.07586177877328508, -0.04402645655572028, -0.9961459037934657, 0.0, 0.4831058146530771, 0.13387592448376423, 0.37399457593511937, 1.0]",
  "1783615294.3249743": "[0.6878061852863018, -0.7209886286073599, 0.08424991929244846, 0.0, -0.7219186398891759, -0.6915469266378196, -0.0244197796539731, 0.0, 0.07586915619978904, -0.04402551165704595, -0.996145383697012, 0.0, 0.48310643053621194, 0.1338771067232108, 0.37399840196664536, 1.0]",
  "1783615294.358392": "[0.6878061852863018, -0.7209886286073599, 0.08424991929244846, 0.0, -0.7219186398891759, -0.6915469266378196, -0.0244197796539731, 0.0, 0.07586915619978904, -0.04402551165704595, -0.996145383697012, 0.0, 0.48310643053621194, 0.1338771067232108, 0.37399840196664536, 1.0]",
  "1783615294.3916636": "[0.6878039729428645, -0.7209908475716071, 0.08424899122236924, 0.0, -0.7219207358898212, -0.6915446950905078, -0.024421011127216924, 0.0, 0.07586926845772397, -0.04402422526464618, -0.9961454319995338, 0.0, 0.48310650562277696, 0.13387618104538676, 0.37399720134194375, 1.0]",
  "1783615294.4249718": "[0.6878039729428645, -0.7209908475716071, 0.08424899122236924, 0.0, -0.7219207358898212, -0.6915446950905078, -0.024421011127216924, 0.0, 0.07586926845772397, -0.04402422526464618, -0.9961454319995338, 0.0, 0.48310650562277696, 0.13387618104538676, 0.37399720134194375, 1.0]",
  "1783615294.458372": "[0.6878061608312045, -0.720989021302679, 0.08424675829754132, 0.0, -0.7219192326557137, -0.6915464647231768, -0.024415336382327013, 0.0, 0.07586373734812228, -0.04402633632136163, -0.9961457599496641, 0.0, 0.4831057234912695, 0.13387502051351902, 0.3739962287231227, 1.0]",
  "1783615294.491638": "[0.6878061608312045, -0.720989021302679, 0.08424675829754132, 0.0, -0.7219192326557137, -0.6915464647231768, -0.024415336382327013, 0.0, 0.07586373734812228, -0.04402633632136163, -0.9961457599496641, 0.0, 0.4831057234912695, 0.13387502051351902, 0.3739962287231227, 1.0]",
  "1783615294.5250354": "[0.6878061372567301, -0.7209889337421799, 0.08424770010683125, 0.0, -0.7219190928047353, -0.691546567293793, -0.02441656626471749, 0.0, 0.07586528188812, -0.044026159104400685, -0.9961456501529034, 0.0, 0.48310641406594956, 0.1338760915067522, 0.37399583976668455, 1.0]",
  "1783615294.5583434": "[0.6878061372567301, -0.7209889337421799, 0.08424770010683125, 0.0, -0.7219190928047353, -0.691546567293793, -0.02441656626471749, 0.0, 0.07586528188812, -0.044026159104400685, -0.9961456501529034, 0.0, 0.48310641406594956, 0.1338760915067522, 0.37399583976668455, 1.0]",
  "1783615294.5916467": "[0.6878040516708388, -0.7209912736302955, 0.08424470223190551, 0.0, -0.7219212336737617, -0.691544295983102, -0.0244175974286966, 0.0, 0.07586381796437695, -0.044023516922210966, -0.996145878414235, 0.0, 0.4831048806857976, 0.13387675726663828, 0.3739960563897004, 1.0]",
  "1783615294.6249702": "[0.6878040516708388, -0.7209912736302955, 0.08424470223190551, 0.0, -0.7219212336737617, -0.691544295983102, -0.0244175974286966, 0.0, 0.07586381796437695, -0.044023516922210966, -0.996145878414235, 0.0, 0.4831048806857976, 0.13387675726663828, 0.3739960563897004, 1.0]",
  "1783615294.6585624": "[0.687804825202213, -0.7209903188733128, 0.08424655790898601, 0.0, -0.7219207121821715, -0.6915450054187504, -0.024412922864075214, 0.0, 0.07586176738607996, -0.04402800894135135, -0.9961458360489799, 0.0, 0.48310538187507474, 0.13387485224483367, 0.3739949420438339, 1.0]",
  "1783615294.691657": "[0.687804825202213, -0.7209903188733128, 0.08424655790898601, 0.0, -0.7219207121821715, -0.6915450054187504, -0.024412922864075214, 0.0, 0.07586176738607996, -0.04402800894135135, -0.9961458360489799, 0.0, 0.48310538187507474, 0.13387485224483367, 0.3739949420438339, 1.0]",
  "1783615294.7262435": "[0.6878039882279385, -0.7209916091234704, 0.08424234891840691, 0.0, -0.7219218980260315, -0.6915438025370779, -0.024411929932953803, 0.0, 0.07585807094986018, -0.04402577365712088, -0.9961462163385746, 0.0, 0.48310474718698415, 0.1338758976902259, 0.3739932544404762, 1.0]",
  "1783615294.7583737": "[0.6878039882279385, -0.7209916091234704, 0.08424234891840691, 0.0, -0.7219218980260315, -0.6915438025370779, -0.024411929932953803, 0.0, 0.07585807094986018, -0.04402577365712088, -0.9961462163385746, 0.0, 0.48310474718698415, 0.1338758976902259, 0.3739932544404762, 1.0]",
  "1783615294.7916815": "[0.6878033800368526, -0.7209913993969049, 0.08424910922718276, 0.0, -0.7219215854250857, -0.6915439424441041, -0.024417210450766363, 0.0, 0.07586655987463667, -0.04402701062483072, -0.9961455151875303, 0.0, 0.4831053367639713, 0.13387477718218235, 0.37399710594707264, 1.0]",
  "1783615294.824987": "[0.6878033800368526, -0.7209913993969049, 0.08424910922718276, 0.0, -0.7219215854250857, -0.6915439424441041, -0.024417210450766363, 0.0, 0.07586655987463667, -0.04402701062483072, -0.9961455151875303, 0.0, 0.4831053367639713, 0.13387477718218235, 0.37399710594707264, 1.0]",
  "1783615294.8604407": "[0.6878080789312043, -0.7209875568828298, 0.08424363107733762, 0.0, -0.7219177170211545, -0.6915480912906127, -0.02441407961147385, 0.0, 0.07586076988754278, -0.044024768624482624, -0.9961460552246497, 0.0, 0.4831053904228618, 0.13387772258810296, 0.3739946532437065, 1.0]",
  "1783615294.891653": "[0.6878080789312043, -0.7209875568828298, 0.08424363107733762, 0.0, -0.7219177170211545, -0.6915480912906127, -0.02441407961147385, 0.0, 0.07586076988754278, -0.044024768624482624, -0.9961460552246497, 0.0, 0.4831053904228618, 0.13387772258810296, 0.3739946532437065, 1.0]",
  "1783615294.9250963": "[0.6878053173373497, -0.7209901856698104, 0.0842436799426512, 0.0, -0.7219202737363031, -0.6915453812412762, -0.024415242213817905, 0.0, 0.07586147778002272, -0.04402428706600898, -0.9961460225977721, 0.0, 0.48310432836865863, 0.13387658859229623, 0.3739950745676843, 1.0]",
  "1783615294.9585516": "[0.6878053173373497, -0.7209901856698104, 0.0842436799426512, 0.0, -0.7219202737363031, -0.6915453812412762, -0.024415242213817905, 0.0, 0.07586147778002272, -0.04402428706600898, -0.9961460225977721, 0.0, 0.48310432836865863, 0.13387658859229623, 0.3739950745676843, 1.0]",
  "1783615294.991783": "[0.6878037540962934, -0.7209914618553648, 0.08424552084656818, 0.0, -0.7219217180746802, -0.691543910273664, -0.024414199464909664, 0.0, 0.07586190627151092, -0.0440264931044302, -0.9961458924684568, 0.0, 0.4831059877553254, 0.13387584384612683, 0.373994761891659, 1.0]",
  "1783615295.0251927": "[0.6878037540962934, -0.7209914618553648, 0.08424552084656818, 0.0, -0.7219217180746802, -0.691543910273664, -0.024414199464909664, 0.0, 0.07586190627151092, -0.0440264931044302, -0.9961458924684568, 0.0, 0.4831059877553254, 0.13387584384612683, 0.373994761891659, 1.0]",
  "1783615295.0586333": "[0.6878055770999323, -0.7209897525836827, 0.08424526562097842, 0.0, -0.7219196225157368, -0.6915459283588035, -0.024419000739112087, 0.0, 0.07586531972492672, -0.044022785460266056, -0.9961457963688618, 0.0, 0.4831054985194937, 0.13387606608681146, 0.373997283688981, 1.0]",
  "1783615295.0937808": "[0.6878055770999323, -0.7209897525836827, 0.08424526562097842, 0.0, -0.7219196225157368, -0.6915459283588035, -0.024419000739112087, 0.0, 0.07586531972492672, -0.044022785460266056, -0.9961457963688618, 0.0, 0.4831054985194937, 0.13387606608681146, 0.373997283688981, 1.0]",
  "1783615295.1268682": "[0.6878095298396802, -0.7209856187668137, 0.08424837205046105, 0.0, -0.7219157990122717, -0.6915500100675125, -0.02441644347764594, 0.0, 0.07586586714848335, -0.044026368315574944, -0.9961455963335633, 0.0, 0.4831053528624388, 0.13387679711737638, 0.3739969257153361, 1.0]",
  "1783615295.1585886": "[0.6878095298396802, -0.7209856187668137, 0.08424837205046105, 0.0, -0.7219157990122717, -0.6915500100675125, -0.02441644347764594, 0.0, 0.07586586714848335, -0.044026368315574944, -0.9961455963335633, 0.0, 0.4831053528624388, 0.13387679711737638, 0.3739969257153361, 1.0]",
  "1783615295.1919107": "[0.6878063366170639, -0.7209885361772839, 0.08424947483724565, 0.0, -0.7219188037045321, -0.6915468838156575, -0.024416149218725064, 0.0, 0.07586622547109759, -0.04402769793881259, -0.9961455102779802, 0.0, 0.4831061516466318, 0.13387596719468228, 0.37399685072672906, 1.0]",
  "1783615295.226347": "[0.6878063366170639, -0.7209885361772839, 0.08424947483724565, 0.0, -0.7219188037045321, -0.6915468838156575, -0.024416149218725064, 0.0, 0.07586622547109759, -0.04402769793881259, -0.9961455102779802, 0.0, 0.4831061516466318, 0.13387596719468228, 0.37399685072672906, 1.0]",
  "1783615295.258512": "[0.6878045222549354, -0.7209904201861869, 0.08424816416638256, 0.0, -0.7219204775932205, -0.6915450612462155, -0.024418277939784065, 0.0, 0.07586674632035026, -0.04402547291868555, -0.9961455689491623, 0.0, 0.48310659312623255, 0.13387439055773237, 0.3739978614739773, 1.0]",
  "1783615295.2916803": "[0.6878045222549354, -0.7209904201861869, 0.08424816416638256, 0.0, -0.7219204775932205, -0.6915450612462155, -0.024418277939784065, 0.0, 0.07586674632035026, -0.04402547291868555, -0.9961455689491623, 0.0, 0.48310659312623255, 0.13387439055773237, 0.3739978614739773, 1.0]",
  "1783615295.325374": "[0.6878031336388607, -0.7209918012439241, 0.08424768184113648, 0.0, -0.7219219108954801, -0.6915435956606901, -0.02441740915214729, 0.0, 0.07586569663281387, -0.044025876933078585, -0.9961456310372958, 0.0, 0.4831065672344303, 0.13387427755881456, 0.37399673123521765, 1.0]",
  "1783615295.358434": "[0.6878031336388607, -0.7209918012439241, 0.08424768184113648, 0.0, -0.7219219108954801, -0.6915435956606901, -0.02441740915214729, 0.0, 0.07586569663281387, -0.044025876933078585, -0.9961456310372958, 0.0, 0.4831065672344303, 0.13387427755881456, 0.37399673123521765, 1.0]",
  "1783615295.392223": "[0.6878041255049644, -0.7209907310179127, 0.08424874316336767, 0.0, -0.7219209907527562, -0.6915446066349278, -0.02441598133809031, 0.0, 0.07586546018386758, -0.044027523441582145, -0.9961455762742166, 0.0, 0.4831063669661139, 0.13387430654184967, 0.37399697719683644, 1.0]",
  "1783615295.4250426": "[0.6878041255049644, -0.7209907310179127, 0.08424874316336767, 0.0, -0.7219209907527562, -0.6915446066349278, -0.02441598133809031, 0.0, 0.07586546018386758, -0.044027523441582145, -0.9961455762742166, 0.0, 0.4831063669661139, 0.13387430654184967, 0.37399697719683644, 1.0]",
  "1783615295.4583764": "[0.6878093739353992, -0.7209859586527972, 0.08424673615102832, 0.0, -0.72191626297243, -0.6915496160954016, -0.02441388404625834, 0.0, 0.07586286563606401, -0.044026990628586296, -0.9961457974180661, 0.0, 0.4831048814865868, 0.13387752923219262, 0.3739952620861522, 1.0]",
  "1783615295.4916854": "[0.6878093739353992, -0.7209859586527972, 0.08424673615102832, 0.0, -0.72191626297243, -0.6915496160954016, -0.02441388404625834, 0.0, 0.07586286563606401, -0.044026990628586296, -0.9961457974180661, 0.0, 0.4831048814865868, 0.13387752923219262, 0.3739952620861522, 1.0]",
  "1783615295.5249646": "[0.6878048916822754, -0.7209899770880941, 0.08424894015026503, 0.0, -0.7219201741795969, -0.6915454278769579, -0.02441686497026449, 0.0, 0.07586628427986931, -0.04402697038163224, -0.9961455379554645, 0.0, 0.48310635276150876, 0.13387430324974509, 0.37399745661959155, 1.0]",
  "1783615295.5584106": "[0.6878048916822754, -0.7209899770880941, 0.08424894015026503, 0.0, -0.7219201741795969, -0.6915454278769579, -0.02441686497026449, 0.0, 0.07586628427986931, -0.04402697038163224, -0.9961455379554645, 0.0, 0.48310635276150876, 0.13387430324974509, 0.37399745661959155, 1.0]",
  "1783615295.5916467": "[0.6878045094350063, -0.7209904332448036, 0.08424815707385329, 0.0, -0.7219203229800641, -0.6915451450244294, -0.024420476275061262, 0.0, 0.07586833377127965, -0.04402394306069361, -0.9961455156593131, 0.0, 0.48310672737608595, 0.133875359795872, 0.3739983968920587, 1.0]",
  "1783615295.6250467": "[0.6878045094350063, -0.7209904332448036, 0.08424815707385329, 0.0, -0.7219203229800641, -0.6915451450244294, -0.024420476275061262, 0.0, 0.07586833377127965, -0.04402394306069361, -0.9961455156593131, 0.0, 0.48310672737608595, 0.133875359795872, 0.3739983968920587, 1.0]",
  "1783615295.660837": "[0.6878086086446549, -0.7209864488387338, 0.08424878910237191, 0.0, -0.7219167071891536, -0.6915490875357042, -0.024415720544447184, 0.0, 0.07586557688091317, -0.04402726563672485, -0.9961455787810733, 0.0, 0.4831066416747359, 0.1338756673682097, 0.3739968696627816, 1.0]",
  "1783615295.6916559": "[0.6878086086446549, -0.7209864488387338, 0.08424878910237191, 0.0, -0.7219167071891536, -0.6915490875357042, -0.024415720544447184, 0.0, 0.07586557688091317, -0.04402726563672485, -0.9961455787810733, 0.0, 0.4831066416747359, 0.1338756673682097, 0.3739968696627816, 1.0]",
  "1783615295.7250156": "[0.6878071563840689, -0.7209879734824135, 0.08424759771402089, 0.0, -0.721918341081408, -0.691547453234792, -0.024413699734809925, 0.0, 0.07586319553728917, -0.04402796859038565, -0.9961457290701374, 0.0, 0.48310596168342274, 0.13387504889850535, 0.3739955083296315, 1.0]",
  "1783615295.758377": "[0.6878071563840689, -0.7209879734824135, 0.08424759771402089, 0.0, -0.721918341081408, -0.691547453234792, -0.024413699734809925, 0.0, 0.07586319553728917, -0.04402796859038565, -0.9961457290701374, 0.0, 0.48310596168342274, 0.13387504889850535, 0.3739955083296315, 1.0]",
  "1783615295.7916574": "[0.6878041035184214, -0.7209904749875132, 0.08425111370480935, 0.0, -0.7219203751469451, -0.6915450343791001, -0.024422067342940806, 0.0, 0.0758715172572338, -0.04402499747744598, -0.9961452265940927, 0.0, 0.4831063999906178, 0.13387697187424033, 0.3739996293435609, 1.0]",
  "1783615295.8249702": "[0.6878041035184214, -0.7209904749875132, 0.08425111370480935, 0.0, -0.7219203751469451, -0.6915450343791001, -0.024422067342940806, 0.0, 0.0758715172572338, -0.04402499747744598, -0.9961452265940927, 0.0, 0.4831063999906178, 0.13387697187424033, 0.3739996293435609, 1.0]",
  "1783615295.8583288": "[0.6878068498646979, -0.7209880859098594, 0.08424913800887364, 0.0, -0.7219183430685092, -0.6915473679493869, -0.024416056673712813, 0.0, 0.07586595560868804, -0.04402746708945186, -0.9961455410336724, 0.0, 0.4831067384598019, 0.13387526912058853, 0.373996152565753, 1.0]",
  "1783615295.8916302": "[0.6878068498646979, -0.7209880859098594, 0.08424913800887364, 0.0, -0.7219183430685092, -0.6915473679493869, -0.024416056673712813, 0.0, 0.07586595560868804, -0.04402746708945186, -0.9961455410336724, 0.0, 0.4831067384598019, 0.13387526912058853, 0.373996152565753, 1.0]",
  "1783615295.9249835": "[0.6878063828034529, -0.72098833273662, 0.08425083876436584, 0.0, -0.7219180697673739, -0.691547376439958, -0.024423895724478596, 0.0, 0.07587279036768799, -0.044023291524830886, -0.9961452050204032, 0.0, 0.48310641720364483, 0.1338764239330537, 0.3739992684086874, 1.0]",
  "1783615295.9583704": "[0.6878063828034529, -0.72098833273662, 0.08425083876436584, 0.0, -0.7219180697673739, -0.691547376439958, -0.024423895724478596, 0.0, 0.07587279036768799, -0.044023291524830886, -0.9961452050204032, 0.0, 0.48310641720364483, 0.1338764239330537, 0.3739992684086874, 1.0]",
  "1783615295.991654": "[0.6878068774866266, -0.7209879735966765, 0.08424987365601597, 0.0, -0.7219179963799519, -0.6915476063327044, -0.024419555242923958, 0.0, 0.07586900411137848, -0.04402556194376746, -0.9961453930580026, 0.0, 0.4831051548806866, 0.1338771448302734, 0.3739972471787257, 1.0]",
  "1783615296.0250216": "[0.6878068774866266, -0.7209879735966765, 0.08424987365601597, 0.0, -0.7219179963799519, -0.6915476063327044, -0.024419555242923958, 0.0, 0.07586900411137848, -0.04402556194376746, -0.9961453930580026, 0.0, 0.4831051548806866, 0.1338771448302734, 0.3739972471787257, 1.0]",
  "1783615296.0584228": "[0.6878041303686988, -0.7209903028555044, 0.08425236753994583, 0.0, -0.7219200587691726, -0.6915452723692455, -0.024424680355339387, 0.0, 0.07587428414471065, -0.044024078094541993, -0.9961450564819629, 0.0, 0.4831069513689481, 0.1338743121088522, 0.3739999550670501, 1.0]",
  "1783615296.0916445": "[0.6878041303686988, -0.7209903028555044, 0.08425236753994583, 0.0, -0.7219200587691726, -0.6915452723692455, -0.024424680355339387, 0.0, 0.07587428414471065, -0.044024078094541993, -0.9961450564819629, 0.0, 0.4831069513689481, 0.1338743121088522, 0.3739999550670501, 1.0]",
  "1783615296.1249814": "[0.6878053400076634, -0.7209899347884251, 0.08424564196873965, 0.0, -0.7219199567005533, -0.6915456417462729, -0.024417237747281398, 0.0, 0.07586428919072469, -0.044024303691465996, -0.9961458077561076, 0.0, 0.4831058093769164, 0.13387684209571793, 0.3739964270144815, 1.0]",
  "1783615296.1586053": "[0.6878053400076634, -0.7209899347884251, 0.08424564196873965, 0.0, -0.7219199567005533, -0.6915456417462729, -0.024417237747281398, 0.0, 0.07586428919072469, -0.044024303691465996, -0.9961458077561076, 0.0, 0.4831058093769164, 0.13387684209571793, 0.3739964270144815, 1.0]",
  "1783615296.191715": "[0.6878039434017538, -0.7209910468740728, 0.08424752677928048, 0.0, -0.7219211428575789, -0.6915443961960213, -0.0244174442783772, 0.0, 0.07586566374984215, -0.04402565635296222, -0.9961456432904212, 0.0, 0.4831050210122962, 0.13387586086786113, 0.3739968232118624, 1.0]",
  "1783615296.224976": "[0.6878039434017538, -0.7209910468740728, 0.08424752677928048, 0.0, -0.7219211428575789, -0.6915443961960213, -0.0244174442783772, 0.0, 0.07586566374984215, -0.04402565635296222, -0.9961456432904212, 0.0, 0.4831050210122962, 0.13387586086786113, 0.3739968232118624, 1.0]",
  "1783615296.2587376": "[0.6878077627242365, -0.7209874516587027, 0.08424711322633138, 0.0, -0.7219176912514484, -0.691548083559242, -0.02441506059212919, 0.0, 0.07586388201548, -0.044026613272303484, -0.9961457366918316, 0.0, 0.4831053502183915, 0.1338766964365764, 0.3739959154532015, 1.0]",
  "1783615296.2919004": "[0.6878077627242365, -0.7209874516587027, 0.08424711322633138, 0.0, -0.7219176912514484, -0.691548083559242, -0.02441506059212919, 0.0, 0.07586388201548, -0.044026613272303484, -0.9961457366918316, 0.0, 0.4831053502183915, 0.1338766964365764, 0.3739959154532015, 1.0]",
  "1783615296.3249984": "[0.6878033327730952, -0.72099165692479, 0.08424729117941276, 0.0, -0.7219215771037196, -0.6915438646818381, -0.024419658740156683, 0.0, 0.07586706754779074, -0.04402401464829654, -0.9961456089327232, 0.0, 0.4831064798128016, 0.13387417765105145, 0.37399814117315777, 1.0]",
  "1783615296.3583555": "[0.6878033327730952, -0.72099165692479, 0.08424729117941276, 0.0, -0.7219215771037196, -0.6915438646818381, -0.024419658740156683, 0.0, 0.07586706754779074, -0.04402401464829654, -0.9961456089327232, 0.0, 0.4831064798128016, 0.13387417765105145, 0.37399814117315777, 1.0]",
  "1783615296.3916612": "[0.6878030496130004, -0.7209916055066248, 0.08425004292008481, 0.0, -0.721921574536224, -0.6915438334487212, -0.024420619119647352, 0.0, 0.07586965903571505, -0.044025347335681086, -0.996145352661838, 0.0, 0.48310631148946653, 0.1338752332023581, 0.37399734861467804, 1.0]",
  "1783615296.4249876": "[0.6878030496130004, -0.7209916055066248, 0.08425004292008481, 0.0, -0.721921574536224, -0.6915438334487212, -0.024420619119647352, 0.0, 0.07586965903571505, -0.044025347335681086, -0.996145352661838, 0.0, 0.48310631148946653, 0.1338752332023581, 0.37399734861467804, 1.0]",
  "1783615296.4585748": "[0.687801065674265, -0.7209935636417428, 0.08424948216176463, 0.0, -0.721923696479281, -0.6915417008503508, -0.02441828099385055, 0.0, 0.07586745362166976, -0.04402677789918231, -0.9961454574050819, 0.0, 0.4831056793037176, 0.13387499981900514, 0.37399776213870906, 1.0]",
  "1783615296.491642": "[0.687801065674265, -0.7209935636417428, 0.08424948216176463, 0.0, -0.721923696479281, -0.6915417008503508, -0.02441828099385055, 0.0, 0.07586745362166976, -0.04402677789918231, -0.9961454574050819, 0.0, 0.4831056793037176, 0.13387499981900514, 0.37399776213870906, 1.0]",
  "1783615296.5252676": "[0.6878060401878894, -0.7209889457265402, 0.08424839002133919, 0.0, -0.7219190215292255, -0.6915465888564007, -0.024418062891270013, 0.0, 0.07586684015656187, -0.044025624143314464, -0.996145555119055, 0.0, 0.483105395156202, 0.1338768353014768, 0.37399690539641195, 1.0]",
  "1783615296.5585961": "[0.6878060401878894, -0.7209889457265402, 0.08424839002133919, 0.0, -0.7219190215292255, -0.6915465888564007, -0.024418062891270013, 0.0, 0.07586684015656187, -0.044025624143314464, -0.996145555119055, 0.0, 0.483105395156202, 0.1338768353014768, 0.37399690539641195, 1.0]",
  "1783615296.591651": "[0.6878117144550278, -0.720983849776156, 0.08424567538092742, 0.0, -0.7219138736324895, -0.691552007495144, -0.024416797217709126, 0.0, 0.07586438238969223, -0.04402396269521729, -0.9961458157284211, 0.0, 0.4831051541245785, 0.13387855405236443, 0.37399585141768493, 1.0]",
  "1783615296.6250172": "[0.6878117144550278, -0.720983849776156, 0.08424567538092742, 0.0, -0.7219138736324895, -0.691552007495144, -0.024416797217709126, 0.0, 0.07586438238969223, -0.04402396269521729, -0.9961458157284211, 0.0, 0.4831051541245785, 0.13387855405236443, 0.37399585141768493, 1.0]",
  "1783615296.6586344": "[0.687803521202324, -0.7209914121184247, 0.0842478478844667, 0.0, -0.7219213875828501, -0.6915440773086323, -0.024419240156174832, 0.0, 0.07586716267356096, -0.04402468388112084, -0.9961455721113412, 0.0, 0.48310624243247824, 0.13387522293019916, 0.3739975385297263, 1.0]",
  "1783615296.6919746": "[0.687803521202324, -0.7209914121184247, 0.0842478478844667, 0.0, -0.7219213875828501, -0.6915440773086323, -0.024419240156174832, 0.0, 0.07586716267356096, -0.04402468388112084, -0.9961455721113412, 0.0, 0.48310624243247824, 0.13387522293019916, 0.3739975385297263, 1.0]",
  "1783615296.7263424": "[0.6878083826161077, -0.7209868412444227, 0.08424727624916888, 0.0, -0.7219166719025798, -0.6915489562632862, -0.024420481573110178, 0.0, 0.07586796182920182, -0.044022901353149874, -0.9961455900240355, 0.0, 0.48310491992360605, 0.13387949684666212, 0.3739985469079424, 1.0]",
  "1783615296.758596": "[0.6878083826161077, -0.7209868412444227, 0.08424727624916888, 0.0, -0.7219166719025798, -0.6915489562632862, -0.024420481573110178, 0.0, 0.07586796182920182, -0.044022901353149874, -0.9961455900240355, 0.0, 0.48310491992360605, 0.13387949684666212, 0.3739985469079424, 1.0]",
  "1783615296.79165": "[0.6878052588474262, -0.7209895542958553, 0.08424956081837508, 0.0, -0.7219195693350868, -0.6915459631640024, -0.024419587273640457, 0.0, 0.07586871102679817, -0.04402548611697795, -0.9961454187312695, 0.0, 0.48310610080840605, 0.13387515398081162, 0.3739984613770129, 1.0]",
