{
  "1783615143.6150146": "[0.6863055374686229, -0.7226782034729179, 0.08198123849430745, 0.0, -0.7239334382588517, -0.6896168358675243, -0.018681452266393596, 0.0, 0.07003632065308758, -0.04652777571752124, -0.9964587697823519, 0.0, 0.48250781470283016, 0.1333178503988264, 0.37177847238058104, 1.0]",
  "1783615143.6483395": "[0.6863055374686229, -0.7226782034729179, 0.08198123849430745, 0.0, -0.7239334382588517, -0.6896168358675243, -0.018681452266393596, 0.0, 0.07003632065308758, -0.04652777571752124, -0.9964587697823519, 0.0, 0.48250781470283016, 0.1333178503988264, 0.37177847238058104, 1.0]",
  "1783615143.681366": "[0.6863027971188131, -0.7226804339175944, 0.08198451743817607, 0.0, -0.7239355063748679, -0.6896145388128203, -0.01868610359986298, 0.0, 0.07004179664069753, -0.046527177978667296, -0.996458412796382, 0.0, 0.4825070362614779, 0.13331766372454504, 0.37178143938383, 1.0]",
  "1783615143.7155504": "[0.6863027971188131, -0.7226804339175944, 0.08198451743817607, 0.0, -0.7239355063748679, -0.6896145388128203, -0.01868610359986298, 0.0, 0.07004179664069753, -0.046527177978667296, -0.996458412796382, 0.0, 0.4825070362614779, 0.13331766372454504, 0.37178143938383, 1.0]",
  "1783615143.7478416": "[0.6863082489957135, -0.7226757458654105, 0.08198020308775879, 0.0, -0.7239310944799515, -0.6896193634314391, -0.018678972816397355, 0.0, 0.07003397607945001, -0.04652848502034973, -0.9964589014486316, 0.0, 0.482507153587519, 0.133318532721807, 0.3717774233576422, 1.0]",
  "1783615143.7812736": "[0.6863082489957135, -0.7226757458654105, 0.08198020308775879, 0.0, -0.7239310944799515, -0.6896193634314391, -0.018678972816397355, 0.0, 0.07003397607945001, -0.04652848502034973, -0.9964589014486316, 0.0, 0.482507153587519, 0.133318532721807, 0.3717774233576422, 1.0]",
  "1783615143.8170297": "[0.6863048875538416, -0.7226788164635625, 0.08198127563372792, 0.0, -0.7239340776459928, -0.689616173024949, -0.018681143574987874, 0.0, 0.07003608029119307, -0.04652807901953551, -0.996458772514045, 0.0, 0.48250737779035346, 0.13331775829471887, 0.3717781716970995, 1.0]",
  "1783615143.847838": "[0.6863048875538416, -0.7226788164635625, 0.08198127563372792, 0.0, -0.7239340776459928, -0.689616173024949, -0.018681143574987874, 0.0, 0.07003608029119307, -0.04652807901953551, -0.996458772514045, 0.0, 0.48250737779035346, 0.13331775829471887, 0.3717781716970995, 1.0]",
  "1783615143.8811834": "[0.6863092661293719, -0.7226747644621939, 0.08198033931666544, 0.0, -0.7239301023780235, -0.689620400131826, -0.018679148614568385, 0.0, 0.07003426372788919, -0.04652836265691282, -0.9964588869454474, 0.0, 0.48250752684526865, 0.13331950059906086, 0.3717777233064343, 1.0]",
  "1783615143.915461": "[0.6863092661293719, -0.7226747644621939, 0.08198033931666544, 0.0, -0.7239301023780235, -0.689620400131826, -0.018679148614568385, 0.0, 0.07003426372788919, -0.04652836265691282, -0.9964588869454474, 0.0, 0.48250752684526865, 0.13331950059906086, 0.3717777233064343, 1.0]",
  "1783615143.9478586": "[0.6863053642458266, -0.7226779448367232, 0.0819849684635746, 0.0, -0.7239332123709145, -0.6896170186457902, -0.018683458470524418, 0.0, 0.07004035289554032, -0.046529083814978646, -0.9964584252870794, 0.0, 0.48250800549187867, 0.1333178597892441, 0.3717807303352178, 1.0]",
  "1783615143.9812589": "[0.6863053642458266, -0.7226779448367232, 0.0819849684635746, 0.0, -0.7239332123709145, -0.6896170186457902, -0.018683458470524418, 0.0, 0.07004035289554032, -0.046529083814978646, -0.9964584252870794, 0.0, 0.48250800549187867, 0.1333178597892441, 0.3717807303352178, 1.0]",
  "1783615144.0154996": "[0.6863054614047788, -0.7226779144393544, 0.08198442307877103, 0.0, -0.7239332511657223, -0.6896170145089946, -0.018682107919819994, 0.0, 0.07003899986865088, -0.04652961724843486, -0.996458495480927, 0.0, 0.482509338200612, 0.13331735706423406, 0.3717792146998309, 1.0]",
  "1783615144.0486271": "[0.6863054614047788, -0.7226779144393544, 0.08198442307877103, 0.0, -0.7239332511657223, -0.6896170145089946, -0.018682107919819994, 0.0, 0.07003899986865088, -0.04652961724843486, -0.996458495480927, 0.0, 0.482509338200612, 0.13331735706423406, 0.3717792146998309, 1.0]",
  "1783615144.0811212": "[0.6863017853798838, -0.722681229857775, 0.08198597072449372, 0.0, -0.7239361526990032, -0.689613774875518, -0.01868925673492343, 0.0, 0.07004502980047399, -0.04652613795698213, -0.9964582340906509, 0.0, 0.4825091201467925, 0.13331552478397724, 0.371783341518934, 1.0]",
  "1783615144.1148086": "[0.6863017853798838, -0.722681229857775, 0.08198597072449372, 0.0, -0.7239361526990032, -0.689613774875518, -0.01868925673492343, 0.0, 0.07004502980047399, -0.04652613795698213, -0.9964582340906509, 0.0, 0.4825091201467925, 0.13331552478397724, 0.371783341518934, 1.0]",
  "1783615144.1480286": "[0.686309152768164, -0.7226748131135207, 0.08198085946111414, 0.0, -0.7239305493459197, -0.6896200749189751, -0.0186738317562873, 0.0, 0.07003075431808375, -0.046532426973942234, -0.9964589438052904, 0.0, 0.48250630218751545, 0.13331936531943034, 0.37177564435666954, 1.0]",
  "1783615144.1812012": "[0.686309152768164, -0.7226748131135207, 0.08198085946111414, 0.0, -0.7239305493459197, -0.6896200749189751, -0.0186738317562873, 0.0, 0.07003075431808375, -0.046532426973942234, -0.9964589438052904, 0.0, 0.48250630218751545, 0.13331936531943034, 0.37177564435666954, 1.0]",
  "1783615144.214497": "[0.6863002408629753, -0.7226828662554273, 0.08198447543445163, 0.0, -0.7239379403978928, -0.6896119805281997, -0.018686218569591077, 0.0, 0.0700416864722652, -0.04652731598549001, -0.9964584140962969, 0.0, 0.4825082411026469, 0.13331491256251476, 0.3717817475003957, 1.0]",
  "1783615144.247914": "[0.6863002408629753, -0.7226828662554273, 0.08198447543445163, 0.0, -0.7239379403978928, -0.6896119805281997, -0.018686218569591077, 0.0, 0.0700416864722652, -0.04652731598549001, -0.9964584140962969, 0.0, 0.4825082411026469, 0.13331491256251476, 0.3717817475003957, 1.0]",
  "1783615144.2819123": "[0.6863089743654575, -0.722674831466883, 0.08198219117434093, 0.0, -0.7239300545080568, -0.6896203724987027, -0.018682023838782848, 0.0, 0.07003761764506151, -0.046527731505664464, -0.9964586806865308, 0.0, 0.48250707813171023, 0.1333194033619355, 0.3717782661354418, 1.0]",
  "1783615144.3149686": "[0.6863089743654575, -0.722674831466883, 0.08198219117434093, 0.0, -0.7239300545080568, -0.6896203724987027, -0.018682023838782848, 0.0, 0.07003761764506151, -0.046527731505664464, -0.9964586806865308, 0.0, 0.48250707813171023, 0.1333194033619355, 0.3717782661354418, 1.0]",
  "1783615144.348803": "[0.6863097587160769, -0.7226738048027715, 0.0819846750494615, 0.0, -0.7239293680825237, -0.6896211811938164, -0.018678770743363105, 0.0, 0.07003702676954576, -0.046531691359017274, -0.9964585373112875, 0.0, 0.4825067764058116, 0.13331832468749588, 0.37177930852867647, 1.0]",
  "1783615144.382359": "[0.6863097587160769, -0.7226738048027715, 0.0819846750494615, 0.0, -0.7239293680825237, -0.6896211811938164, -0.018678770743363105, 0.0, 0.07003702676954576, -0.046531691359017274, -0.9964585373112875, 0.0, 0.4825067764058116, 0.13331832468749588, 0.37177930852867647, 1.0]",
  "1783615144.4150043": "[0.6863048668471899, -0.7226788032941737, 0.08198156506899557, 0.0, -0.7239344669481421, -0.6896159142420024, -0.018675609459311127, 0.0, 0.07003225904088989, -0.04653211894453507, -0.9964588524370495, 0.0, 0.48250829691937325, 0.13331614589939492, 0.37177670784550665, 1.0]",
  "1783615144.448402": "[0.6863048668471899, -0.7226788032941737, 0.08198156506899557, 0.0, -0.7239344669481421, -0.6896159142420024, -0.018675609459311127, 0.0, 0.07003225904088989, -0.04653211894453507, -0.9964588524370495, 0.0, 0.48250829691937325, 0.13331614589939492, 0.37177670784550665, 1.0]",
  "1783615144.4818199": "[0.6863075030321312, -0.7226762025741863, 0.08198242198639114, 0.0, -0.7239314883739408, -0.6896188847575182, -0.018681379137708426, 0.0, 0.07003721455406309, -0.046528486099911434, -0.9964586737836936, 0.0, 0.482506563572335, 0.13332011903995084, 0.3717788743882598, 1.0]",
  "1783615144.5145996": "[0.6863075030321312, -0.7226762025741863, 0.08198242198639114, 0.0, -0.7239314883739408, -0.6896188847575182, -0.018681379137708426, 0.0, 0.07003721455406309, -0.046528486099911434, -0.9964586737836936, 0.0, 0.482506563572335, 0.13332011903995084, 0.3717788743882598, 1.0]",
  "1783615144.5484912": "[0.6863026424749741, -0.722680929111996, 0.08198144686262826, 0.0, -0.7239362539917042, -0.6896139058937796, -0.01868049663108292, 0.0, 0.07003558444338495, -0.046528867337894, -0.9964587705549719, 0.0, 0.48250841050739424, 0.13331488138098274, 0.37177891548708003, 1.0]",
  "1783615144.5825794": "[0.6863026424749741, -0.722680929111996, 0.08198144686262826, 0.0, -0.7239362539917042, -0.6896139058937796, -0.01868049663108292, 0.0, 0.07003558444338495, -0.046528867337894, -0.9964587705549719, 0.0, 0.48250841050739424, 0.13331488138098274, 0.37177891548708003, 1.0]",
  "1783615144.6155968": "[0.6863094066822834, -0.7226739098273843, 0.08198669620257851, 0.0, -0.7239289292437115, -0.6896213954938974, -0.01868786454101619, 0.0, 0.07004501198133709, -0.046526883968858415, -0.9964582005105298, 0.0, 0.48250770503212226, 0.13331974453083037, 0.3717820143989739, 1.0]",
  "1783615144.6512952": "[0.6863094066822834, -0.7226739098273843, 0.08198669620257851, 0.0, -0.7239289292437115, -0.6896213954938974, -0.01868786454101619, 0.0, 0.07004501198133709, -0.046526883968858415, -0.9964582005105298, 0.0, 0.48250770503212226, 0.13331974453083037, 0.3717820143989739, 1.0]",
  "1783615144.6815412": "[0.6863015976790343, -0.7226819351523728, 0.08198132487113449, 0.0, -0.7239375021383045, -0.6896126892628753, -0.018677039523890764, 0.0, 0.07003292097975924, -0.04653127348403726, -0.9964588453955319, 0.0, 0.482507276619181, 0.13331501833313825, 0.37177744540931523, 1.0]",
  "1783615144.7146828": "[0.6863015976790343, -0.7226819351523728, 0.08198132487113449, 0.0, -0.7239375021383045, -0.6896126892628753, -0.018677039523890764, 0.0, 0.07003292097975924, -0.04653127348403726, -0.9964588453955319, 0.0, 0.482507276619181, 0.13331501833313825, 0.37177744540931523, 1.0]",
  "1783615144.7478251": "[0.6863068006072303, -0.722676435357573, 0.08198625018342492, 0.0, -0.7239314989890695, -0.6896187183116784, -0.018687111215958736, 0.0, 0.07004398769135364, -0.04652733748056353, -0.996458251335832, 0.0, 0.4825095826203826, 0.13331776479200563, 0.371781649081771, 1.0]",
  "1783615144.7812178": "[0.6863068006072303, -0.722676435357573, 0.08198625018342492, 0.0, -0.7239314989890695, -0.6896187183116784, -0.018687111215958736, 0.0, 0.07004398769135364, -0.04652733748056353, -0.996458251335832, 0.0, 0.4825095826203826, 0.13331776479200563, 0.371781649081771, 1.0]",
  "1783615144.8145115": "[0.6863028000821305, -0.7226805403807702, 0.08198355417024307, 0.0, -0.7239357886937606, -0.6896143274530488, -0.018682966033854023, 0.0, 0.07003884956058397, -0.0465286570452792, -0.9964585508819686, 0.0, 0.4825088995440067, 0.13331538864751852, 0.3717797628086248, 1.0]",
  "1783615144.8481457": "[0.6863028000821305, -0.7226805403807702, 0.08198355417024307, 0.0, -0.7239357886937606, -0.6896143274530488, -0.018682966033854023, 0.0, 0.07003884956058397, -0.0465286570452792, -0.9964585508819686, 0.0, 0.4825088995440067, 0.13331538864751852, 0.3717797628086248, 1.0]",
  "1783615144.8811865": "[0.6863069920036899, -0.7226765437004846, 0.08198369296371526, 0.0, -0.7239319309747322, -0.6896184356257884, -0.01868080726939514, 0.0, 0.07003764731944363, -0.04652984451040271, -0.9964585799358623, 0.0, 0.4825071184910062, 0.13331763915975253, 0.3717793720844275, 1.0]",
  "1783615144.914623": "[0.6863069920036899, -0.7226765437004846, 0.08198369296371526, 0.0, -0.7239319309747322, -0.6896184356257884, -0.01868080726939514, 0.0, 0.07003764731944363, -0.04652984451040271, -0.9964585799358623, 0.0, 0.4825071184910062, 0.13331763915975253, 0.3717793720844275, 1.0]",
  "1783615144.9478266": "[0.6863044268413854, -0.7226790143688091, 0.08198338788342577, 0.0, -0.7239344241837007, -0.6896158279619107, -0.018680452516530305, 0.0, 0.07003701292696057, -0.04653011944252178, -0.9964586116868746, 0.0, 0.4825081183479166, 0.13331613690120367, 0.37177900590553364, 1.0]",
  "1783615144.981164": "[0.6863044268413854, -0.7226790143688091, 0.08198338788342577, 0.0, -0.7239344241837007, -0.6896158279619107, -0.018680452516530305, 0.0, 0.07003701292696057, -0.04653011944252178, -0.9964586116868746, 0.0, 0.4825081183479166, 0.13331613690120367, 0.37177900590553364, 1.0]",
  "1783615145.014524": "[0.6863116610506876, -0.7226720103861517, 0.08198456751294045, 0.0, -0.7239275132648406, -0.6896231102866357, -0.018679435129857397, 0.0, 0.07003755738195042, -0.046530969934275426, -0.9964585337047125, 0.0, 0.48250784170453864, 0.1333177827056919, 0.3717790082842029, 1.0]",
  "1783615145.0478396": "[0.6863116610506876, -0.7226720103861517, 0.08198456751294045, 0.0, -0.7239275132648406, -0.6896231102866357, -0.018679435129857397, 0.0, 0.07003755738195042, -0.046530969934275426, -0.9964585337047125, 0.0, 0.48250784170453864, 0.1333177827056919, 0.3717790082842029, 1.0]",
  "1783615145.081123": "[0.6863042633338055, -0.722679460044627, 0.08198082799928767, 0.0, -0.7239347889601421, -0.6896154593152679, -0.018679925230744673, 0.0, 0.07003484463520333, -0.046528661091825255, -0.9964588321822052, 0.0, 0.48250773960604443, 0.13331779950182934, 0.3717780609787293, 1.0]",
  "1783615145.1146374": "[0.6863042633338055, -0.722679460044627, 0.08198082799928767, 0.0, -0.7239347889601421, -0.6896154593152679, -0.018679925230744673, 0.0, 0.07003484463520333, -0.046528661091825255, -0.9964588321822052, 0.0, 0.48250773960604443, 0.13331779950182934, 0.3717780609787293, 1.0]",
  "1783615145.1478488": "[0.6863007332236568, -0.7226828598674448, 0.0819804100409498, 0.0, -0.7239382604937141, -0.6896118438725949, -0.018678859279294975, 0.0, 0.07003355317279322, -0.04652944062044496, -0.9964588865505406, 0.0, 0.482507805680986, 0.13331610141861067, 0.3717772377357534, 1.0]",
  "1783615145.1816444": "[0.6863007332236568, -0.7226828598674448, 0.0819804100409498, 0.0, -0.7239382604937141, -0.6896118438725949, -0.018678859279294975, 0.0, 0.07003355317279322, -0.04652944062044496, -0.9964588865505406, 0.0, 0.482507805680986, 0.13331610141861067, 0.3717772377357534, 1.0]",
  "1783615145.2146297": "[0.686304784255734, -0.7226789310226495, 0.08198113053411185, 0.0, -0.7239344923915513, -0.6896158557374983, -0.018676783481776836, 0.0, 0.07003280540916104, -0.046531002260845854, -0.9964588661832077, 0.0, 0.48250637655937983, 0.13331814711089002, 0.371777374518742, 1.0]",
  "1783615145.2482033": "[0.686304784255734, -0.7226789310226495, 0.08198113053411185, 0.0, -0.7239344923915513, -0.6896158557374983, -0.018676783481776836, 0.0, 0.07003280540916104, -0.046531002260845854, -0.9964588661832077, 0.0, 0.48250637655937983, 0.13331814711089002, 0.371777374518742, 1.0]",
  "1783615145.2814782": "[0.6863045268859351, -0.7226790452543064, 0.08198227812275634, 0.0, -0.7239342284813604, -0.6896159660824766, -0.01868293759637251, 0.0, 0.07003805543395918, -0.04652759261402404, -0.9964586564010434, 0.0, 0.48250781138784066, 0.1333168839901901, 0.37177847312169937, 1.0]",
  "1783615145.3145163": "[0.6863045268859351, -0.7226790452543064, 0.08198227812275634, 0.0, -0.7239342284813604, -0.6896159660824766, -0.01868293759637251, 0.0, 0.07003805543395918, -0.04652759261402404, -0.9964586564010434, 0.0, 0.48250781138784066, 0.1333168839901901, 0.37177847312169937, 1.0]",
  "1783615145.3479426": "[0.6863122502982892, -0.7226715720383171, 0.08198349869434521, 0.0, -0.7239270831304269, -0.6896235851238326, -0.018678574657191936, 0.0, 0.07003622920153735, -0.046530740469282496, -0.9964586377720908, 0.0, 0.48250777419000707, 0.13331968786074, 0.3717783592872791, 1.0]",
  "1783615145.3812077": "[0.6863122502982892, -0.7226715720383171, 0.08198349869434521, 0.0, -0.7239270831304269, -0.6896235851238326, -0.018678574657191936, 0.0, 0.07003622920153735, -0.046530740469282496, -0.9964586377720908, 0.0, 0.48250777419000707, 0.13331968786074, 0.3717783592872791, 1.0]",
  "1783615145.4147913": "[0.686306278399531, -0.7226769750068577, 0.08198586478365184, 0.0, -0.7239324895076332, -0.689617858258146, -0.018680476619414764, 0.0, 0.07003886681454892, -0.04653170280986527, -0.9964584074455636, 0.0, 0.482508155367788, 0.1333162331064024, 0.3717793249119831, 1.0]",
  "1783615145.4478433": "[0.686306278399531, -0.7226769750068577, 0.08198586478365184, 0.0, -0.7239324895076332, -0.689617858258146, -0.018680476619414764, 0.0, 0.07003886681454892, -0.04653170280986527, -0.9964584074455636, 0.0, 0.482508155367788, 0.1333162331064024, 0.3717793249119831, 1.0]",
  "1783615145.4812713": "[0.6863080809100188, -0.72267544235816, 0.08198428562867892, 0.0, -0.723931005585699, -0.6896194661985251, -0.018678623925222876, 0.0, 0.07003654209971912, -0.04653167579723502, -0.9964585721033339, 0.0, 0.4825072521933976, 0.13331746309225526, 0.3717785090565313, 1.0]",
  "1783615145.5160303": "[0.6863080809100188, -0.72267544235816, 0.08198428562867892, 0.0, -0.723931005585699, -0.6896194661985251, -0.018678623925222876, 0.0, 0.07003654209971912, -0.04653167579723502, -0.9964585721033339, 0.0, 0.4825072521933976, 0.13331746309225526, 0.3717785090565313, 1.0]",
  "1783615145.547813": "[0.6863043215739518, -0.7226792360037828, 0.08198231539732685, 0.0, -0.7239345320596393, -0.6896156898557892, -0.018681370300815826, 0.0, 0.07003692940519972, -0.046528723963956374, -0.9964586827188464, 0.0, 0.4825074585214595, 0.133318605319259, 0.37177902455237655, 1.0]",
  "1783615145.581636": "[0.6863043215739518, -0.7226792360037828, 0.08198231539732685, 0.0, -0.7239345320596393, -0.6896156898557892, -0.018681370300815826, 0.0, 0.07003692940519972, -0.046528723963956374, -0.9964586827188464, 0.0, 0.4825074585214595, 0.133318605319259, 0.37177902455237655, 1.0]",
  "1783615145.6144984": "[0.6863060653607573, -0.7226775986063276, 0.08198215123810483, 0.0, -0.7239329766487166, -0.6896173602798348, -0.018679981830874097, 0.0, 0.07003591913842995, -0.04652939794650885, -0.9964587222545505, 0.0, 0.48250864977381924, 0.13331632046495034, 0.3717776986405792, 1.0]",
  "1783615145.6478777": "[0.6863060653607573, -0.7226775986063276, 0.08198215123810483, 0.0, -0.7239329766487166, -0.6896173602798348, -0.018679981830874097, 0.0, 0.07003591913842995, -0.04652939794650885, -0.9964587222545505, 0.0, 0.48250864977381924, 0.13331632046495034, 0.3717776986405792, 1.0]",
  "1783615145.6818106": "[0.686306887105823, -0.7226768500142229, 0.08198187095105643, 0.0, -0.7239321005088342, -0.689618237318085, -0.01868155804971751, 0.0, 0.07003692286203393, -0.04652802608985408, -0.9964587157650837, 0.0, 0.48250817225695, 0.13331793570391648, 0.37177904949051693, 1.0]",
  "1783615145.714652": "[0.686306887105823, -0.7226768500142229, 0.08198187095105643, 0.0, -0.7239321005088342, -0.689618237318085, -0.01868155804971751, 0.0, 0.07003692286203393, -0.04652802608985408, -0.9964587157650837, 0.0, 0.48250817225695, 0.13331793570391648, 0.37177904949051693, 1.0]",
  "1783615145.7488494": "[0.6863063313243363, -0.7226777597261536, 0.08197850438571277, 0.0, -0.7239331618057769, -0.6896172408150896, -0.01867721629350457, 0.0, 0.07003139882953363, -0.046528666086311544, -0.9964590741270856, 0.0, 0.4825068318129445, 0.133316825099018, 0.37177726495278857, 1.0]",
  "1783615145.7811625": "[0.6863063313243363, -0.7226777597261536, 0.08197850438571277, 0.0, -0.7239331618057769, -0.6896172408150896, -0.01867721629350457, 0.0, 0.07003139882953363, -0.046528666086311544, -0.9964590741270856, 0.0, 0.4825068318129445, 0.133316825099018, 0.37177726495278857, 1.0]",
  "1783615145.814719": "[0.6863061039151581, -0.7226775270162009, 0.08198245955412957, 0.0, -0.7239331040303947, -0.6896172977960708, -0.018677351775975508, 0.0, 0.07003422461706811, -0.0465314358922447, -0.9964587461887686, 0.0, 0.48250700453365375, 0.1333184170718791, 0.3717776517715109, 1.0]",
  "1783615145.8478155": "[0.6863061039151581, -0.7226775270162009, 0.08198245955412957, 0.0, -0.7239331040303947, -0.6896172977960708, -0.018677351775975508, 0.0, 0.07003422461706811, -0.0465314358922447, -0.9964587461887686, 0.0, 0.48250700453365375, 0.1333184170718791, 0.3717776517715109, 1.0]",
  "1783615145.8811266": "[0.6863079514767896, -0.7226753844216622, 0.08198587982534093, 0.0, -0.7239307929024166, -0.6896196011060574, -0.0186818858255949, 0.0, 0.07004000876221418, -0.046530576198074, -0.9964583797887716, 0.0, 0.48250812720744457, 0.133317736572461, 0.3717801909048488, 1.0]",
  "1783615145.914758": "[0.6863079514767896, -0.7226753844216622, 0.08198587982534093, 0.0, -0.7239307929024166, -0.6896196011060574, -0.0186818858255949, 0.0, 0.07004000876221418, -0.046530576198074, -0.9964583797887716, 0.0, 0.48250812720744457, 0.133317736572461, 0.3717801909048488, 1.0]",
  "1783615145.9477837": "[0.686303189895732, -0.7226799064729023, 0.08198587877958066, 0.0, -0.7239352678267469, -0.6896148769517636, -0.018682866038710975, 0.0, 0.07004041358786414, -0.04653035855354494, -0.996458361497017, 0.0, 0.48250837404486324, 0.13331743431192727, 0.37178041182329924, 1.0]",
  "1783615145.9811878": "[0.686303189895732, -0.7226799064729023, 0.08198587877958066, 0.0, -0.7239352678267469, -0.6896148769517636, -0.018682866038710975, 0.0, 0.07004041358786414, -0.04653035855354494, -0.996458361497017, 0.0, 0.48250837404486324, 0.13331743431192727, 0.37178041182329924, 1.0]",
  "1783615146.0144897": "[0.6863041520160074, -0.7226791645454852, 0.08198436471320898, 0.0, -0.723934464475852, -0.6896157253691035, -0.018682678279798054, 0.0, 0.07003928947134129, -0.04652930748984521, -0.9964584895894384, 0.0, 0.4825075888085196, 0.13331838107004512, 0.3717800686777012, 1.0]",
  "1783615146.04784": "[0.6863041520160074, -0.7226791645454852, 0.08198436471320898, 0.0, -0.723934464475852, -0.6896157253691035, -0.018682678279798054, 0.0, 0.07003928947134129, -0.04652930748984521, -0.9964584895894384, 0.0, 0.4825075888085196, 0.13331838107004512, 0.3717800686777012, 1.0]",
  "1783615146.0813954": "[0.6863086883017979, -0.7226745675859987, 0.08198691191803423, 0.0, -0.7239299167151951, -0.689620480864855, -0.01868336309279789, 0.0, 0.07004184496567917, -0.046530223899274206, -0.9964582671731355, 0.0, 0.4825083253441244, 0.13331790294867485, 0.3717809236301462, 1.0]",
  "1783615146.1145918": "[0.6863086883017979, -0.7226745675859987, 0.08198691191803423, 0.0, -0.7239299167151951, -0.689620480864855, -0.01868336309279789, 0.0, 0.07004184496567917, -0.046530223899274206, -0.9964582671731355, 0.0, 0.4825083253441244, 0.13331790294867485, 0.3717809236301462, 1.0]",
  "1783615146.1478562": "[0.686302729610073, -0.7226806500339863, 0.08198317751964711, 0.0, -0.7239358505775858, -0.6896142506844616, -0.018683401762426548, 0.0, 0.07003890046445917, -0.046528091722783944, -0.9964585737010676, 0.0, 0.4825083834048925, 0.13331544002525927, 0.3717802689723712, 1.0]",
  "1783615146.1812835": "[0.686302729610073, -0.7226806500339863, 0.08198317751964711, 0.0, -0.7239358505775858, -0.6896142506844616, -0.018683401762426548, 0.0, 0.07003890046445917, -0.046528091722783944, -0.9964585737010676, 0.0, 0.4825083834048925, 0.13331544002525927, 0.3717802689723712, 1.0]",
  "1783615146.2168558": "[0.6863030824752215, -0.7226800588180793, 0.08198543511933495, 0.0, -0.723935265873338, -0.6896148272686367, -0.018684775517717654, 0.0, 0.07004148634851101, -0.04652872873768988, -0.9964583621969085, 0.0, 0.4825087448088071, 0.13331534473504952, 0.3717803934779616, 1.0]",
  "1783615146.248052": "[0.6863030824752215, -0.7226800588180793, 0.08198543511933495, 0.0, -0.723935265873338, -0.6896148272686367, -0.018684775517717654, 0.0, 0.07004148634851101, -0.04652872873768988, -0.9964583621969085, 0.0, 0.4825087448088071, 0.13331534473504952, 0.3717803934779616, 1.0]",
  "1783615146.2816348": "[0.6863069961667019, -0.7226766434058256, 0.08198277921812497, 0.0, -0.723932030259079, -0.6896183475769966, -0.018680210120355194, 0.0, 0.07003658028206688, -0.04652960091019525, -0.9964586663086088, 0.0, 0.4825079928749563, 0.13331866894740638, 0.3717786366573712, 1.0]",
  "1783615146.3146133": "[0.6863069961667019, -0.7226766434058256, 0.08198277921812497, 0.0, -0.723932030259079, -0.6896183475769966, -0.018680210120355194, 0.0, 0.07003658028206688, -0.04652960091019525, -0.9964586663086088, 0.0, 0.4825079928749563, 0.13331866894740638, 0.3717786366573712, 1.0]",
  "1783615146.347921": "[0.686305214259563, -0.7226783509531534, 0.08198264416183515, 0.0, -0.7239335454334335, -0.6896166821302454, -0.018682974170358344, 0.0, 0.07003838002348425, -0.04652776366109125, -0.9964586255998704, 0.0, 0.48250772998839137, 0.13331870885222008, 0.3717794131341252, 1.0]",
  "1783615146.3810601": "[0.686305214259563, -0.7226783509531534, 0.08198264416183515, 0.0, -0.7239335454334335, -0.6896166821302454, -0.018682974170358344, 0.0, 0.07003838002348425, -0.04652776366109125, -0.9964586255998704, 0.0, 0.48250772998839137, 0.13331870885222008, 0.3717794131341252, 1.0]",
  "1783615146.4144719": "[0.6863028809838587, -0.7226804192174331, 0.08198394497077398, 0.0, -0.7239359936764224, -0.689614231125224, -0.018678578353226578, 0.0, 0.07003593801032841, -0.04653196653142824, -0.9964586009853758, 0.0, 0.4825073507997132, 0.1333171339185052, 0.3717782478782862, 1.0]",
  "1783615146.4477925": "[0.6863028809838587, -0.7226804192174331, 0.08198394497077398, 0.0, -0.7239359936764224, -0.689614231125224, -0.018678578353226578, 0.0, 0.07003593801032841, -0.04653196653142824, -0.9964586009853758, 0.0, 0.4825073507997132, 0.1333171339185052, 0.3717782478782862, 1.0]",
  "1783615146.4811184": "[0.6863060623980237, -0.7226770078846609, 0.08198738311834203, 0.0, -0.723932348747067, -0.6896179115806425, -0.018683962767824046, 0.0, 0.07004243823051248, -0.04653040191131035, -0.9964582171595044, 0.0, 0.48250865514629454, 0.13331774807743707, 0.37178155509251615, 1.0]",
  "1783615146.514569": "[0.6863060623980237, -0.7226770078846609, 0.08198738311834203, 0.0, -0.723932348747067, -0.6896179115806425, -0.018683962767824046, 0.0, 0.07004243823051248, -0.04653040191131035, -0.9964582171595044, 0.0, 0.48250865514629454, 0.13331774807743707, 0.37178155509251615, 1.0]",
  "1783615146.5477982": "[0.6863051490869045, -0.722678150544844, 0.08198495631447039, 0.0, -0.72393386940278, -0.6896165026914096, -0.018677043320281035, 0.0, 0.0700356699712397, -0.04653353565712439, -0.9964585465491913, 0.0, 0.4825073057370441, 0.13331704662540017, 0.3717781553070391, 1.0]",
  "1783615146.5811806": "[0.6863051490869045, -0.722678150544844, 0.08198495631447039, 0.0, -0.72393386940278, -0.6896165026914096, -0.018677043320281035, 0.0, 0.0700356699712397, -0.04653353565712439, -0.9964585465491913, 0.0, 0.4825073057370441, 0.13331704662540017, 0.3717781553070391, 1.0]",
  "1783615146.61448": "[0.6863053275113251, -0.7226780942623483, 0.08198395881459522, 0.0, -0.7239331150032908, -0.6896170437096363, -0.01868630586321989, 0.0, 0.07004171921936883, -0.0465263914195175, -0.9964584549645175, 0.0, 0.48250799743018363, 0.13331818648386423, 0.3717813182379989, 1.0]",
  "1783615146.6479313": "[0.6863053275113251, -0.7226780942623483, 0.08198395881459522, 0.0, -0.7239331150032908, -0.6896170437096363, -0.01868630586321989, 0.0, 0.07004171921936883, -0.0465263914195175, -0.9964584549645175, 0.0, 0.48250799743018363, 0.13331818648386423, 0.3717813182379989, 1.0]",
  "1783615146.6812813": "[0.6863075958138635, -0.7226760582331853, 0.0819829176398377, 0.0, -0.723931561274691, -0.6896188832584833, -0.018678609255273974, 0.0, 0.07003555181893634, -0.04653075015372845, -0.9964586849295605, 0.0, 0.4825065266865628, 0.133317386548378, 0.3717786329627772, 1.0]",
  "1783615146.7152777": "[0.6863075958138635, -0.7226760582331853, 0.0819829176398377, 0.0, -0.723931561274691, -0.6896188832584833, -0.018678609255273974, 0.0, 0.07003555181893634, -0.04653075015372845, -0.9964586849295605, 0.0, 0.4825065266865628, 0.133317386548378, 0.3717786329627772, 1.0]",
  "1783615146.7478876": "[0.6863035064675389, -0.7226797859996846, 0.08198429067699893, 0.0, -0.7239349534664049, -0.6896151611685957, -0.01868455608264944, 0.0, 0.07004056081981984, -0.04652801729991774, -0.9964584604719773, 0.0, 0.48250775217280845, 0.13331870974275045, 0.37178094587086147, 1.0]",
  "1783615146.7824304": "[0.6863035064675389, -0.7226797859996846, 0.08198429067699893, 0.0, -0.7239349534664049, -0.6896151611685957, -0.01868455608264944, 0.0, 0.07004056081981984, -0.04652801729991774, -0.9964584604719773, 0.0, 0.48250775217280845, 0.13331870974275045, 0.37178094587086147, 1.0]",
  "1783615146.814635": "[0.6863050388297045, -0.7226785833289286, 0.08198206434733518, 0.0, -0.7239339798947879, -0.689616313989357, -0.018679727873440063, 0.0, 0.07003560830499511, -0.04652961075944735, -0.9964587341641016, 0.0, 0.48250697377033946, 0.1333184519744178, 0.3717783694791198, 1.0]",
  "1783615146.847898": "[0.6863050388297045, -0.7226785833289286, 0.08198206434733518, 0.0, -0.7239339798947879, -0.689616313989357, -0.018679727873440063, 0.0, 0.07003560830499511, -0.04652961075944735, -0.9964587341641016, 0.0, 0.48250697377033946, 0.1333184519744178, 0.3717783694791198, 1.0]",
  "1783615146.8811383": "[0.6863029496472506, -0.7226806829677364, 0.08198104519198118, 0.0, -0.723936009641504, -0.6896141708179058, -0.018680186066213106, 0.0, 0.07003510012714864, -0.04652876392532114, -0.9964588094235314, 0.0, 0.4825073174452457, 0.13331682773553744, 0.3717786592497144, 1.0]",
  "1783615146.9146307": "[0.6863029496472506, -0.7226806829677364, 0.08198104519198118, 0.0, -0.723936009641504, -0.6896141708179058, -0.018680186066213106, 0.0, 0.07003510012714864, -0.04652876392532114, -0.9964588094235314, 0.0, 0.4825073174452457, 0.13331682773553744, 0.3717786592497144, 1.0]",
  "1783615146.9478664": "[0.6863061776548378, -0.7226772543708506, 0.08198424560740344, 0.0, -0.7239327467569401, -0.6896176084458765, -0.018679729503989412, 0.0, 0.07003719501635014, -0.046531066357853895, -0.996458554671414, 0.0, 0.48250706670582155, 0.13331757574791323, 0.3717792500413455, 1.0]",
  "1783615146.9811323": "[0.6863061776548378, -0.7226772543708506, 0.08198424560740344, 0.0, -0.7239327467569401, -0.6896176084458765, -0.018679729503989412, 0.0, 0.07003719501635014, -0.046531066357853895, -0.996458554671414, 0.0, 0.48250706670582155, 0.13331757574791323, 0.3717792500413455, 1.0]",
  "1783615147.014569": "[0.6863062642669839, -0.7226768626369011, 0.08198697358228457, 0.0, -0.7239321550720288, -0.6896181039033467, -0.01868436837360256, 0.0, 0.07004246198317612, -0.04652980741458142, -0.9964582432502112, 0.0, 0.4825070300801785, 0.13331861411164203, 0.3717806117787287, 1.0]",
  "1783615147.0479994": "[0.6863062642669839, -0.7226768626369011, 0.08198697358228457, 0.0, -0.7239321550720288, -0.6896181039033467, -0.01868436837360256, 0.0, 0.07004246198317612, -0.04652980741458142, -0.9964582432502112, 0.0, 0.4825070300801785, 0.13331861411164203, 0.3717806117787287, 1.0]",
  "1783615147.0811448": "[0.6863132933813078, -0.7226705797019441, 0.08198351396078846, 0.0, -0.7239261881576464, -0.6896245637012992, -0.01867713145352809, 0.0, 0.07003525846059869, -0.046531649154616314, -0.9964586635677912, 0.0, 0.4825063610443262, 0.13332009991600843, 0.37177835305123846, 1.0]",
  "1783615147.1158783": "[0.6863132933813078, -0.7226705797019441, 0.08198351396078846, 0.0, -0.7239261881576464, -0.6896245637012992, -0.01867713145352809, 0.0, 0.07003525846059869, -0.046531649154616314, -0.9964586635677912, 0.0, 0.4825063610443262, 0.13332009991600843, 0.37177835305123846, 1.0]",
  "1783615147.147923": "[0.6863030545385407, -0.7226803340321918, 0.08198324300848583, 0.0, -0.7239357819771618, -0.6896144174563879, -0.018679903891655206, 0.0, 0.0700364255525931, -0.04653052803704255, -0.9964586338912464, 0.0, 0.4825077267548089, 0.13331604497586513, 0.37177844461773896, 1.0]",
  "1783615147.1812325": "[0.6863030545385407, -0.7226803340321918, 0.08198324300848583, 0.0, -0.7239357819771618, -0.6896144174563879, -0.018679903891655206, 0.0, 0.0700364255525931, -0.04653052803704255, -0.9964586338912464, 0.0, 0.4825077267548089, 0.13331604497586513, 0.37177844461773896, 1.0]",
  "1783615147.2152767": "[0.6863007920557729, -0.7226821167779235, 0.08198646786512057, 0.0, -0.7239373687118905, -0.6896126145632118, -0.018684967695862323, 0.0, 0.07004219446964144, -0.0465295596870505, -0.9964582736217338, 0.0, 0.48250896014347544, 0.13331637389217788, 0.37178162688100247, 1.0]",
  "1783615147.2478645": "[0.6863007920557729, -0.7226821167779235, 0.08198646786512057, 0.0, -0.7239373687118905, -0.6896126145632118, -0.018684967695862323, 0.0, 0.07004219446964144, -0.0465295596870505, -0.9964582736217338, 0.0, 0.48250896014347544, 0.13331637389217788, 0.37178162688100247, 1.0]",
  "1783615147.2811177": "[0.686303868610364, -0.7226793849561834, 0.0819847942596722, 0.0, -0.7239345640812538, -0.6896155660641392, -0.018684698834132027, 0.0, 0.07004103696357786, -0.04652824519998269, -0.9964584163625081, 0.0, 0.4825074964724022, 0.1333182616201173, 0.3717813704507944, 1.0]",
  "1783615147.314885": "[0.686303868610364, -0.7226793849561834, 0.0819847942596722, 0.0, -0.7239345640812538, -0.6896155660641392, -0.018684698834132027, 0.0, 0.07004103696357786, -0.04652824519998269, -0.9964584163625081, 0.0, 0.4825074964724022, 0.1333182616201173, 0.3717813704507944, 1.0]",
  "1783615147.3478937": "[0.6863060902806335, -0.7226772558610354, 0.08198496389506144, 0.0, -0.7239323894751432, -0.6896178322324036, -0.018685313374143427, 0.0, 0.07004174407109362, -0.04652772644610834, -0.9964583908820455, 0.0, 0.48250789335655947, 0.13331877192828998, 0.37177975031775545, 1.0]",
  "1783615147.381288": "[0.6863060902806335, -0.7226772558610354, 0.08198496389506144, 0.0, -0.7239323894751432, -0.6896178322324036, -0.018685313374143427, 0.0, 0.07004174407109362, -0.04652772644610834, -0.9964583908820455, 0.0, 0.48250789335655947, 0.13331877192828998, 0.37177975031775545, 1.0]",
  "1783615147.4173949": "[0.6863057756454056, -0.7226776287712126, 0.08198431062938547, 0.0, -0.7239327036675712, -0.6896174908928094, -0.018685738285290444, 0.0, 0.07004157962466664, -0.04652699354485972, -0.9964584366622413, 0.0, 0.48250716149374234, 0.13331769049229994, 0.37178165627300563, 1.0]",
  "1783615147.4478357": "[0.6863057756454056, -0.7226776287712126, 0.08198431062938547, 0.0, -0.7239327036675712, -0.6896174908928094, -0.018685738285290444, 0.0, 0.07004157962466664, -0.04652699354485972, -0.9964584366622413, 0.0, 0.48250716149374234, 0.13331769049229994, 0.37178165627300563, 1.0]",
  "1783615147.4813218": "[0.6863031244234317, -0.7226801831176699, 0.08198398828824358, 0.0, -0.7239354245491509, -0.6896146998816683, -0.018683329198985597, 0.0, 0.0700394352452699, -0.04652868616378688, -0.9964585083556647, 0.0, 0.48250779100367475, 0.13331613066306147, 0.3717809982972421, 1.0]",
  "1783615147.5146255": "[0.6863031244234317, -0.7226801831176699, 0.08198398828824358, 0.0, -0.7239354245491509, -0.6896146998816683, -0.018683329198985597, 0.0, 0.0700394352452699, -0.04652868616378688, -0.9964585083556647, 0.0, 0.48250779100367475, 0.13331613066306147, 0.3717809982972421, 1.0]",
  "1783615147.5479572": "[0.6863073635749892, -0.7226763590094218, 0.08198221045832166, 0.0, -0.7239318397859416, -0.6896185945372781, -0.018678474578247076, 0.0, 0.07003494875338481, -0.04653035780341186, -0.9964587456366654, 0.0, 0.4825071707155467, 0.13331848412861735, 0.37177818359950454, 1.0]",
  "1783615147.582414": "[0.6863073635749892, -0.7226763590094218, 0.08198221045832166, 0.0, -0.7239318397859416, -0.6896185945372781, -0.018678474578247076, 0.0, 0.07003494875338481, -0.04653035780341186, -0.9964587456366654, 0.0, 0.4825071707155467, 0.13331848412861735, 0.37177818359950454, 1.0]",
  "1783615147.6144762": "[0.6863101738368815, -0.7226739647958175, 0.08197978954768714, 0.0, -0.7239294324780058, -0.6896211647947228, -0.018676880340200763, 0.0, 0.07003229312297218, -0.04652944952890968, -0.9964589746931254, 0.0, 0.4825072177989106, 0.13331853625192647, 0.3717770553341511, 1.0]",
  "1783615147.6478066": "[0.6863101738368815, -0.7226739647958175, 0.08197978954768714, 0.0, -0.7239294324780058, -0.6896211647947228, -0.018676880340200763, 0.0, 0.07003229312297218, -0.04652944952890968, -0.9964589746931254, 0.0, 0.4825072177989106, 0.13331853625192647, 0.3717770553341511, 1.0]",
  "1783615147.6811922": "[0.6863050229837027, -0.72267841376123, 0.08198369173739266, 0.0, -0.7239337831878209, -0.6896164809124925, -0.01868118875338127, 0.0, 0.070037796843623, -0.04652977044240252, -0.9964585728849289, 0.0, 0.4825079611991937, 0.13331784703585578, 0.37177983362285943, 1.0]",
  "1783615147.714871": "[0.6863050229837027, -0.72267841376123, 0.08198369173739266, 0.0, -0.7239337831878209, -0.6896164809124925, -0.01868118875338127, 0.0, 0.070037796843623, -0.04652977044240252, -0.9964585728849289, 0.0, 0.4825079611991937, 0.13331784703585578, 0.37177983362285943, 1.0]",
  "1783615147.7479918": "[0.6863060070266026, -0.7226772053443465, 0.08198610610881538, 0.0, -0.7239324994317501, -0.6896177580967406, -0.018683789340605793, 0.0, 0.07004142335575425, -0.04652960985555404, -0.9964583254812966, 0.0, 0.48250809455656773, 0.13331923174680027, 0.3717813975484897, 1.0]",
  "1783615147.7813041": "[0.6863060070266026, -0.7226772053443465, 0.08198610610881538, 0.0, -0.7239324994317501, -0.6896177580967406, -0.018683789340605793, 0.0, 0.07004142335575425, -0.04652960985555404, -0.9964583254812966, 0.0, 0.48250809455656773, 0.13331923174680027, 0.3717813975484897, 1.0]",
  "1783615147.8147216": "[0.6863063078517768, -0.7226773293634672, 0.08198249463726304, 0.0, -0.7239328500673405, -0.6896175424299269, -0.018678162818804803, 0.0, 0.07003485129733383, -0.046530880036756025, -0.9964587281000481, 0.0, 0.4825072731461323, 0.1333171332266823, 0.3717781889678671, 1.0]",
  "1783615147.8478088": "[0.6863063078517768, -0.7226773293634672, 0.08198249463726304, 0.0, -0.7239328500673405, -0.6896175424299269, -0.018678162818804803, 0.0, 0.07003485129733383, -0.046530880036756025, -0.9964587281000481, 0.0, 0.4825072731461323, 0.1333171332266823, 0.3717781889678671, 1.0]",
  "1783615147.8816721": "[0.6863059126515649, -0.722677552615518, 0.0819838350234231, 0.0, -0.7239327816638754, -0.689617477178434, -0.018683222485856445, 0.0, 0.07003943097931592, -0.04652837968055099, -0.9964585229664085, 0.0, 0.48250764921687966, 0.13331869574273458, 0.3717807811968664, 1.0]",
  "1783615147.9148693": "[0.6863059126515649, -0.722677552615518, 0.0819838350234231, 0.0, -0.7239327816638754, -0.689617477178434, -0.018683222485856445, 0.0, 0.07003943097931592, -0.04652837968055099, -0.9964585229664085, 0.0, 0.48250764921687966, 0.13331869574273458, 0.3717807811968664, 1.0]",
  "1783615147.9478006": "[0.6863057639620197, -0.7226776051311571, 0.08198461681561947, 0.0, -0.7239328724048933, -0.6896173824196645, -0.01868320412164133, 0.0, 0.07003995005787103, -0.046528968466384504, -0.9964584589883039, 0.0, 0.4825080663219307, 0.13331788797692523, 0.3717804032047714, 1.0]",
  "1783615147.9825027": "[0.6863057639620197, -0.7226776051311571, 0.08198461681561947, 0.0, -0.7239328724048933, -0.6896173824196645, -0.01868320412164133, 0.0, 0.07003995005787103, -0.046528968466384504, -0.9964584589883039, 0.0, 0.4825080663219307, 0.13331788797692523, 0.3717804032047714, 1.0]",
  "1783615148.014793": "[0.6863066265027689, -0.722676824844312, 0.08198427441486887, 0.0, -0.723932282605584, -0.689618082626752, -0.01868021187436676, 0.0, 0.07003759433231373, -0.046530709721064975, -0.9964585432585724, 0.0, 0.482507623194466, 0.13331956231506104, 0.371779179871342, 1.0]",
