{
  "1783615588.6303892": "[0.6900059750028018, -0.717848294301365, 0.09265840938119686, 0.0, -0.7173098868553877, -0.6952987144257874, -0.04501359724969423, 0.0, 0.09673820692954617, -0.035405142090767804, -0.9946799461302052, 0.0, 0.4849287386790029, 0.13591960388399968, 0.3815861178184526, 1.0]",
  "1783615588.6639094": "[0.6900012630051372, -0.717853507957927, 0.09265310660638366, 0.0, -0.7173156715755687, -0.695293226647149, -0.04500618058319841, 0.0, 0.09672892206267168, -0.03540720394347667, -0.9946807756991682, 0.0, 0.4849290759515807, 0.13591721223896278, 0.38158287142666264, 1.0]",
  "1783615588.6968908": "[0.6900012630051372, -0.717853507957927, 0.09265310660638366, 0.0, -0.7173156715755687, -0.695293226647149, -0.04500618058319841, 0.0, 0.09672892206267168, -0.03540720394347667, -0.9946807756991682, 0.0, 0.4849290759515807, 0.13591721223896278, 0.38158287142666264, 1.0]",
  "1783615588.7313032": "[0.6899989932419234, -0.7178547988562924, 0.09266000800843975, 0.0, -0.7173160905242044, -0.6952920426274216, -0.04501779352722379, 0.0, 0.09674200535550063, -0.03540428248079827, -0.9946796073016761, 0.0, 0.4849296862025322, 0.13591671787043996, 0.3815888023627397, 1.0]",
  "1783615588.7645028": "[0.6899989932419234, -0.7178547988562924, 0.09266000800843975, 0.0, -0.7173160905242044, -0.6952920426274216, -0.04501779352722379, 0.0, 0.09674200535550063, -0.03540428248079827, -0.9946796073016761, 0.0, 0.4849296862025322, 0.13591671787043996, 0.3815888023627397, 1.0]",
  "1783615588.798792": "[0.6900002549025854, -0.7178541924649622, 0.09265531066724851, 0.0, -0.7173162401323043, -0.6952925067824176, -0.04500823985312534, 0.0, 0.0967318968945695, -0.0354074621047481, -0.994680477213904, 0.0, 0.48492980244405864, 0.13591582873232372, 0.38158369289550187, 1.0]",
  "1783615588.830227": "[0.6900002549025854, -0.7178541924649622, 0.09265531066724851, 0.0, -0.7173162401323043, -0.6952925067824176, -0.04500823985312534, 0.0, 0.0967318968945695, -0.0354074621047481, -0.994680477213904, 0.0, 0.48492980244405864, 0.13591582873232372, 0.38158369289550187, 1.0]",
  "1783615588.8635588": "[0.6899954716226195, -0.7178580668119107, 0.09266091437788292, 0.0, -0.7173193097435532, -0.6952886506457083, -0.045018886617754425, 0.0, 0.09674325304284152, -0.03540463523800676, -0.9946794733955016, 0.0, 0.4849302565885888, 0.13591505799549067, 0.38158885121870556, 1.0]",
  "1783615588.8968916": "[0.6899954716226195, -0.7178580668119107, 0.09266091437788292, 0.0, -0.7173193097435532, -0.6952886506457083, -0.045018886617754425, 0.0, 0.09674325304284152, -0.03540463523800676, -0.9946794733955016, 0.0, 0.4849302565885888, 0.13591505799549067, 0.38158885121870556, 1.0]",
  "1783615588.930232": "[0.6900005218311067, -0.7178537212269701, 0.09265697379793846, 0.0, -0.7173155729650958, -0.6952930273585771, -0.04501083078883697, 0.0, 0.09673494019513708, -0.03540679351673093, -0.9946802050499985, 0.0, 0.48493090836469893, 0.13591538067107298, 0.381585435867684, 1.0]",
  "1783615588.9635434": "[0.6900005218311067, -0.7178537212269701, 0.09265697379793846, 0.0, -0.7173155729650958, -0.6952930273585771, -0.04501083078883697, 0.0, 0.09673494019513708, -0.03540679351673093, -0.9946802050499985, 0.0, 0.48493090836469893, 0.13591538067107298, 0.381585435867684, 1.0]",
  "1783615588.996887": "[0.690003623392934, -0.7178501664288157, 0.09266141733614804, 0.0, -0.7173115244908446, -0.695296787468094, -0.0450172652342213, 0.0, 0.09674283713662, -0.035405026404021274, -0.9946794999235118, 0.0, 0.48493069496884206, 0.13591717734665767, 0.38158829215656836, 1.0]",
  "1783615589.0302536": "[0.690003623392934, -0.7178501664288157, 0.09266141733614804, 0.0, -0.7173115244908446, -0.695296787468094, -0.0450172652342213, 0.0, 0.09674283713662, -0.035405026404021274, -0.9946794999235118, 0.0, 0.48493069496884206, 0.13591717734665767, 0.38158829215656836, 1.0]",
  "1783615589.0635502": "[0.6900005120298112, -0.7178541608891639, 0.0926536404719903, 0.0, -0.7173162868473607, -0.6952925507398553, -0.045006816252446416, 0.0, 0.09672971633429629, -0.03540723908723875, -0.9946806972079565, 0.0, 0.4849294705350473, 0.13591635462448376, 0.3815823963204412, 1.0]",
  "1783615589.0968778": "[0.6900005120298112, -0.7178541608891639, 0.0926536404719903, 0.0, -0.7173162868473607, -0.6952925507398553, -0.045006816252446416, 0.0, 0.09672971633429629, -0.03540723908723875, -0.9946806972079565, 0.0, 0.4849294705350473, 0.13591635462448376, 0.3815823963204412, 1.0]",
  "1783615589.1302178": "[0.6899948815052078, -0.717859385923194, 0.0926550891132756, 0.0, -0.717321079806115, -0.695287257046989, -0.045012205609847575, 0.0, 0.09673433703914745, -0.03540525709621184, -0.9946803183975983, 0.0, 0.4849299351995865, 0.13591543296713432, 0.3815855319578113, 1.0]",
  "1783615589.163601": "[0.6899948815052078, -0.717859385923194, 0.0926550891132756, 0.0, -0.717321079806115, -0.695287257046989, -0.045012205609847575, 0.0, 0.09673433703914745, -0.03540525709621184, -0.9946803183975983, 0.0, 0.4849299351995865, 0.13591543296713432, 0.3815855319578113, 1.0]",
  "1783615589.1969755": "[0.6900010198675042, -0.7178533165614963, 0.09265640012143964, 0.0, -0.7173150588907261, -0.6952935006494969, -0.0450117122887154, 0.0, 0.09673519974858244, -0.03540570372451685, -0.9946802185996129, 0.0, 0.4849292033800176, 0.1359176684010304, 0.3815853880953862, 1.0]",
  "1783615589.2302752": "[0.6900010198675042, -0.7178533165614963, 0.09265640012143964, 0.0, -0.7173150588907261, -0.6952935006494969, -0.0450117122887154, 0.0, 0.09673519974858244, -0.03540570372451685, -0.9946802185996129, 0.0, 0.4849292033800176, 0.1359176684010304, 0.3815853880953862, 1.0]",
  "1783615589.2638566": "[0.6900013980256448, -0.7178527749243915, 0.09265778033174893, 0.0, -0.7173144137995313, -0.6952940671167178, -0.045013242359642616, 0.0, 0.09673728587308275, -0.03540556122481364, -0.9946800207887287, 0.0, 0.4849301615325112, 0.13591472161146873, 0.3815852172197093, 1.0]",
  "1783615589.2968862": "[0.6900013980256448, -0.7178527749243915, 0.09265778033174893, 0.0, -0.7173144137995313, -0.6952940671167178, -0.045013242359642616, 0.0, 0.09673728587308275, -0.03540556122481364, -0.9946800207887287, 0.0, 0.4849301615325112, 0.13591472161146873, 0.3815852172197093, 1.0]",
  "1783615589.3302908": "[0.6899939089612108, -0.7178602996251003, 0.09265525251484501, 0.0, -0.717322393178713, -0.6952861595315531, -0.045008228228043845, 0.0, 0.09673153488285131, -0.035408284144040306, -0.9946804831568692, 0.0, 0.48492957513443846, 0.1359137855568587, 0.38158423821858717, 1.0]",
  "1783615589.3635592": "[0.6899939089612108, -0.7178602996251003, 0.09265525251484501, 0.0, -0.717322393178713, -0.6952861595315531, -0.045008228228043845, 0.0, 0.09673153488285131, -0.035408284144040306, -0.9946804831568692, 0.0, 0.48492957513443846, 0.1359137855568587, 0.38158423821858717, 1.0]",
  "1783615589.3968923": "[0.6900022327021427, -0.717852439462539, 0.09265416355318366, 0.0, -0.7173145233625458, -0.695294338383196, -0.04500730591179222, 0.0, 0.09673051968857606, -0.03540703559966231, -0.9946806263272763, 0.0, 0.48492882386011466, 0.13591628148385348, 0.38158377842310515, 1.0]",
  "1783615589.430417": "[0.6900022327021427, -0.717852439462539, 0.09265416355318366, 0.0, -0.7173145233625458, -0.695294338383196, -0.04500730591179222, 0.0, 0.09673051968857606, -0.03540703559966231, -0.9946806263272763, 0.0, 0.48492882386011466, 0.13591628148385348, 0.38158377842310515, 1.0]",
  "1783615589.463549": "[0.6899972554990184, -0.7178572076370067, 0.09265428671908302, 0.0, -0.7173192563570105, -0.6952894047590938, -0.04500808915262531, 0.0, 0.09673092506147069, -0.035407246057055274, -0.9946805794140186, 0.0, 0.48493045707601246, 0.13591477353216735, 0.38158386180356385, 1.0]",
  "1783615589.4968848": "[0.6899972554990184, -0.7178572076370067, 0.09265428671908302, 0.0, -0.7173192563570105, -0.6952894047590938, -0.04500808915262531, 0.0, 0.09673092506147069, -0.035407246057055274, -0.9946805794140186, 0.0, 0.48493045707601246, 0.13591477353216735, 0.38158386180356385, 1.0]",
  "1783615589.5302289": "[0.689998598909292, -0.7178555812759287, 0.09265688282158237, 0.0, -0.7173174634695839, -0.6952910899175286, -0.045010630776042934, 0.0, 0.09673463756471125, -0.035407127987082856, -0.9946802225755422, 0.0, 0.4849300382948452, 0.1359169004807519, 0.3815852060314754, 1.0]",
  "1783615589.5718653": "[0.689998598909292, -0.7178555812759287, 0.09265688282158237, 0.0, -0.7173174634695839, -0.6952910899175286, -0.045010630776042934, 0.0, 0.09673463756471125, -0.035407127987082856, -0.9946802225755422, 0.0, 0.4849300382948452, 0.1359169004807519, 0.3815852060314754, 1.0]",
  "1783615589.5985942": "[0.689998021667134, -0.7178564321860477, 0.0926545890097177, 0.0, -0.7173186792411212, -0.6952901289199995, -0.04500610001082015, 0.0, 0.09672973951797197, -0.03540874744366052, -0.9946806412599254, 0.0, 0.48492957584229746, 0.13591533429805627, 0.38158344894726337, 1.0]",
  "1783615589.6302807": "[0.689998021667134, -0.7178564321860477, 0.0926545890097177, 0.0, -0.7173186792411212, -0.6952901289199995, -0.04500610001082015, 0.0, 0.09672973951797197, -0.03540874744366052, -0.9946806412599254, 0.0, 0.48492957584229746, 0.13591533429805627, 0.38158344894726337, 1.0]",
  "1783615589.6636522": "[0.6900019830247826, -0.7178523437142067, 0.09265676470656688, 0.0, -0.7173140811151081, -0.6952945023738153, -0.04501182070008567, 0.0, 0.09673558009262025, -0.03540575649197473, -0.994680179731845, 0.0, 0.4849300629275615, 0.1359160405830295, 0.3815859613079953, 1.0]",
  "1783615589.6968994": "[0.6900019830247826, -0.7178523437142067, 0.09265676470656688, 0.0, -0.7173140811151081, -0.6952945023738153, -0.04501182070008567, 0.0, 0.09673558009262025, -0.03540575649197473, -0.994680179731845, 0.0, 0.4849300629275615, 0.1359160405830295, 0.3815859613079953, 1.0]",
  "1783615589.7305574": "[0.6899963382317595, -0.7178579954622262, 0.09265501377538922, 0.0, -0.7173198857947358, -0.6952886285642039, -0.04501004813077946, 0.0, 0.0967328003843075, -0.0354065155057988, -0.9946804230452848, 0.0, 0.48492994960021424, 0.13591628239569783, 0.3815841959664663, 1.0]",
  "1783615589.763752": "[0.6899963382317595, -0.7178579954622262, 0.09265501377538922, 0.0, -0.7173198857947358, -0.6952886285642039, -0.04501004813077946, 0.0, 0.0967328003843075, -0.0354065155057988, -0.9946804230452848, 0.0, 0.48492994960021424, 0.13591628239569783, 0.3815841959664663, 1.0]",
  "1783615589.7968907": "[0.6900018311753314, -0.717852520224913, 0.09265652800224146, 0.0, -0.7173143343018803, -0.6952942969592604, -0.0450109588986754, 0.0, 0.0967347857791586, -0.03540621163960776, -0.9946802407797151, 0.0, 0.4849288330619299, 0.13591749726134023, 0.3815858197701292, 1.0]",
  "1783615589.8302083": "[0.6900018311753314, -0.717852520224913, 0.09265652800224146, 0.0, -0.7173143343018803, -0.6952942969592604, -0.0450109588986754, 0.0, 0.0967347857791586, -0.03540621163960776, -0.9946802407797151, 0.0, 0.4849288330619299, 0.13591749726134023, 0.3815858197701292, 1.0]",
  "1783615589.8636198": "[0.690002332446754, -0.7178521287903733, 0.09265582771293156, 0.0, -0.7173141569305704, -0.6952946411569623, -0.04500846859642856, 0.0, 0.096732525476305, -0.035407388629213506, -0.9946804187001148, 0.0, 0.48492970615751874, 0.13591580684276328, 0.38158433019155125, 1.0]",
  "1783615589.8969114": "[0.690002332446754, -0.7178521287903733, 0.09265582771293156, 0.0, -0.7173141569305704, -0.6952946411569623, -0.04500846859642856, 0.0, 0.096732525476305, -0.035407388629213506, -0.9946804187001148, 0.0, 0.48492970615751874, 0.13591580684276328, 0.38158433019155125, 1.0]",
  "1783615589.9302225": "[0.6900011907570698, -0.7178531600025528, 0.09265634046396969, 0.0, -0.7173150223269995, -0.6952936204710092, -0.045010444080592786, 0.0, 0.09673425193715969, -0.03540652491653696, -0.9946802815455289, 0.0, 0.4849297832025478, 0.13591654108948742, 0.3815857316739692, 1.0]",
  "1783615589.9635413": "[0.6900011907570698, -0.7178531600025528, 0.09265634046396969, 0.0, -0.7173150223269995, -0.6952936204710092, -0.045010444080592786, 0.0, 0.09673425193715969, -0.03540652491653696, -0.9946802815455289, 0.0, 0.4849297832025478, 0.13591654108948742, 0.3815857316739692, 1.0]",
  "1783615589.9973202": "[0.6900019355997428, -0.7178525812517211, 0.09265527755530038, 0.0, -0.7173146034803162, -0.6952941873556602, -0.04500836214870917, 0.0, 0.09673204485838884, -0.03540712667915539, -0.9946804747645555, 0.0, 0.4849290895752542, 0.1359168613708555, 0.38158440419300427, 1.0]",
  "1783615590.0302265": "[0.6900019355997428, -0.7178525812517211, 0.09265527755530038, 0.0, -0.7173146034803162, -0.6952941873556602, -0.04500836214870917, 0.0, 0.09673204485838884, -0.03540712667915539, -0.9946804747645555, 0.0, 0.4849290895752542, 0.1359168613708555, 0.38158440419300427, 1.0]",
  "1783615590.063561": "[0.690003027180357, -0.7178514786182734, 0.0926556912850039, 0.0, -0.7173134343888689, -0.6952953449851158, -0.04500911115845395, 0.0, 0.09673292783323159, -0.035406749181290526, -0.9946804023329419, 0.0, 0.48492980160446186, 0.13591590414369165, 0.3815842875630038, 1.0]",
  "1783615590.096897": "[0.690003027180357, -0.7178514786182734, 0.0926556912850039, 0.0, -0.7173134343888689, -0.6952953449851158, -0.04500911115845395, 0.0, 0.09673292783323159, -0.035406749181290526, -0.9946804023329419, 0.0, 0.48492980160446186, 0.13591590414369165, 0.3815842875630038, 1.0]",
  "1783615590.1305723": "[0.6900034076296102, -0.7178512449187675, 0.09265466867946603, 0.0, -0.7173130297808707, -0.6952956742490108, -0.04501047297241811, 0.0, 0.09673321438944094, -0.035405021383821574, -0.9946804359665959, 0.0, 0.48492970860368495, 0.13591776523573879, 0.3815854069192128, 1.0]",
  "1783615590.1636226": "[0.6900034076296102, -0.7178512449187675, 0.09265466867946603, 0.0, -0.7173130297808707, -0.6952956742490108, -0.04501047297241811, 0.0, 0.09673321438944094, -0.035405021383821574, -0.9946804359665959, 0.0, 0.48492970860368495, 0.13591776523573879, 0.3815854069192128, 1.0]",
  "1783615590.196904": "[0.690002257925426, -0.7178517964769683, 0.09265895721733106, 0.0, -0.7173134703700429, -0.6952950406303711, -0.04501323916912593, 0.0, 0.09673814802599645, -0.03540628149919893, -0.9946799113015707, 0.0, 0.4849305153965224, 0.13591644069342004, 0.38158682877637795, 1.0]",
  "1783615590.230239": "[0.690002257925426, -0.7178517964769683, 0.09265895721733106, 0.0, -0.7173134703700429, -0.6952950406303711, -0.04501323916912593, 0.0, 0.09673814802599645, -0.03540628149919893, -0.9946799113015707, 0.0, 0.4849305153965224, 0.13591644069342004, 0.38158682877637795, 1.0]",
  "1783615590.263757": "[0.6900023576935748, -0.7178515905271915, 0.09265980981466297, 0.0, -0.7173131740845119, -0.6952952668591152, -0.04501446620937225, 0.0, 0.09673963335733134, -0.03540601447343849, -0.9946797763486477, 0.0, 0.48493118848926153, 0.1359159664148299, 0.3815878136285904, 1.0]",
  "1783615590.297497": "[0.6900023576935748, -0.7178515905271915, 0.09265980981466297, 0.0, -0.7173131740845119, -0.6952952668591152, -0.04501446620937225, 0.0, 0.09673963335733134, -0.03540601447343849, -0.9946797763486477, 0.0, 0.48493118848926153, 0.1359159664148299, 0.3815878136285904, 1.0]",
  "1783615590.330249": "[0.6899986307470842, -0.7178557531128951, 0.09265531441783088, 0.0, -0.7173176330904596, -0.695290950018717, -0.04501008864211691, 0.0, 0.09673315266572154, -0.0354063912985852, -0.9946803932070654, 0.0, 0.4849291115745301, 0.13591728986989898, 0.3815851661550553, 1.0]",
  "1783615590.365686": "[0.6899986307470842, -0.7178557531128951, 0.09265531441783088, 0.0, -0.7173176330904596, -0.695290950018717, -0.04501008864211691, 0.0, 0.09673315266572154, -0.0354063912985852, -0.9946803932070654, 0.0, 0.4849291115745301, 0.13591728986989898, 0.3815851661550553, 1.0]",
  "1783615590.3978388": "[0.6900033130033554, -0.7178513343899963, 0.0926546801780418, 0.0, -0.7173131617879341, -0.6952955656447202, -0.045010046884947835, 0.0, 0.09673291048133835, -0.03540534012391065, -0.9946804541763747, 0.0, 0.4849297802763577, 0.13591838909172005, 0.38158454804674347, 1.0]",
  "1783615590.4305987": "[0.6900033130033554, -0.7178513343899963, 0.0926546801780418, 0.0, -0.7173131617879341, -0.6952955656447202, -0.045010046884947835, 0.0, 0.09673291048133835, -0.03540534012391065, -0.9946804541763747, 0.0, 0.4849297802763577, 0.13591838909172005, 0.38158454804674347, 1.0]",
  "1783615590.4635973": "[0.6900002869096244, -0.7178539578041067, 0.09265689035153121, 0.0, -0.7173159149357701, -0.6952927454959899, -0.04500973495264575, 0.0, 0.09673408005710762, -0.03540753204656022, -0.9946802624109299, 0.0, 0.4849286081424373, 0.13591664332549122, 0.3815851361873215, 1.0]",
  "1783615590.497025": "[0.6900002869096244, -0.7178539578041067, 0.09265689035153121, 0.0, -0.7173159149357701, -0.6952927454959899, -0.04500973495264575, 0.0, 0.09673408005710762, -0.03540753204656022, -0.9946802624109299, 0.0, 0.4849286081424373, 0.13591664332549122, 0.3815851361873215, 1.0]",
  "1783615590.530687": "[0.6900034648242741, -0.7178507525112799, 0.09265805766087382, 0.0, -0.7173125084729156, -0.6952961144257979, -0.045011981212573146, 0.0, 0.09673667204731634, -0.03540636077566886, -0.9946800520256918, 0.0, 0.4849290999092053, 0.13591841420098288, 0.38158482568981933, 1.0]",
  "1783615590.563664": "[0.6900034648242741, -0.7178507525112799, 0.09265805766087382, 0.0, -0.7173125084729156, -0.6952961144257979, -0.045011981212573146, 0.0, 0.09673667204731634, -0.03540636077566886, -0.9946800520256918, 0.0, 0.4849290999092053, 0.13591841420098288, 0.38158482568981933, 1.0]",
  "1783615590.5969822": "[0.6899971240913545, -0.7178571127111228, 0.09265600075391826, 0.0, -0.7173189576538557, -0.6952895368404066, -0.04501080926443149, 0.0, 0.09673407742903205, -0.03540657693569328, -0.9946802966650394, 0.0, 0.48492901990893317, 0.13591673336432633, 0.38158528743431086, 1.0]",
  "1783615590.6302466": "[0.6899971240913545, -0.7178571127111228, 0.09265600075391826, 0.0, -0.7173189576538557, -0.6952895368404066, -0.04501080926443149, 0.0, 0.09673407742903205, -0.03540657693569328, -0.9946802966650394, 0.0, 0.48492901990893317, 0.13591673336432633, 0.38158528743431086, 1.0]",
  "1783615590.6635776": "[0.6900009850052362, -0.717852889779671, 0.09265996614924672, 0.0, -0.717314434377939, -0.6952939303522516, -0.04501502691743288, 0.0, 0.09674007920640514, -0.03540591829475995, -0.9946797364100892, 0.0, 0.4849306851232764, 0.13591576207865888, 0.38158809090091356, 1.0]",
  "1783615590.6968994": "[0.6900009850052362, -0.717852889779671, 0.09265996614924672, 0.0, -0.717314434377939, -0.6952939303522516, -0.04501502691743288, 0.0, 0.09674007920640514, -0.03540591829475995, -0.9946797364100892, 0.0, 0.4849306851232764, 0.13591576207865888, 0.38158809090091356, 1.0]",
  "1783615590.7302446": "[0.6899985173686506, -0.7178551380882431, 0.09266092352968192, 0.0, -0.7173169456482721, -0.6952914802442298, -0.04501285356008491, 0.0, 0.09673905888987053, -0.03540844842826877, -0.99467974557895, 0.0, 0.48493102665699367, 0.1359149802779388, 0.38158679476093427, 1.0]",
  "1783615590.76359": "[0.6899985173686506, -0.7178551380882431, 0.09266092352968192, 0.0, -0.7173169456482721, -0.6952914802442298, -0.04501285356008491, 0.0, 0.09673905888987053, -0.03540844842826877, -0.99467974557895, 0.0, 0.48493102665699367, 0.1359149802779388, 0.38158679476093427, 1.0]",
  "1783615590.7970412": "[0.6899981253223217, -0.717856307622164, 0.092654782168837, 0.0, -0.7173183062702124, -0.6952903443826632, -0.045008715798960944, 0.0, 0.09673176593712877, -0.03540704188873742, -0.9946805049076684, 0.0, 0.4849287270495097, 0.13591679953926192, 0.38158388011779387, 1.0]",
  "1783615590.8306015": "[0.6899981253223217, -0.717856307622164, 0.092654782168837, 0.0, -0.7173183062702124, -0.6952903443826632, -0.045008715798960944, 0.0, 0.09673176593712877, -0.03540704188873742, -0.9946805049076684, 0.0, 0.4849287270495097, 0.13591679953926192, 0.38158388011779387, 1.0]",
  "1783615590.8635976": "[0.6900023675792111, -0.7178519582108177, 0.09265688764456664, 0.0, -0.7173139560401097, -0.695294803797039, -0.045009157767337965, 0.0, 0.09673376455597643, -0.03540765320847862, -0.994680288780821, 0.0, 0.48492939467131185, 0.13591450032740285, 0.3815847550337403, 1.0]",
  "1783615590.8968897": "[0.6900023675792111, -0.7178519582108177, 0.09265688764456664, 0.0, -0.7173139560401097, -0.695294803797039, -0.045009157767337965, 0.0, 0.09673376455597643, -0.03540765320847862, -0.994680288780821, 0.0, 0.48492939467131185, 0.13591450032740285, 0.3815847550337403, 1.0]",
  "1783615590.9305575": "[0.6900011058083775, -0.7178528592311119, 0.09265930324006272, 0.0, -0.7173146845424555, -0.6952938751103992, -0.04501189369180005, 0.0, 0.09673736260087828, -0.03540762245169816, -0.994679939955232, 0.0, 0.484930728639471, 0.1359148053740887, 0.3815861180793654, 1.0]",
  "1783615590.9643183": "[0.6900011058083775, -0.7178528592311119, 0.09265930324006272, 0.0, -0.7173146845424555, -0.6952938751103992, -0.04501189369180005, 0.0, 0.09673736260087828, -0.03540762245169816, -0.994679939955232, 0.0, 0.484930728639471, 0.1359148053740887, 0.3815861180793654, 1.0]",
  "1783615590.9969122": "[0.6900022889487338, -0.7178520682500718, 0.09265662067333545, 0.0, -0.7173138028913084, -0.6952947924171013, -0.0450117742292893, 0.0, 0.09673546106323751, -0.03540564569039445, -0.9946801952517847, 0.0, 0.4849284154310612, 0.13591658802792728, 0.3815863923034401, 1.0]",
  "1783615591.0306673": "[0.6900022889487338, -0.7178520682500718, 0.09265662067333545, 0.0, -0.7173138028913084, -0.6952947924171013, -0.0450117742292893, 0.0, 0.09673546106323751, -0.03540564569039445, -0.9946801952517847, 0.0, 0.4849284154310612, 0.13591658802792728, 0.3815863923034401, 1.0]",
  "1783615591.0637193": "[0.6900022882859325, -0.7178521950334151, 0.09265564335691955, 0.0, -0.717314156122201, -0.6952946014224108, -0.045009095298009436, 0.0, 0.09673284647353068, -0.03540682587522226, -0.9946804075151827, 0.0, 0.4849287412037445, 0.13591857036259894, 0.38158469110463245, 1.0]",
  "1783615591.0969532": "[0.6900022882859325, -0.7178521950334151, 0.09265564335691955, 0.0, -0.717314156122201, -0.6952946014224108, -0.045009095298009436, 0.0, 0.09673284647353068, -0.03540682587522226, -0.9946804075151827, 0.0, 0.4849287412037445, 0.13591857036259894, 0.38158469110463245, 1.0]",
  "1783615591.1306574": "[0.6900065547746594, -0.7178475681192886, 0.09265971785640283, 0.0, -0.7173093839733151, -0.6952993543345862, -0.045011726535767196, 0.0, 0.09673780042893275, -0.03540729878331367, -0.9946799088958425, 0.0, 0.4849283161821063, 0.1359191862734104, 0.38158683979314467, 1.0]",
  "1783615591.1635847": "[0.6900065547746594, -0.7178475681192886, 0.09265971785640283, 0.0, -0.7173093839733151, -0.6952993543345862, -0.045011726535767196, 0.0, 0.09673780042893275, -0.03540729878331367, -0.9946799088958425, 0.0, 0.4849283161821063, 0.1359191862734104, 0.38158683979314467, 1.0]",
  "1783615591.197323": "[0.6900035841160084, -0.7178500516604626, 0.09266259891743636, 0.0, -0.7173119022177729, -0.6952966979921094, -0.04501262820575688, 0.0, 0.09674031653753648, -0.03540911030145523, -0.9946795997022742, 0.0, 0.48492961625594067, 0.1359167310370306, 0.38158780922715607, 1.0]",
  "1783615591.2305849": "[0.6900035841160084, -0.7178500516604626, 0.09266259891743636, 0.0, -0.7173119022177729, -0.6952966979921094, -0.04501262820575688, 0.0, 0.09674031653753648, -0.03540911030145523, -0.9946795997022742, 0.0, 0.48492961625594067, 0.1359167310370306, 0.38158780922715607, 1.0]",
  "1783615591.263571": "[0.6900017534553562, -0.717852409987392, 0.09265796082273288, 0.0, -0.7173141236765448, -0.6952944137832149, -0.04501251088315113, 0.0, 0.09673690196964392, -0.03540615253241168, -0.9946800370773341, 0.0, 0.4849298038784476, 0.13591637215801095, 0.38158680871791695, 1.0]",
  "1783615591.2986104": "[0.6900017534553562, -0.717852409987392, 0.09265796082273288, 0.0, -0.7173141236765448, -0.6952944137832149, -0.04501251088315113, 0.0, 0.09673690196964392, -0.03540615253241168, -0.9946800370773341, 0.0, 0.4849298038784476, 0.13591637215801095, 0.38158680871791695, 1.0]",
  "1783615591.3331223": "[0.6900068229472331, -0.7178474171136642, 0.0926588907202473, 0.0, -0.7173091452305635, -0.695299562752723, -0.04501231169880846, 0.0, 0.0967376578942451, -0.03540626751174738, -0.994679959467377, 0.0, 0.4849296616586878, 0.13591778513104252, 0.381586046568213, 1.0]",
  "1783615591.3635526": "[0.6900068229472331, -0.7178474171136642, 0.0926588907202473, 0.0, -0.7173091452305635, -0.695299562752723, -0.04501231169880846, 0.0, 0.0967376578942451, -0.03540626751174738, -0.994679959467377, 0.0, 0.4849296616586878, 0.13591778513104252, 0.381586046568213, 1.0]",
  "1783615591.3968868": "[0.6900026080710948, -0.7178520524898152, 0.0926543662826898, 0.0, -0.7173142908386646, -0.6952946782111431, -0.04500576196318198, 0.0, 0.09672956638851843, -0.035408207910351076, -0.994680677302453, 0.0, 0.48492871667810444, 0.13591484166931336, 0.3815833273376366, 1.0]",
  "1783615591.430216": "[0.6900026080710948, -0.7178520524898152, 0.0926543662826898, 0.0, -0.7173142908386646, -0.6952946782111431, -0.04500576196318198, 0.0, 0.09672956638851843, -0.035408207910351076, -0.994680677302453, 0.0, 0.48492871667810444, 0.13591484166931336, 0.3815833273376366, 1.0]",
  "1783615591.4635532": "[0.6900007669029973, -0.7178534307221334, 0.09265739945486688, 0.0, -0.7173153010988824, -0.6952933115626008, -0.04501077321854455, 0.0, 0.09673520808214127, -0.03540710234931464, -0.9946801680040318, 0.0, 0.48492966205079363, 0.13591736426055318, 0.3815860804137394, 1.0]",
  "1783615591.4968922": "[0.6900007669029973, -0.7178534307221334, 0.09265739945486688, 0.0, -0.7173153010988824, -0.6952933115626008, -0.04501077321854455, 0.0, 0.09673520808214127, -0.03540710234931464, -0.9946801680040318, 0.0, 0.48492966205079363, 0.13591736426055318, 0.3815860804137394, 1.0]",
  "1783615591.5302193": "[0.6900075325877087, -0.7178467267790161, 0.09265895436963864, 0.0, -0.7173088101247853, -0.6953001469230924, -0.04500862812940286, 0.0, 0.09673508096645564, -0.03540879186556527, -0.9946801202241022, 0.0, 0.4849293116078828, 0.13591738763265054, 0.38158420520976627, 1.0]",
  "1783615591.5635738": "[0.6900075325877087, -0.7178467267790161, 0.09265895436963864, 0.0, -0.7173088101247853, -0.6953001469230924, -0.04500862812940286, 0.0, 0.09673508096645564, -0.03540879186556527, -0.9946801202241022, 0.0, 0.4849293116078828, 0.13591738763265054, 0.38158420520976627, 1.0]",
  "1783615591.5968807": "[0.6900032438710533, -0.7178509765924566, 0.09265796702216163, 0.0, -0.7173131442640235, -0.6952957335713603, -0.045007732041552506, 0.0, 0.09673353355214485, -0.03540929655782858, -0.9946802527464771, 0.0, 0.4849293468171724, 0.13591568776930038, 0.3815848557393877, 1.0]",
  "1783615591.6302154": "[0.6900032438710533, -0.7178509765924566, 0.09265796702216163, 0.0, -0.7173131442640235, -0.6952957335713603, -0.045007732041552506, 0.0, 0.09673353355214485, -0.03540929655782858, -0.9946802527464771, 0.0, 0.4849293468171724, 0.13591568776930038, 0.3815848557393877, 1.0]",
  "1783615591.6635625": "[0.6899966387015666, -0.7178574137286415, 0.09265728322892733, 0.0, -0.7173196768818753, -0.695289041043919, -0.04500700570255079, 0.0, 0.09673220631527901, -0.03541020981374426, -0.9946803493094276, 0.0, 0.48492937097010447, 0.13591477792786902, 0.38158384022688674, 1.0]",
  "1783615591.6985726": "[0.6899966387015666, -0.7178574137286415, 0.09265728322892733, 0.0, -0.7173196768818753, -0.695289041043919, -0.04500700570255079, 0.0, 0.09673220631527901, -0.03541020981374426, -0.9946803493094276, 0.0, 0.48492937097010447, 0.13591477792786902, 0.38158384022688674, 1.0]",
  "1783615591.7303019": "[0.6900069054885856, -0.7178473075840452, 0.09265912460412755, 0.0, -0.7173093427504567, -0.6952995583385773, -0.04500923213172549, 0.0, 0.09673560451547351, -0.035408574787990074, -0.9946800770350785, 0.0, 0.4849279058064835, 0.13591955128012978, 0.38158576868228317, 1.0]",
  "1783615591.7636673": "[0.6900069054885856, -0.7178473075840452, 0.09265912460412755, 0.0, -0.7173093427504567, -0.6952995583385773, -0.04500923213172549, 0.0, 0.09673560451547351, -0.035408574787990074, -0.9946800770350785, 0.0, 0.4849279058064835, 0.13591955128012978, 0.38158576868228317, 1.0]",
  "1783615591.7969022": "[0.6900022825793499, -0.7178519050834763, 0.09265793222013269, 0.0, -0.7173136697178636, -0.6952949192915217, -0.04501193667560247, 0.0, 0.09673649399879447, -0.035406462339809576, -0.9946800657263628, 0.0, 0.48492888217628954, 0.1359185675071663, 0.38158646960040316, 1.0]",
  "1783615591.8302422": "[0.6900022825793499, -0.7178519050834763, 0.09265793222013269, 0.0, -0.7173136697178636, -0.6952949192915217, -0.04501193667560247, 0.0, 0.09673649399879447, -0.035406462339809576, -0.9946800657263628, 0.0, 0.48492888217628954, 0.1359185675071663, 0.38158646960040316, 1.0]",
  "1783615591.8635757": "[0.6900023195009857, -0.7178516600231217, 0.09265955582295969, 0.0, -0.7173136166354777, -0.6952950643295537, -0.04501054219061257, 0.0, 0.0967366242567446, -0.035408582589684504, -0.9946799775839459, 0.0, 0.48493016008986145, 0.1359189320881948, 0.38158568763640677, 1.0]",
  "1783615591.8969126": "[0.6900023195009857, -0.7178516600231217, 0.09265955582295969, 0.0, -0.7173136166354777, -0.6952950643295537, -0.04501054219061257, 0.0, 0.0967366242567446, -0.035408582589684504, -0.9946799775839459, 0.0, 0.48493016008986145, 0.1359189320881948, 0.38158568763640677, 1.0]",
  "1783615591.9337306": "[0.6900015184877253, -0.7178528666615784, 0.09265617254337422, 0.0, -0.7173149601415467, -0.6952938439997638, -0.04500798210499296, 0.0, 0.09673237535471024, -0.03540808271830524, -0.9946804085918499, 0.0, 0.48492928133610086, 0.13591777718799924, 0.3815842736720582, 1.0]",
  "1783615591.9641364": "[0.6900015184877253, -0.7178528666615784, 0.09265617254337422, 0.0, -0.7173149601415467, -0.6952938439997638, -0.04500798210499296, 0.0, 0.09673237535471024, -0.03540808271830524, -0.9946804085918499, 0.0, 0.48492928133610086, 0.13591777718799924, 0.3815842736720582, 1.0]",
  "1783615592.002316": "[0.6899997397668209, -0.7178550335404742, 0.0926526305202607, 0.0, -0.7173172103007767, -0.6952916515084142, -0.04500599014590027, 0.0, 0.09672837705673847, -0.0354072049632027, -0.9946808286624724, 0.0, 0.4849291652861935, 0.13591603974325456, 0.38158230291430506, 1.0]",
  "1783615592.0324717": "[0.6899997397668209, -0.7178550335404742, 0.0926526305202607, 0.0, -0.7173172103007767, -0.6952916515084142, -0.04500599014590027, 0.0, 0.09672837705673847, -0.0354072049632027, -0.9946808286624724, 0.0, 0.4849291652861935, 0.13591603974325456, 0.38158230291430506, 1.0]",
  "1783615592.0645392": "[0.6900004275462669, -0.7178541112652127, 0.09265465409573664, 0.0, -0.7173162604658861, -0.6952925694798133, -0.04500694721258046, 0.0, 0.09673051461253532, -0.03540787717148122, -0.9946805968636383, 0.0, 0.48492919534231704, 0.13591673648426725, 0.3815835430814471, 1.0]",
  "1783615592.097575": "[0.6900004275462669, -0.7178541112652127, 0.09265465409573664, 0.0, -0.7173162604658861, -0.6952925694798133, -0.04500694721258046, 0.0, 0.09673051461253532, -0.03540787717148122, -0.9946805968636383, 0.0, 0.48492919534231704, 0.13591673648426725, 0.3815835430814471, 1.0]",
  "1783615592.1302612": "[0.6899986258557435, -0.7178550404754441, 0.09266087189954735, 0.0, -0.7173170320198662, -0.6952915153367338, -0.04501093505981144, 0.0, 0.0967376446446578, -0.03540973827560432, -0.9946798372058503, 0.0, 0.4849298120011138, 0.13591594295955406, 0.3815849283135127, 1.0]",
  "1783615592.1636": "[0.6899986258557435, -0.7178550404754441, 0.09266087189954735, 0.0, -0.7173170320198662, -0.6952915153367338, -0.04501093505981144, 0.0, 0.0967376446446578, -0.03540973827560432, -0.9946798372058503, 0.0, 0.4849298120011138, 0.13591594295955406, 0.3815849283135127, 1.0]",
  "1783615592.196917": "[0.6900069534360944, -0.7178473289358055, 0.09265860213476587, 0.0, -0.7173094370039087, -0.6952995219918361, -0.04500829149234409, 0.0, 0.09673456360047777, -0.03540885563886205, -0.994680168268862, 0.0, 0.48492891425950235, 0.1359179126531807, 0.38158496290962457, 1.0]",
  "1783615592.2303288": "[0.6900069534360944, -0.7178473289358055, 0.09265860213476587, 0.0, -0.7173094370039087, -0.6952995219918361, -0.04500829149234409, 0.0, 0.09673456360047777, -0.03540885563886205, -0.994680168268862, 0.0, 0.48492891425950235, 0.1359179126531807, 0.38158496290962457, 1.0]",
  "1783615592.263586": "[0.6899983352186142, -0.7178560048244402, 0.09265556504082204, 0.0, -0.7173179519257016, -0.6952906584948109, -0.0450095107168356, 0.0, 0.09673289637273239, -0.035407012685980156, -0.9946803960127075, 0.0, 0.4849303030453213, 0.13591519115325085, 0.38158439271817424, 1.0]",
  "1783615592.2969098": "[0.6899983352186142, -0.7178560048244402, 0.09265556504082204, 0.0, -0.7173179519257016, -0.6952906584948109, -0.0450095107168356, 0.0, 0.09673289637273239, -0.035407012685980156, -0.9946803960127075, 0.0, 0.4849303030453213, 0.13591519115325085, 0.38158439271817424, 1.0]",
  "1783615592.3303177": "[0.6899952727437098, -0.7178589504914897, 0.09265554916242442, 0.0, -0.7173209192704056, -0.6952875968989902, -0.045009514277403455, 0.0, 0.09673273679780688, -0.035407411620795644, -0.9946803973306813, 0.0, 0.4849290558583482, 0.13591601880892745, 0.38158419742858474, 1.0]",
  "1783615592.3636062": "[0.6899952727437098, -0.7178589504914897, 0.09265554916242442, 0.0, -0.7173209192704056, -0.6952875968989902, -0.045009514277403455, 0.0, 0.09673273679780688, -0.035407411620795644, -0.9946803973306813, 0.0, 0.4849290558583482, 0.13591601880892745, 0.38158419742858474, 1.0]",
  "1783615592.397765": "[0.68999700313285, -0.7178573667374275, 0.09265493342770499, 0.0, -0.7173194912387411, -0.6952891966249286, -0.04500756098318697, 0.0, 0.09673098343695001, -0.03540810751040278, -0.9946805430719214, 0.0, 0.4849299270637958, 0.13591567810473182, 0.3815834680827565, 1.0]",
  "1783615592.4306364": "[0.68999700313285, -0.7178573667374275, 0.09265493342770499, 0.0, -0.7173194912387411, -0.6952891966249286, -0.04500756098318697, 0.0, 0.09673098343695001, -0.03540810751040278, -0.9946805430719214, 0.0, 0.4849299270637958, 0.13591567810473182, 0.3815834680827565, 1.0]",
  "1783615592.463546": "[0.6899995661063494, -0.7178546033591039, 0.09265725664616281, 0.0, -0.7173162721196787, -0.6952921729990824, -0.04501288613875833, 0.0, 0.0967365728428311, -0.035405686017324085, -0.9946800856920108, 0.0, 0.4849294452988961, 0.13591610922522368, 0.3815862217930369, 1.0]",
  "1783615592.4968855": "[0.6899995661063494, -0.7178546033591039, 0.09265725664616281, 0.0, -0.7173162721196787, -0.6952921729990824, -0.04501288613875833, 0.0, 0.0967365728428311, -0.035405686017324085, -0.9946800856920108, 0.0, 0.4849294452988961, 0.13591610922522368, 0.3815862217930369, 1.0]",
  "1783615592.5302238": "[0.6900045934027894, -0.7178499006213892, 0.09265625322077913, 0.0, -0.7173119986044696, -0.6952969155344118, -0.04500773162907529, 0.0, 0.09673240274650895, -0.035407900618296934, -0.9946804124102839, 0.0, 0.4849289591819937, 0.13591723789290183, 0.38158384529882294, 1.0]",
  "1783615592.5635478": "[0.6900045934027894, -0.7178499006213892, 0.09265625322077913, 0.0, -0.7173119986044696, -0.6952969155344118, -0.04500773162907529, 0.0, 0.09673240274650895, -0.035407900618296934, -0.9946804124102839, 0.0, 0.4849289591819937, 0.13591723789290183, 0.38158384529882294, 1.0]",
  "1783615592.5968997": "[0.6899978985855361, -0.7178564320116437, 0.09265550694403817, 0.0, -0.7173184706569301, -0.6952901834716636, -0.04500858165220554, 0.0, 0.09673216425753729, -0.03540767978070269, -0.9946804434644325, 0.0, 0.4849294807821889, 0.1359167078367611, 0.38158360227052907, 1.0]",
  "1783615592.630217": "[0.6899978985855361, -0.7178564320116437, 0.09265550694403817, 0.0, -0.7173184706569301, -0.6952901834716636, -0.04500858165220554, 0.0, 0.09673216425753729, -0.03540767978070269, -0.9946804434644325, 0.0, 0.4849294807821889, 0.1359167078367611, 0.38158360227052907, 1.0]",
  "1783615592.663585": "[0.6900006698322217, -0.7178535836368612, 0.09265693762909148, 0.0, -0.7173156063546734, -0.6952931082895177, -0.045009048480596364, 0.0, 0.0967336369166003, -0.035407993798256474, -0.9946802890698452, 0.0, 0.48492843306839356, 0.1359181464857717, 0.38158439742328376, 1.0]",
  "1783615592.696886": "[0.6900006698322217, -0.7178535836368612, 0.09265693762909148, 0.0, -0.7173156063546734, -0.6952931082895177, -0.045009048480596364, 0.0, 0.0967336369166003, -0.035407993798256474, -0.9946802890698452, 0.0, 0.48492843306839356, 0.1359181464857717, 0.38158439742328376, 1.0]",
  "1783615592.7305157": "[0.6899985638373075, -0.7178558446013005, 0.09265510387564475, 0.0, -0.7173176501686699, -0.6952908874272505, -0.045010783342703954, 0.0, 0.09673350329100404, -0.035405765524553594, -0.9946803813832208, 0.0, 0.484930045858233, 0.13591474024456937, 0.3815843772398836, 1.0]",
  "1783615592.7645326": "[0.6899985638373075, -0.7178558446013005, 0.09265510387564475, 0.0, -0.7173176501686699, -0.6952908874272505, -0.045010783342703954, 0.0, 0.09673350329100404, -0.035405765524553594, -0.9946803813832208, 0.0, 0.484930045858233, 0.13591474024456937, 0.3815843772398836, 1.0]",
  "1783615592.7971497": "[0.6900009162042147, -0.7178534106217009, 0.0926564433600602, 0.0, -0.7173154922520282, -0.6952932779052303, -0.04500824674468889, 0.0, 0.09673272565463455, -0.035408170788563044, -0.9946803713901433, 0.0, 0.484929771519336, 0.13591600887106864, 0.3815844052585149, 1.0]",
  "1783615592.8311427": "[0.6900009162042147, -0.7178534106217009, 0.0926564433600602, 0.0, -0.7173154922520282, -0.6952932779052303, -0.04500824674468889, 0.0, 0.09673272565463455, -0.035408170788563044, -0.9946803713901433, 0.0, 0.484929771519336, 0.13591600887106864, 0.3815844052585149, 1.0]",
  "1783615592.8635879": "[0.6899983194739063, -0.7178558147781341, 0.09265715467467343, 0.0, -0.7173178966366237, -0.6952907682507179, -0.04500869638344283, 0.0, 0.09673341867211728, -0.03540871043328422, -0.9946802847837377, 0.0, 0.4849300794482644, 0.1359138388024396, 0.3815849625251018, 1.0]",
  "1783615592.8968942": "[0.6899983194739063, -0.7178558147781341, 0.09265715467467343, 0.0, -0.7173178966366237, -0.6952907682507179, -0.04500869638344283, 0.0, 0.09673341867211728, -0.03540871043328422, -0.9946802847837377, 0.0, 0.4849300794482644, 0.1359138388024396, 0.3815849625251018, 1.0]",
  "1783615592.9302087": "[0.6900027463814465, -0.7178516987267387, 0.09265607708724076, 0.0, -0.7173137231625748, -0.6952950824376174, -0.04500856474840624, 0.0, 0.09673278941861514, -0.035407442341999745, -0.9946803911197262, 0.0, 0.4849289699062762, 0.1359176448677987, 0.3815834826929832, 1.0]",
  "1783615592.9637313": "[0.6900027463814465, -0.7178516987267387, 0.09265607708724076, 0.0, -0.7173137231625748, -0.6952950824376174, -0.04500856474840624, 0.0, 0.09673278941861514, -0.035407442341999745, -0.9946803911197262, 0.0, 0.4849289699062762, 0.1359176448677987, 0.3815834826929832, 1.0]",
  "1783615592.9976826": "[0.6899981572372373, -0.7178560959303621, 0.09265618460111226, 0.0, -0.7173179355707511, -0.6952905885776712, -0.04501085140087722, 0.0, 0.09673428718780407, -0.03540653853364784, -0.9946802776326338, 0.0, 0.48492951461933564, 0.13591651628635043, 0.3815854829864755, 1.0]",
  "1783615593.0302799": "[0.6899981572372373, -0.7178560959303621, 0.09265618460111226, 0.0, -0.7173179355707511, -0.6952905885776712, -0.04501085140087722, 0.0, 0.09673428718780407, -0.03540653853364784, -0.9946802776326338, 0.0, 0.48492951461933564, 0.13591651628635043, 0.3815854829864755, 1.0]",
