{
  "1783354317.9117725": "[0.7222580249319298, -0.6909091576718314, -0.03143057852837506, 0.0, -0.6915169358558879, -0.7221989286957566, -0.015265477889194188, 0.0, -0.012152071671599195, 0.03276039126601122, -0.9993893555157503, 0.0, 0.4592060541805273, -0.026250898714420733, 0.4066392911805502, 1.0]",
  "1783354317.9329877": "[0.7222580249319298, -0.6909091576718314, -0.03143057852837506, 0.0, -0.6915169358558879, -0.7221989286957566, -0.015265477889194188, 0.0, -0.012152071671599195, 0.03276039126601122, -0.9993893555157503, 0.0, 0.4592060541805273, -0.026250898714420733, 0.4066392911805502, 1.0]",
  "1783354317.9518242": "[0.7222580249319298, -0.6909091576718314, -0.03143057852837506, 0.0, -0.6915169358558879, -0.7221989286957566, -0.015265477889194188, 0.0, -0.012152071671599195, 0.03276039126601122, -0.9993893555157503, 0.0, 0.4592060541805273, -0.026250898714420733, 0.4066392911805502, 1.0]",
  "1783354317.9718044": "[0.7222580249319298, -0.6909091576718314, -0.03143057852837506, 0.0, -0.6915169358558879, -0.7221989286957566, -0.015265477889194188, 0.0, -0.012152071671599195, 0.03276039126601122, -0.9993893555157503, 0.0, 0.4592060541805273, -0.026250898714420733, 0.4066392911805502, 1.0]",
  "1783354317.9918046": "[0.7222380640638948, -0.6909309684276026, -0.031409802370164004, 0.0, -0.6915383387041976, -0.722177955636109, -0.015288116152395009, 0.0, -0.012120433964011289, 0.03276274196318011, -0.9993896626539511, 0.0, 0.4592032770268586, -0.02626235864571673, 0.4066531279823959, 1.0]",
  "1783354318.0118415": "[0.7222380640638948, -0.6909309684276026, -0.031409802370164004, 0.0, -0.6915383387041976, -0.722177955636109, -0.015288116152395009, 0.0, -0.012120433964011289, 0.03276274196318011, -0.9993896626539511, 0.0, 0.4592032770268586, -0.02626235864571673, 0.4066531279823959, 1.0]",
  "1783354318.031825": "[0.7222380640638948, -0.6909309684276026, -0.031409802370164004, 0.0, -0.6915383387041976, -0.722177955636109, -0.015288116152395009, 0.0, -0.012120433964011289, 0.03276274196318011, -0.9993896626539511, 0.0, 0.4592032770268586, -0.02626235864571673, 0.4066531279823959, 1.0]",
  "1783354318.0518064": "[0.7222638852393846, -0.690903182180938, -0.03142726413741122, 0.0, -0.6915108696182904, -0.7222047069133593, -0.015266909050141084, 0.0, -0.012148962040638346, 0.03275903179953617, -0.9993894378853985, 0.0, 0.45920620419207486, -0.0262439531404068, 0.4066407094763387, 1.0]",
  "1783354318.0718403": "[0.7222638852393846, -0.690903182180938, -0.03142726413741122, 0.0, -0.6915108696182904, -0.7222047069133593, -0.015266909050141084, 0.0, -0.012148962040638346, 0.03275903179953617, -0.9993894378853985, 0.0, 0.45920620419207486, -0.0262439531404068, 0.4066407094763387, 1.0]",
  "1783354318.0918121": "[0.7222638852393846, -0.690903182180938, -0.03142726413741122, 0.0, -0.6915108696182904, -0.7222047069133593, -0.015266909050141084, 0.0, -0.012148962040638346, 0.03275903179953617, -0.9993894378853985, 0.0, 0.45920620419207486, -0.0262439531404068, 0.4066407094763387, 1.0]",
  "1783354318.1117184": "[0.7222437871034779, -0.6909241948153028, -0.0314272017407175, 0.0, -0.6915319330320765, -0.7221844432198437, -0.015271397060010667, 0.0, -0.012144858473685113, 0.032762585216530436, -0.9993893712775739, 0.0, 0.45920360250830805, -0.02626224536891803, 0.4066412276593607, 1.0]",
  "1783354318.1318302": "[0.7222437871034779, -0.6909241948153028, -0.0314272017407175, 0.0, -0.6915319330320765, -0.7221844432198437, -0.015271397060010667, 0.0, -0.012144858473685113, 0.032762585216530436, -0.9993893712775739, 0.0, 0.45920360250830805, -0.02626224536891803, 0.4066412276593607, 1.0]",
  "1783354318.1531105": "[0.7222437871034779, -0.6909241948153028, -0.0314272017407175, 0.0, -0.6915319330320765, -0.7221844432198437, -0.015271397060010667, 0.0, -0.012144858473685113, 0.032762585216530436, -0.9993893712775739, 0.0, 0.45920360250830805, -0.02626224536891803, 0.4066412276593607, 1.0]",
  "1783354318.1718714": "[0.7222437871034779, -0.6909241948153028, -0.0314272017407175, 0.0, -0.6915319330320765, -0.7221844432198437, -0.015271397060010667, 0.0, -0.012144858473685113, 0.032762585216530436, -0.9993893712775739, 0.0, 0.45920360250830805, -0.02626224536891803, 0.4066412276593607, 1.0]",
  "1783354318.191797": "[0.7222527900688611, -0.6909148736448847, -0.031425222577072906, 0.0, -0.6915225305318502, -0.7221934764863489, -0.015269979940646215, 0.0, -0.01214483448104208, 0.03276003505545136, -0.9993894551668001, 0.0, 0.45920415983974516, -0.026252881738554466, 0.4066416331907178, 1.0]",
  "1783354318.2117941": "[0.7222527900688611, -0.6909148736448847, -0.031425222577072906, 0.0, -0.6915225305318502, -0.7221934764863489, -0.015269979940646215, 0.0, -0.01214483448104208, 0.03276003505545136, -0.9993894551668001, 0.0, 0.45920415983974516, -0.026252881738554466, 0.4066416331907178, 1.0]",
  "1783354318.2318203": "[0.7222527900688611, -0.6909148736448847, -0.031425222577072906, 0.0, -0.6915225305318502, -0.7221934764863489, -0.015269979940646215, 0.0, -0.01214483448104208, 0.03276003505545136, -0.9993894551668001, 0.0, 0.45920415983974516, -0.026252881738554466, 0.4066416331907178, 1.0]",
  "1783354318.2529423": "[0.7222329415596388, -0.6909358531963109, -0.03142013516834819, 0.0, -0.6915434646070701, -0.7221732166667787, -0.015280107604582833, 0.0, -0.012133205897927117, 0.032764186195347614, -0.9993894603294526, 0.0, 0.4592041698845057, -0.02626586870501878, 0.4066468235878942, 1.0]",
  "1783354318.2718265": "[0.7222329415596388, -0.6909358531963109, -0.03142013516834819, 0.0, -0.6915434646070701, -0.7221732166667787, -0.015280107604582833, 0.0, -0.012133205897927117, 0.032764186195347614, -0.9993894603294526, 0.0, 0.4592041698845057, -0.02626586870501878, 0.4066468235878942, 1.0]",
  "1783354318.291823": "[0.7222329415596388, -0.6909358531963109, -0.03142013516834819, 0.0, -0.6915434646070701, -0.7221732166667787, -0.015280107604582833, 0.0, -0.012133205897927117, 0.032764186195347614, -0.9993894603294526, 0.0, 0.4592041698845057, -0.02626586870501878, 0.4066468235878942, 1.0]",
  "1783354318.3116941": "[0.722264373340391, -0.6909028032547638, -0.031424376810392056, 0.0, -0.691510441929411, -0.7222050366808999, -0.015270680905943239, 0.0, -0.012144286961498434, 0.03275975347052271, -0.9993894710505749, 0.0, 0.45920474947819884, -0.026246093509530083, 0.4066428036446671, 1.0]",
  "1783354318.3318293": "[0.722264373340391, -0.6909028032547638, -0.031424376810392056, 0.0, -0.691510441929411, -0.7222050366808999, -0.015270680905943239, 0.0, -0.012144286961498434, 0.03275975347052271, -0.9993894710505749, 0.0, 0.45920474947819884, -0.026246093509530083, 0.4066428036446671, 1.0]",
  "1783354318.3518822": "[0.722264373340391, -0.6909028032547638, -0.031424376810392056, 0.0, -0.691510441929411, -0.7222050366808999, -0.015270680905943239, 0.0, -0.012144286961498434, 0.03275975347052271, -0.9993894710505749, 0.0, 0.45920474947819884, -0.026246093509530083, 0.4066428036446671, 1.0]",
  "1783354318.3718667": "[0.722264373340391, -0.6909028032547638, -0.031424376810392056, 0.0, -0.691510441929411, -0.7222050366808999, -0.015270680905943239, 0.0, -0.012144286961498434, 0.03275975347052271, -0.9993894710505749, 0.0, 0.45920474947819884, -0.026246093509530083, 0.4066428036446671, 1.0]",
  "1783354318.3918428": "[0.7222366357426665, -0.6909315420572982, -0.03143002038559095, 0.0, -0.6915393541966267, -0.7221773680589607, -0.015269926677776494, 0.0, -0.012147575413527567, 0.032763596471632864, -0.9993893051047806, 0.0, 0.4592036477038835, -0.026264008135719413, 0.4066414785969854, 1.0]",
  "1783354318.4119442": "[0.7222366357426665, -0.6909315420572982, -0.03143002038559095, 0.0, -0.6915393541966267, -0.7221773680589607, -0.015269926677776494, 0.0, -0.012147575413527567, 0.032763596471632864, -0.9993893051047806, 0.0, 0.4592036477038835, -0.026264008135719413, 0.4066414785969854, 1.0]",
  "1783354318.4317858": "[0.7222366357426665, -0.6909315420572982, -0.03143002038559095, 0.0, -0.6915393541966267, -0.7221773680589607, -0.015269926677776494, 0.0, -0.012147575413527567, 0.032763596471632864, -0.9993893051047806, 0.0, 0.4592036477038835, -0.026264008135719413, 0.4066414785969854, 1.0]",
  "1783354318.4518044": "[0.7222396485642004, -0.6909284744714436, -0.031428223087282846, 0.0, -0.6915363073412865, -0.7221801474613687, -0.01527646037055249, 0.0, -0.012141897324473428, 0.03276702270941051, -0.9993892617754716, 0.0, 0.459204231426687, -0.026261752200488965, 0.40664341340895094, 1.0]",
  "1783354318.4718332": "[0.7222396485642004, -0.6909284744714436, -0.031428223087282846, 0.0, -0.6915363073412865, -0.7221801474613687, -0.01527646037055249, 0.0, -0.012141897324473428, 0.03276702270941051, -0.9993892617754716, 0.0, 0.459204231426687, -0.026261752200488965, 0.40664341340895094, 1.0]",
  "1783354318.4918475": "[0.7222396485642004, -0.6909284744714436, -0.031428223087282846, 0.0, -0.6915363073412865, -0.7221801474613687, -0.01527646037055249, 0.0, -0.012141897324473428, 0.03276702270941051, -0.9993892617754716, 0.0, 0.459204231426687, -0.026261752200488965, 0.40664341340895094, 1.0]",
  "1783354318.5117166": "[0.7222634068562691, -0.6909036855458991, -0.03142719229375576, 0.0, -0.6915113638307867, -0.7222042454534516, -0.015266353261198493, 0.0, -0.012149271964224717, 0.03275858892113198, -0.9993894486348329, 0.0, 0.4592049269253369, -0.02624412941514231, 0.40663991324843196, 1.0]",
  "1783354318.531844": "[0.7222634068562691, -0.6909036855458991, -0.03142719229375576, 0.0, -0.6915113638307867, -0.7222042454534516, -0.015266353261198493, 0.0, -0.012149271964224717, 0.03275858892113198, -0.9993894486348329, 0.0, 0.4592049269253369, -0.02624412941514231, 0.40663991324843196, 1.0]",
  "1783354318.551961": "[0.7222634068562691, -0.6909036855458991, -0.03142719229375576, 0.0, -0.6915113638307867, -0.7222042454534516, -0.015266353261198493, 0.0, -0.012149271964224717, 0.03275858892113198, -0.9993894486348329, 0.0, 0.4592049269253369, -0.02624412941514231, 0.40663991324843196, 1.0]",
  "1783354318.5719004": "[0.7222634068562691, -0.6909036855458991, -0.03142719229375576, 0.0, -0.6915113638307867, -0.7222042454534516, -0.015266353261198493, 0.0, -0.012149271964224717, 0.03275858892113198, -0.9993894486348329, 0.0, 0.4592049269253369, -0.02624412941514231, 0.40663991324843196, 1.0]",
  "1783354318.5918171": "[0.7222335174465495, -0.6909346435578698, -0.03143349500682603, 0.0, -0.6915425949935636, -0.7221742201287564, -0.015272036242453357, 0.0, -0.012148480824893369, 0.03276757716069597, -0.9993891635897727, 0.0, 0.45920342886996357, -0.026263534419066512, 0.4066403593722673, 1.0]",
  "1783354318.612458": "[0.7222335174465495, -0.6909346435578698, -0.03143349500682603, 0.0, -0.6915425949935636, -0.7221742201287564, -0.015272036242453357, 0.0, -0.012148480824893369, 0.03276757716069597, -0.9993891635897727, 0.0, 0.45920342886996357, -0.026263534419066512, 0.4066403593722673, 1.0]",
  "1783354318.6318247": "[0.7222335174465495, -0.6909346435578698, -0.03143349500682603, 0.0, -0.6915425949935636, -0.7221742201287564, -0.015272036242453357, 0.0, -0.012148480824893369, 0.03276757716069597, -0.9993891635897727, 0.0, 0.45920342886996357, -0.026263534419066512, 0.4066403593722673, 1.0]",
  "1783354318.6518369": "[0.7222547840092922, -0.6909127555644735, -0.0314259633742017, 0.0, -0.6915204472302053, -0.7221954533445742, -0.015270829413018615, 0.0, -0.012144877036317878, 0.032761125846510517, -0.9993894188928767, 0.0, 0.45920451752367836, -0.026252182924888602, 0.4066422487799601, 1.0]",
  "1783354318.6718087": "[0.7222547840092922, -0.6909127555644735, -0.0314259633742017, 0.0, -0.6915204472302053, -0.7221954533445742, -0.015270829413018615, 0.0, -0.012144877036317878, 0.032761125846510517, -0.9993894188928767, 0.0, 0.45920451752367836, -0.026252182924888602, 0.4066422487799601, 1.0]",
  "1783354318.6918302": "[0.7222547840092922, -0.6909127555644735, -0.0314259633742017, 0.0, -0.6915204472302053, -0.7221954533445742, -0.015270829413018615, 0.0, -0.012144877036317878, 0.032761125846510517, -0.9993894188928767, 0.0, 0.45920451752367836, -0.026252182924888602, 0.4066422487799601, 1.0]",
  "1783354318.711862": "[0.7222991249932209, -0.6908636792349622, -0.03148572292260005, 0.0, -0.6914722445146447, -0.7222434854771609, -0.015181658396965619, 0.0, -0.012251901889370767, 0.03273720207553071, -0.9993888965264524, 0.0, 0.45915490471882564, -0.026222520314377613, 0.40659932022064804, 1.0]",
  "1783354318.7318435": "[0.7222991249932209, -0.6908636792349622, -0.03148572292260005, 0.0, -0.6914722445146447, -0.7222434854771609, -0.015181658396965619, 0.0, -0.012251901889370767, 0.03273720207553071, -0.9993888965264524, 0.0, 0.45915490471882564, -0.026222520314377613, 0.40659932022064804, 1.0]",
  "1783354318.751995": "[0.7222991249932209, -0.6908636792349622, -0.03148572292260005, 0.0, -0.6914722445146447, -0.7222434854771609, -0.015181658396965619, 0.0, -0.012251901889370767, 0.03273720207553071, -0.9993888965264524, 0.0, 0.45915490471882564, -0.026222520314377613, 0.40659932022064804, 1.0]",
  "1783354318.7718112": "[0.7222991249932209, -0.6908636792349622, -0.03148572292260005, 0.0, -0.6914722445146447, -0.7222434854771609, -0.015181658396965619, 0.0, -0.012251901889370767, 0.03273720207553071, -0.9993888965264524, 0.0, 0.45915490471882564, -0.026222520314377613, 0.40659932022064804, 1.0]",
  "1783354318.7918334": "[0.7254235728755064, -0.6876102041941721, -0.03086821997757524, 0.0, -0.6881870015307869, -0.7253941974809224, -0.014209475186436678, 0.0, -0.012621047523860009, 0.03155099600739098, -0.9994224551261308, 0.0, 0.459232012443136, -0.024323154455494603, 0.4065362824881902, 1.0]",
  "1783354318.8118193": "[0.7254235728755064, -0.6876102041941721, -0.03086821997757524, 0.0, -0.6881870015307869, -0.7253941974809224, -0.014209475186436678, 0.0, -0.012621047523860009, 0.03155099600739098, -0.9994224551261308, 0.0, 0.459232012443136, -0.024323154455494603, 0.4065362824881902, 1.0]",
  "1783354318.83177": "[0.7254235728755064, -0.6876102041941721, -0.03086821997757524, 0.0, -0.6881870015307869, -0.7253941974809224, -0.014209475186436678, 0.0, -0.012621047523860009, 0.03155099600739098, -0.9994224551261308, 0.0, 0.459232012443136, -0.024323154455494603, 0.4065362824881902, 1.0]",
  "1783354318.8518367": "[0.7263669699704274, -0.6866152614858715, -0.0308303037719157, 0.0, -0.687188707968153, -0.7263433420712704, -0.01403670437809325, 0.0, -0.012755570431801368, 0.031382035042774654, -0.9994260669501938, 0.0, 0.4593066811093047, -0.023662688401781228, 0.40648687990208315, 1.0]",
  "1783354318.871771": "[0.7263669699704274, -0.6866152614858715, -0.0308303037719157, 0.0, -0.687188707968153, -0.7263433420712704, -0.01403670437809325, 0.0, -0.012755570431801368, 0.031382035042774654, -0.9994260669501938, 0.0, 0.4593066811093047, -0.023662688401781228, 0.40648687990208315, 1.0]",
  "1783354318.8918815": "[0.7263669699704274, -0.6866152614858715, -0.0308303037719157, 0.0, -0.687188707968153, -0.7263433420712704, -0.01403670437809325, 0.0, -0.012755570431801368, 0.031382035042774654, -0.9994260669501938, 0.0, 0.4593066811093047, -0.023662688401781228, 0.40648687990208315, 1.0]",
  "1783354318.9118016": "[0.7241333748697183, -0.6889628089175738, -0.031001666539053334, 0.0, -0.6895465205016508, -0.7240976704056421, -0.014427743315838841, 0.0, -0.012508055958398996, 0.031824701750809085, -0.9994151974502954, 0.0, 0.45924059086377156, -0.025188166174368, 0.40653882082938425, 1.0]",
  "1783354318.9318457": "[0.7241333748697183, -0.6889628089175738, -0.031001666539053334, 0.0, -0.6895465205016508, -0.7240976704056421, -0.014427743315838841, 0.0, -0.012508055958398996, 0.031824701750809085, -0.9994151974502954, 0.0, 0.45924059086377156, -0.025188166174368, 0.40653882082938425, 1.0]",
  "1783354318.9521255": "[0.7241333748697183, -0.6889628089175738, -0.031001666539053334, 0.0, -0.6895465205016508, -0.7240976704056421, -0.014427743315838841, 0.0, -0.012508055958398996, 0.031824701750809085, -0.9994151974502954, 0.0, 0.45924059086377156, -0.025188166174368, 0.40653882082938425, 1.0]",
  "1783354318.971813": "[0.7241333748697183, -0.6889628089175738, -0.031001666539053334, 0.0, -0.6895465205016508, -0.7240976704056421, -0.014427743315838841, 0.0, -0.012508055958398996, 0.031824701750809085, -0.9994151974502954, 0.0, 0.45924059086377156, -0.025188166174368, 0.40653882082938425, 1.0]",
  "1783354318.9919915": "[0.7227680061398589, -0.6903881131821364, -0.031155456623557138, 0.0, -0.6909792478095317, -0.7227264378984841, -0.014634721013496662, 0.0, -0.012413234759189252, 0.032105282110246075, -0.9994074056476845, 0.0, 0.45919818407532975, -0.026119544060681503, 0.40654381678158, 1.0]",
  "1783354319.0117855": "[0.7227680061398589, -0.6903881131821364, -0.031155456623557138, 0.0, -0.6909792478095317, -0.7227264378984841, -0.014634721013496662, 0.0, -0.012413234759189252, 0.032105282110246075, -0.9994074056476845, 0.0, 0.45919818407532975, -0.026119544060681503, 0.40654381678158, 1.0]",
  "1783354319.0318165": "[0.7227680061398589, -0.6903881131821364, -0.031155456623557138, 0.0, -0.6909792478095317, -0.7227264378984841, -0.014634721013496662, 0.0, -0.012413234759189252, 0.032105282110246075, -0.9994074056476845, 0.0, 0.45919818407532975, -0.026119544060681503, 0.40654381678158, 1.0]",
  "1783354319.051836": "[0.7226852625388859, -0.6904747063680522, -0.03115591717561437, 0.0, -0.6910661732313618, -0.7226427941319946, -0.01466070613802095, 0.0, -0.012391752275732651, 0.0321258767204262, -0.9994070104419326, 0.0, 0.45918990230030576, -0.026172910615965727, 0.4065538346129116, 1.0]",
  "1783354319.0717733": "[0.7226852625388859, -0.6904747063680522, -0.03115591717561437, 0.0, -0.6910661732313618, -0.7226427941319946, -0.01466070613802095, 0.0, -0.012391752275732651, 0.0321258767204262, -0.9994070104419326, 0.0, 0.45918990230030576, -0.026172910615965727, 0.4065538346129116, 1.0]",
  "1783354319.0918846": "[0.7226852625388859, -0.6904747063680522, -0.03115591717561437, 0.0, -0.6910661732313618, -0.7226427941319946, -0.01466070613802095, 0.0, -0.012391752275732651, 0.0321258767204262, -0.9994070104419326, 0.0, 0.45918990230030576, -0.026172910615965727, 0.4065538346129116, 1.0]",
  "1783354319.1117287": "[0.7252234709784344, -0.6878355845683313, -0.030547106958496863, 0.0, -0.6883993067111422, -0.7251973413736306, -0.01397177813439016, 0.0, -0.012542394572430572, 0.03116126868662338, -0.9994356726034095, 0.0, 0.45921544256679603, -0.024630129766886694, 0.4065579859327947, 1.0]",
  "1783354319.1318166": "[0.7252234709784344, -0.6878355845683313, -0.030547106958496863, 0.0, -0.6883993067111422, -0.7251973413736306, -0.01397177813439016, 0.0, -0.012542394572430572, 0.03116126868662338, -0.9994356726034095, 0.0, 0.45921544256679603, -0.024630129766886694, 0.4065579859327947, 1.0]",
  "1783354319.151812": "[0.7252234709784344, -0.6878355845683313, -0.030547106958496863, 0.0, -0.6883993067111422, -0.7251973413736306, -0.01397177813439016, 0.0, -0.012542394572430572, 0.03116126868662338, -0.9994356726034095, 0.0, 0.45921544256679603, -0.024630129766886694, 0.4065579859327947, 1.0]",
  "1783354319.1717756": "[0.7252234709784344, -0.6878355845683313, -0.030547106958496863, 0.0, -0.6883993067111422, -0.7251973413736306, -0.01397177813439016, 0.0, -0.012542394572430572, 0.03116126868662338, -0.9994356726034095, 0.0, 0.45921544256679603, -0.024630129766886694, 0.4065579859327947, 1.0]",
  "1783354319.1918297": "[0.7304673452190231, -0.6822832389665615, -0.030117094713307525, 0.0, -0.6828190310858423, -0.7304750524247454, -0.012820630719934643, 0.0, -0.013252484886393131, 0.0299295775172853, -0.9994641524506884, 0.0, 0.4594021127388659, -0.021129043280775892, 0.4063845019775881, 1.0]",
  "1783354319.2117894": "[0.7304673452190231, -0.6822832389665615, -0.030117094713307525, 0.0, -0.6828190310858423, -0.7304750524247454, -0.012820630719934643, 0.0, -0.013252484886393131, 0.0299295775172853, -0.9994641524506884, 0.0, 0.4594021127388659, -0.021129043280775892, 0.4063845019775881, 1.0]",
  "1783354319.2320018": "[0.7304673452190231, -0.6822832389665615, -0.030117094713307525, 0.0, -0.6828190310858423, -0.7304750524247454, -0.012820630719934643, 0.0, -0.013252484886393131, 0.0299295775172853, -0.9994641524506884, 0.0, 0.4594021127388659, -0.021129043280775892, 0.4063845019775881, 1.0]",
  "1783354319.25182": "[0.7291765942431787, -0.6836578837331732, -0.030222382722049752, 0.0, -0.6842023236066926, -0.729172100665586, -0.013237370665641736, 0.0, -0.012987485481092109, 0.0303306053420644, -0.9994555415827473, 0.0, 0.4593956005333221, -0.02196252209583757, 0.4064579623573247, 1.0]",
  "1783354319.2721226": "[0.7291765942431787, -0.6836578837331732, -0.030222382722049752, 0.0, -0.6842023236066926, -0.729172100665586, -0.013237370665641736, 0.0, -0.012987485481092109, 0.0303306053420644, -0.9994555415827473, 0.0, 0.4593956005333221, -0.02196252209583757, 0.4064579623573247, 1.0]",
  "1783354319.2918541": "[0.7291765942431787, -0.6836578837331732, -0.030222382722049752, 0.0, -0.6842023236066926, -0.729172100665586, -0.013237370665641736, 0.0, -0.012987485481092109, 0.0303306053420644, -0.9994555415827473, 0.0, 0.4593956005333221, -0.02196252209583757, 0.4064579623573247, 1.0]",
  "1783354319.3127823": "[0.7244314475080584, -0.688663068759188, -0.0306961819866404, 0.0, -0.6892311572046838, -0.7244071912435117, -0.013951100780188259, 0.0, -0.0126289270989887, 0.03126338116494032, -0.9994313939428081, 0.0, 0.4592498426764896, -0.02518635564963938, 0.40649808346647126, 1.0]",
  "1783354319.3322923": "[0.7244314475080584, -0.688663068759188, -0.0306961819866404, 0.0, -0.6892311572046838, -0.7244071912435117, -0.013951100780188259, 0.0, -0.0126289270989887, 0.03126338116494032, -0.9994313939428081, 0.0, 0.4592498426764896, -0.02518635564963938, 0.40649808346647126, 1.0]",
  "1783354319.3518202": "[0.7244314475080584, -0.688663068759188, -0.0306961819866404, 0.0, -0.6892311572046838, -0.7244071912435117, -0.013951100780188259, 0.0, -0.0126289270989887, 0.03126338116494032, -0.9994313939428081, 0.0, 0.4592498426764896, -0.02518635564963938, 0.40649808346647126, 1.0]",
  "1783354319.3719037": "[0.7244314475080584, -0.688663068759188, -0.0306961819866404, 0.0, -0.6892311572046838, -0.7244071912435117, -0.013951100780188259, 0.0, -0.0126289270989887, 0.03126338116494032, -0.9994313939428081, 0.0, 0.4592498426764896, -0.02518635564963938, 0.40649808346647126, 1.0]",
  "1783354319.3918228": "[0.7220966746583238, -0.691099041614324, -0.030959766264521536, 0.0, -0.6916796121986194, -0.7220630682526723, -0.014291239774937417, 0.0, -0.012478241709406231, 0.031733895841831235, -0.9994184575734741, 0.0, 0.45915773593286296, -0.02676709400722753, 0.4065074144530672, 1.0]",
  "1783354319.4118164": "[0.7220966746583238, -0.691099041614324, -0.030959766264521536, 0.0, -0.6916796121986194, -0.7220630682526723, -0.014291239774937417, 0.0, -0.012478241709406231, 0.031733895841831235, -0.9994184575734741, 0.0, 0.45915773593286296, -0.02676709400722753, 0.4065074144530672, 1.0]",
  "1783354319.4319124": "[0.7220966746583238, -0.691099041614324, -0.030959766264521536, 0.0, -0.6916796121986194, -0.7220630682526723, -0.014291239774937417, 0.0, -0.012478241709406231, 0.031733895841831235, -0.9994184575734741, 0.0, 0.45915773593286296, -0.02676709400722753, 0.4065074144530672, 1.0]",
  "1783354319.4518738": "[0.7222001406596792, -0.6909910226059943, -0.030957446746488197, 0.0, -0.6915713180431586, -0.7221671168865016, -0.014274710080623546, 0.0, -0.012492753547064637, 0.031718479877822205, -0.9994187656548441, 0.0, 0.4591651889819112, -0.026696394988173534, 0.4065017161082801, 1.0]",
  "1783354319.4718463": "[0.7222001406596792, -0.6909910226059943, -0.030957446746488197, 0.0, -0.6915713180431586, -0.7221671168865016, -0.014274710080623546, 0.0, -0.012492753547064637, 0.031718479877822205, -0.9994187656548441, 0.0, 0.4591651889819112, -0.026696394988173534, 0.4065017161082801, 1.0]",
  "1783354319.493082": "[0.7222001406596792, -0.6909910226059943, -0.030957446746488197, 0.0, -0.6915713180431586, -0.7221671168865016, -0.014274710080623546, 0.0, -0.012492753547064637, 0.031718479877822205, -0.9994187656548441, 0.0, 0.4591651889819112, -0.026696394988173534, 0.4065017161082801, 1.0]",
  "1783354319.5117197": "[0.7225305282636598, -0.6906474504619309, -0.030914962355974837, 0.0, -0.691226060260324, -0.7224981481788957, -0.014246385333036377, 0.0, -0.012496773344652273, 0.03166267595294314, -0.9994204848848511, 0.0, 0.4591790425018933, -0.026472736033295384, 0.40650750654144546, 1.0]",
  "1783354319.5318758": "[0.7225305282636598, -0.6906474504619309, -0.030914962355974837, 0.0, -0.691226060260324, -0.7224981481788957, -0.014246385333036377, 0.0, -0.012496773344652273, 0.03166267595294314, -0.9994204848848511, 0.0, 0.4591790425018933, -0.026472736033295384, 0.40650750654144546, 1.0]",
  "1783354319.551829": "[0.7225305282636598, -0.6906474504619309, -0.030914962355974837, 0.0, -0.691226060260324, -0.7224981481788957, -0.014246385333036377, 0.0, -0.012496773344652273, 0.03166267595294314, -0.9994204848848511, 0.0, 0.4591790425018933, -0.026472736033295384, 0.40650750654144546, 1.0]",
  "1783354319.5728867": "[0.7225305282636598, -0.6906474504619309, -0.030914962355974837, 0.0, -0.691226060260324, -0.7224981481788957, -0.014246385333036377, 0.0, -0.012496773344652273, 0.03166267595294314, -0.9994204848848511, 0.0, 0.4591790425018933, -0.026472736033295384, 0.40650750654144546, 1.0]",
  "1783354319.5926602": "[0.7242114963447965, -0.6889039408710059, -0.030480630151427303, 0.0, -0.6894664910259772, -0.7241813511886792, -0.014047360708122717, 0.0, -0.012396221777480766, 0.031188633232889847, -0.9994366427356498, 0.0, 0.4592201287944693, -0.02539399499895551, 0.4065947601293525, 1.0]",
  "1783354319.6117802": "[0.7242114963447965, -0.6889039408710059, -0.030480630151427303, 0.0, -0.6894664910259772, -0.7241813511886792, -0.014047360708122717, 0.0, -0.012396221777480766, 0.031188633232889847, -0.9994366427356498, 0.0, 0.4592201287944693, -0.02539399499895551, 0.4065947601293525, 1.0]",
  "1783354319.6318374": "[0.7242114963447965, -0.6889039408710059, -0.030480630151427303, 0.0, -0.6894664910259772, -0.7241813511886792, -0.014047360708122717, 0.0, -0.012396221777480766, 0.031188633232889847, -0.9994366427356498, 0.0, 0.4592201287944693, -0.02539399499895551, 0.4065947601293525, 1.0]",
  "1783354319.6518111": "[0.7278752906803321, -0.6850417049698532, -0.03025596914690821, 0.0, -0.6855894971679242, -0.7278646679567338, -0.013418886439145714, 0.0, -0.012829754091754299, 0.03051045054125658, -0.9994521048142901, 0.0, 0.4593463127839276, -0.02286689618984847, 0.40649739569123544, 1.0]",
  "1783354319.6718373": "[0.7278752906803321, -0.6850417049698532, -0.03025596914690821, 0.0, -0.6855894971679242, -0.7278646679567338, -0.013418886439145714, 0.0, -0.012829754091754299, 0.03051045054125658, -0.9994521048142901, 0.0, 0.4593463127839276, -0.02286689618984847, 0.40649739569123544, 1.0]",
  "1783354319.6918387": "[0.7278752906803321, -0.6850417049698532, -0.03025596914690821, 0.0, -0.6855894971679242, -0.7278646679567338, -0.013418886439145714, 0.0, -0.012829754091754299, 0.03051045054125658, -0.9994521048142901, 0.0, 0.4593463127839276, -0.02286689618984847, 0.40649739569123544, 1.0]",
  "1783354319.7119784": "[0.7263952533820894, -0.6866061891487352, -0.030362425572103346, 0.0, -0.6871613353788886, -0.7263748643848538, -0.013742472491802249, 0.0, -0.012618836090254121, 0.030846351689247736, -0.9994444794800714, 0.0, 0.45931558314834436, -0.023856610060100862, 0.4065476771947339, 1.0]",
  "1783354319.7319014": "[0.7263952533820894, -0.6866061891487352, -0.030362425572103346, 0.0, -0.6871613353788886, -0.7263748643848538, -0.013742472491802249, 0.0, -0.012618836090254121, 0.030846351689247736, -0.9994444794800714, 0.0, 0.45931558314834436, -0.023856610060100862, 0.4065476771947339, 1.0]",
  "1783354319.7518249": "[0.7263952533820894, -0.6866061891487352, -0.030362425572103346, 0.0, -0.6871613353788886, -0.7263748643848538, -0.013742472491802249, 0.0, -0.012618836090254121, 0.030846351689247736, -0.9994444794800714, 0.0, 0.45931558314834436, -0.023856610060100862, 0.4065476771947339, 1.0]",
  "1783354319.772355": "[0.7263952533820894, -0.6866061891487352, -0.030362425572103346, 0.0, -0.6871613353788886, -0.7263748643848538, -0.013742472491802249, 0.0, -0.012618836090254121, 0.030846351689247736, -0.9994444794800714, 0.0, 0.45931558314834436, -0.023856610060100862, 0.4065476771947339, 1.0]",
  "1783354319.792221": "[0.7236512542707789, -0.6894815637049799, -0.03072516075245287, 0.0, -0.6900524255263646, -0.7236219937284314, -0.014101780656051202, 0.0, -0.01251048430355767, 0.03140674296112042, -0.9994283887698332, 0.0, 0.4592145386230682, -0.025718492695733973, 0.4065286296100172, 1.0]",
  "1783354319.811799": "[0.7236512542707789, -0.6894815637049799, -0.03072516075245287, 0.0, -0.6900524255263646, -0.7236219937284314, -0.014101780656051202, 0.0, -0.01251048430355767, 0.03140674296112042, -0.9994283887698332, 0.0, 0.4592145386230682, -0.025718492695733973, 0.4065286296100172, 1.0]",
  "1783354319.832001": "[0.7236512542707789, -0.6894815637049799, -0.03072516075245287, 0.0, -0.6900524255263646, -0.7236219937284314, -0.014101780656051202, 0.0, -0.01251048430355767, 0.03140674296112042, -0.9994283887698332, 0.0, 0.4592145386230682, -0.025718492695733973, 0.4065286296100172, 1.0]",
  "1783354319.8519366": "[0.7226554842658344, -0.690521260236054, -0.030812987886997587, 0.0, -0.6910972773852315, -0.7226203355535734, -0.014296986925970001, 0.0, -0.012393718216611197, 0.03162656804733731, -0.9994229114555633, 0.0, 0.4591771367398272, -0.026397352891581, 0.40655414936411494, 1.0]",
  "1783354319.8718886": "[0.7226554842658344, -0.690521260236054, -0.030812987886997587, 0.0, -0.6910972773852315, -0.7226203355535734, -0.014296986925970001, 0.0, -0.012393718216611197, 0.03162656804733731, -0.9994229114555633, 0.0, 0.4591771367398272, -0.026397352891581, 0.40655414936411494, 1.0]",
  "1783354319.8917837": "[0.7226554842658344, -0.690521260236054, -0.030812987886997587, 0.0, -0.6910972773852315, -0.7226203355535734, -0.014296986925970001, 0.0, -0.012393718216611197, 0.03162656804733731, -0.9994229114555633, 0.0, 0.4591771367398272, -0.026397352891581, 0.40655414936411494, 1.0]",
  "1783354319.9117897": "[0.7228488767843482, -0.69031863335624, -0.030816972154635268, 0.0, -0.6908942401410044, -0.722815329123671, -0.014253032092301401, 0.0, -0.012435846235407553, 0.031594056798914555, -0.9994234164273905, 0.0, 0.4591882292644645, -0.026261220768512315, 0.4065383339653814, 1.0]",
  "1783354319.9318006": "[0.7228488767843482, -0.69031863335624, -0.030816972154635268, 0.0, -0.6908942401410044, -0.722815329123671, -0.014253032092301401, 0.0, -0.012435846235407553, 0.031594056798914555, -0.9994234164273905, 0.0, 0.4591882292644645, -0.026261220768512315, 0.4065383339653814, 1.0]",
  "1783354319.9517817": "[0.7228488767843482, -0.69031863335624, -0.030816972154635268, 0.0, -0.6908942401410044, -0.722815329123671, -0.014253032092301401, 0.0, -0.012435846235407553, 0.031594056798914555, -0.9994234164273905, 0.0, 0.4591882292644645, -0.026261220768512315, 0.4065383339653814, 1.0]",
  "1783354319.9718413": "[0.7228488767843482, -0.69031863335624, -0.030816972154635268, 0.0, -0.6908942401410044, -0.722815329123671, -0.014253032092301401, 0.0, -0.012435846235407553, 0.031594056798914555, -0.9994234164273905, 0.0, 0.4591882292644645, -0.026261220768512315, 0.4065383339653814, 1.0]",
  "1783354319.9920468": "[0.7228452961688199, -0.6903226033209768, -0.03081202931908837, 0.0, -0.6908982344360535, -0.7228112244096712, -0.0142675688376201, 0.0, -0.0124220553756298, 0.031601221677988595, -0.999423361408319, 0.0, 0.45918155777080394, -0.02626379021014046, 0.40654657929628646, 1.0]",
  "1783354320.0117927": "[0.7228452961688199, -0.6903226033209768, -0.03081202931908837, 0.0, -0.6908982344360535, -0.7228112244096712, -0.0142675688376201, 0.0, -0.0124220553756298, 0.031601221677988595, -0.999423361408319, 0.0, 0.45918155777080394, -0.02626379021014046, 0.40654657929628646, 1.0]",
  "1783354320.0318763": "[0.7228452961688199, -0.6903226033209768, -0.03081202931908837, 0.0, -0.6908982344360535, -0.7228112244096712, -0.0142675688376201, 0.0, -0.0124220553756298, 0.031601221677988595, -0.999423361408319, 0.0, 0.45918155777080394, -0.02626379021014046, 0.40654657929628646, 1.0]",
  "1783354320.051776": "[0.7229248984605765, -0.6902391594468126, -0.030813859737504355, 0.0, -0.6908146187698717, -0.7228915094352575, -0.014248792238362677, 0.0, -0.012440003199431107, 0.03158747144949656, -0.9994235728497831, 0.0, 0.45918957011341, -0.026209740294825194, 0.4065397962103575, 1.0]",
  "1783354320.0718377": "[0.7229248984605765, -0.6902391594468126, -0.030813859737504355, 0.0, -0.6908146187698717, -0.7228915094352575, -0.014248792238362677, 0.0, -0.012440003199431107, 0.03158747144949656, -0.9994235728497831, 0.0, 0.45918957011341, -0.026209740294825194, 0.4065397962103575, 1.0]",
  "1783354320.0918043": "[0.7229248984605765, -0.6902391594468126, -0.030813859737504355, 0.0, -0.6908146187698717, -0.7228915094352575, -0.014248792238362677, 0.0, -0.012440003199431107, 0.03158747144949656, -0.9994235728497831, 0.0, 0.45918957011341, -0.026209740294825194, 0.4065397962103575, 1.0]",
  "1783354320.1119606": "[0.7228907023523441, -0.6902759960516383, -0.030790935800221922, 0.0, -0.6908511517112468, -0.7228559245208872, -0.014282806597339756, 0.0, -0.012398331814341095, 0.031596861552564005, -0.9994237938473596, 0.0, 0.45918581828947996, -0.026231702216158375, 0.40655880229701424, 1.0]",
  "1783354320.1319568": "[0.7228907023523441, -0.6902759960516383, -0.030790935800221922, 0.0, -0.6908511517112468, -0.7228559245208872, -0.014282806597339756, 0.0, -0.012398331814341095, 0.031596861552564005, -0.9994237938473596, 0.0, 0.45918581828947996, -0.026231702216158375, 0.40655880229701424, 1.0]",
  "1783354320.1517758": "[0.7228907023523441, -0.6902759960516383, -0.030790935800221922, 0.0, -0.6908511517112468, -0.7228559245208872, -0.014282806597339756, 0.0, -0.012398331814341095, 0.031596861552564005, -0.9994237938473596, 0.0, 0.45918581828947996, -0.026231702216158375, 0.40655880229701424, 1.0]",
  "1783354320.1718361": "[0.7228907023523441, -0.6902759960516383, -0.030790935800221922, 0.0, -0.6908511517112468, -0.7228559245208872, -0.014282806597339756, 0.0, -0.012398331814341095, 0.031596861552564005, -0.9994237938473596, 0.0, 0.45918581828947996, -0.026231702216158375, 0.40655880229701424, 1.0]",
  "1783354320.1919844": "[0.7228935210095604, -0.6902707841218726, -0.03084156076101419, 0.0, -0.6908470555545702, -0.7228606088680791, -0.014243804914778956, 0.0, -0.012462067002745127, 0.031603555727871865, -0.9994227894897005, 0.0, 0.4591881955315035, -0.02622737174963838, 0.40652828489517157, 1.0]",
  "1783354320.2117808": "[0.7228935210095604, -0.6902707841218726, -0.03084156076101419, 0.0, -0.6908470555545702, -0.7228606088680791, -0.014243804914778956, 0.0, -0.012462067002745127, 0.031603555727871865, -0.9994227894897005, 0.0, 0.4591881955315035, -0.02622737174963838, 0.40652828489517157, 1.0]",
  "1783354320.2319214": "[0.7228935210095604, -0.6902707841218726, -0.03084156076101419, 0.0, -0.6908470555545702, -0.7228606088680791, -0.014243804914778956, 0.0, -0.012462067002745127, 0.031603555727871865, -0.9994227894897005, 0.0, 0.4591881955315035, -0.02622737174963838, 0.40652828489517157, 1.0]",
  "1783354320.2517712": "[0.7228940066288263, -0.6902727317147156, -0.030786539773526543, 0.0, -0.6908479043150789, -0.7228587797949406, -0.01429536906951902, 0.0, -0.012386617116312849, 0.031602853106556035, -0.999423749663745, 0.0, 0.45919012469588655, -0.02622608015149355, 0.40656214030042637, 1.0]",
  "1783354320.271859": "[0.7228940066288263, -0.6902727317147156, -0.030786539773526543, 0.0, -0.6908479043150789, -0.7228587797949406, -0.01429536906951902, 0.0, -0.012386617116312849, 0.031602853106556035, -0.999423749663745, 0.0, 0.45919012469588655, -0.02622608015149355, 0.40656214030042637, 1.0]",
  "1783354320.291779": "[0.7228940066288263, -0.6902727317147156, -0.030786539773526543, 0.0, -0.6908479043150789, -0.7228587797949406, -0.01429536906951902, 0.0, -0.012386617116312849, 0.031602853106556035, -0.999423749663745, 0.0, 0.45919012469588655, -0.02622608015149355, 0.40656214030042637, 1.0]",
  "1783354320.311766": "[0.7229020058833171, -0.6902632571002725, -0.030811130897773382, 0.0, -0.6908389307357212, -0.7228677969145296, -0.014273050264735535, 0.0, -0.012420212148026384, 0.03160354539062683, -0.9994233108392763, 0.0, 0.45918976753015595, -0.026220616027159402, 0.40654718004621154, 1.0]",
  "1783354320.3319547": "[0.7229020058833171, -0.6902632571002725, -0.030811130897773382, 0.0, -0.6908389307357212, -0.7228677969145296, -0.014273050264735535, 0.0, -0.012420212148026384, 0.03160354539062683, -0.9994233108392763, 0.0, 0.45918976753015595, -0.026220616027159402, 0.40654718004621154, 1.0]",
  "1783354320.3517916": "[0.7229020058833171, -0.6902632571002725, -0.030811130897773382, 0.0, -0.6908389307357212, -0.7228677969145296, -0.014273050264735535, 0.0, -0.012420212148026384, 0.03160354539062683, -0.9994233108392763, 0.0, 0.45918976753015595, -0.026220616027159402, 0.40654718004621154, 1.0]",
  "1783354320.3718412": "[0.7229020058833171, -0.6902632571002725, -0.030811130897773382, 0.0, -0.6908389307357212, -0.7228677969145296, -0.014273050264735535, 0.0, -0.012420212148026384, 0.03160354539062683, -0.9994233108392763, 0.0, 0.45918976753015595, -0.026220616027159402, 0.40654718004621154, 1.0]",
  "1783354320.393819": "[0.7228956813641878, -0.6902698283844905, -0.030812300904875002, 0.0, -0.6908455656449398, -0.7228614131204256, -0.014275218046128068, 0.0, -0.012419271062737712, 0.031606034923528564, -0.9994232438074886, 0.0, 0.4591875992944821, -0.02622730738321972, 0.40654873850008183, 1.0]",
  "1783354320.411867": "[0.7228956813641878, -0.6902698283844905, -0.030812300904875002, 0.0, -0.6908455656449398, -0.7228614131204256, -0.014275218046128068, 0.0, -0.012419271062737712, 0.031606034923528564, -0.9994232438074886, 0.0, 0.4591875992944821, -0.02622730738321972, 0.40654873850008183, 1.0]",
  "1783354320.4319124": "[0.7228956813641878, -0.6902698283844905, -0.030812300904875002, 0.0, -0.6908455656449398, -0.7228614131204256, -0.014275218046128068, 0.0, -0.012419271062737712, 0.031606034923528564, -0.9994232438074886, 0.0, 0.4591875992944821, -0.02622730738321972, 0.40654873850008183, 1.0]",
  "1783354320.4518282": "[0.7228953197264341, -0.690269714495543, -0.03082333479457239, 0.0, -0.690845672442864, -0.7228615146581694, -0.014264904243083267, 0.0, -0.012434371097241107, 0.031606199966758536, -0.9994230508343689, 0.0, 0.4591892414218232, -0.02622459153798421, 0.40654221585045025, 1.0]",
  "1783354320.471806": "[0.7228953197264341, -0.690269714495543, -0.03082333479457239, 0.0, -0.690845672442864, -0.7228615146581694, -0.014264904243083267, 0.0, -0.012434371097241107, 0.031606199966758536, -0.9994230508343689, 0.0, 0.4591892414218232, -0.02622459153798421, 0.40654221585045025, 1.0]",
  "1783354320.4918847": "[0.7228953197264341, -0.690269714495543, -0.03082333479457239, 0.0, -0.690845672442864, -0.7228615146581694, -0.014264904243083267, 0.0, -0.012434371097241107, 0.031606199966758536, -0.9994230508343689, 0.0, 0.4591892414218232, -0.02622459153798421, 0.40654221585045025, 1.0]",
  "1783354320.5120244": "[0.7228976937555823, -0.6902683681909834, -0.030797795989603895, 0.0, -0.6908437998862149, -0.7228628571627183, -0.014287543292219618, 0.0, -0.012400343609581107, 0.03160489850495699, -0.9994235147668158, 0.0, 0.45918921673936164, -0.0262252253870779, 0.40655725380362917, 1.0]",
