{
  "1783355243.1423702": "[0.7403249208993591, -0.6702640223124501, -0.051625109093280996, 0.0, -0.6711812706780191, -0.7412930327012826, -0.0005844309834773347, 0.0, -0.037877610621543295, 0.035082475141733696, -0.9986663639832534, 0.0, 0.45677697939563205, -0.02566715946507201, 0.3976563487085193, 1.0]",
  "1783355243.16239": "[0.7403249208993591, -0.6702640223124501, -0.051625109093280996, 0.0, -0.6711812706780191, -0.7412930327012826, -0.0005844309834773347, 0.0, -0.037877610621543295, 0.035082475141733696, -0.9986663639832534, 0.0, 0.45677697939563205, -0.02566715946507201, 0.3976563487085193, 1.0]",
  "1783355243.182407": "[0.7403350063211078, -0.6702530349890232, -0.05162312954024297, 0.0, -0.6711701398583505, -0.7413031118470683, -0.0005828622273426724, 0.0, -0.03787772139460952, 0.03507941638421469, -0.9986664672292227, 0.0, 0.4567777503052285, -0.025662637125932773, 0.39765652130459517, 1.0]",
  "1783355243.2023923": "[0.7403350063211078, -0.6702530349890232, -0.05162312954024297, 0.0, -0.6711701398583505, -0.7413031118470683, -0.0005828622273426724, 0.0, -0.03787772139460952, 0.03507941638421469, -0.9986664672292227, 0.0, 0.4567777503052285, -0.025662637125932773, 0.39765652130459517, 1.0]",
  "1783355243.223214": "[0.7403350063211078, -0.6702530349890232, -0.05162312954024297, 0.0, -0.6711701398583505, -0.7413031118470683, -0.0005828622273426724, 0.0, -0.03787772139460952, 0.03507941638421469, -0.9986664672292227, 0.0, 0.4567777503052285, -0.025662637125932773, 0.39765652130459517, 1.0]",
  "1783355243.2423928": "[0.7403350063211078, -0.6702530349890232, -0.05162312954024297, 0.0, -0.6711701398583505, -0.7413031118470683, -0.0005828622273426724, 0.0, -0.03787772139460952, 0.03507941638421469, -0.9986664672292227, 0.0, 0.4567777503052285, -0.025662637125932773, 0.39765652130459517, 1.0]",
  "1783355243.262381": "[0.7403127211205371, -0.6702770646876515, -0.05163072245099441, 0.0, -0.6711945089322053, -0.7412810466981412, -0.000583939521131463, 0.0, -0.037881474712075244, 0.03508655525716883, -0.9986660740777291, 0.0, 0.4567769072503013, -0.025675681439622816, 0.397654450294144, 1.0]",
  "1783355243.2824764": "[0.7403127211205371, -0.6702770646876515, -0.05163072245099441, 0.0, -0.6711945089322053, -0.7412810466981412, -0.000583939521131463, 0.0, -0.037881474712075244, 0.03508655525716883, -0.9986660740777291, 0.0, 0.4567769072503013, -0.025675681439622816, 0.397654450294144, 1.0]",
  "1783355243.3023992": "[0.7403127211205371, -0.6702770646876515, -0.05163072245099441, 0.0, -0.6711945089322053, -0.7412810466981412, -0.000583939521131463, 0.0, -0.037881474712075244, 0.03508655525716883, -0.9986660740777291, 0.0, 0.4567769072503013, -0.025675681439622816, 0.397654450294144, 1.0]",
  "1783355243.3233097": "[0.7403495179675106, -0.6702370412368991, -0.05162266749483253, 0.0, -0.6711538624616732, -0.7413178540323921, -0.00057636410938414, 0.0, -0.03788250451134821, 0.035073463570287844, -0.9986664948846196, 0.0, 0.4567793309842338, -0.02564973545600232, 0.3976549209133864, 1.0]",
  "1783355243.3423784": "[0.7403495179675106, -0.6702370412368991, -0.05162266749483253, 0.0, -0.6711538624616732, -0.7413178540323921, -0.00057636410938414, 0.0, -0.03788250451134821, 0.035073463570287844, -0.9986664948846196, 0.0, 0.4567793309842338, -0.02564973545600232, 0.3976549209133864, 1.0]",
  "1783355243.3623981": "[0.7403495179675106, -0.6702370412368991, -0.05162266749483253, 0.0, -0.6711538624616732, -0.7413178540323921, -0.00057636410938414, 0.0, -0.03788250451134821, 0.035073463570287844, -0.9986664948846196, 0.0, 0.4567793309842338, -0.02564973545600232, 0.3976549209133864, 1.0]",
  "1783355243.3823721": "[0.7403220363667403, -0.6702672979181835, -0.05162394610314059, 0.0, -0.6711845397294945, -0.7412900721992486, -0.0005852238375393982, 0.0, -0.03787606233374235, 0.035082448607394165, -0.9986664236379437, 0.0, 0.45677684197329244, -0.025670603246118025, 0.39765665951475393, 1.0]",
  "1783355243.4023952": "[0.7403220363667403, -0.6702672979181835, -0.05162394610314059, 0.0, -0.6711845397294945, -0.7412900721992486, -0.0005852238375393982, 0.0, -0.03787606233374235, 0.035082448607394165, -0.9986664236379437, 0.0, 0.45677684197329244, -0.025670603246118025, 0.39765665951475393, 1.0]",
  "1783355243.4224284": "[0.7403220363667403, -0.6702672979181835, -0.05162394610314059, 0.0, -0.6711845397294945, -0.7412900721992486, -0.0005852238375393982, 0.0, -0.03787606233374235, 0.035082448607394165, -0.9986664236379437, 0.0, 0.45677684197329244, -0.025670603246118025, 0.39765665951475393, 1.0]",
  "1783355243.4423852": "[0.7403220363667403, -0.6702672979181835, -0.05162394610314059, 0.0, -0.6711845397294945, -0.7412900721992486, -0.0005852238375393982, 0.0, -0.03787606233374235, 0.035082448607394165, -0.9986664236379437, 0.0, 0.45677684197329244, -0.025670603246118025, 0.39765665951475393, 1.0]",
  "1783355243.4623904": "[0.7403295999786632, -0.6702584722757063, -0.05163006622181264, 0.0, -0.6711757170359502, -0.741298064574559, -0.0005799304189737925, 0.0, -0.03788456488743844, 0.03508218637213302, -0.9986661103405083, 0.0, 0.4567786897238436, -0.02566278924692862, 0.39765379864493555, 1.0]",
  "1783355243.4830332": "[0.7403295999786632, -0.6702584722757063, -0.05163006622181264, 0.0, -0.6711757170359502, -0.741298064574559, -0.0005799304189737925, 0.0, -0.03788456488743844, 0.03508218637213302, -0.9986661103405083, 0.0, 0.4567786897238436, -0.02566278924692862, 0.39765379864493555, 1.0]",
  "1783355243.5024": "[0.7403295999786632, -0.6702584722757063, -0.05163006622181264, 0.0, -0.6711757170359502, -0.741298064574559, -0.0005799304189737925, 0.0, -0.03788456488743844, 0.03508218637213302, -0.9986661103405083, 0.0, 0.4567786897238436, -0.02566278924692862, 0.39765379864493555, 1.0]",
  "1783355243.5224087": "[0.7403150118137092, -0.6702760649874118, -0.05161085145837633, 0.0, -0.6711931834592562, -0.7412822390025562, -0.0005938157841328603, 0.0, -0.03786018701877759, 0.035080462430635895, -0.9986670953799144, 0.0, 0.4567768146855867, -0.025673037325449177, 0.3976644307927693, 1.0]",
  "1783355243.5423787": "[0.7403150118137092, -0.6702760649874118, -0.05161085145837633, 0.0, -0.6711931834592562, -0.7412822390025562, -0.0005938157841328603, 0.0, -0.03786018701877759, 0.035080462430635895, -0.9986670953799144, 0.0, 0.4567768146855867, -0.025673037325449177, 0.3976644307927693, 1.0]",
  "1783355243.5624385": "[0.7403150118137092, -0.6702760649874118, -0.05161085145837633, 0.0, -0.6711931834592562, -0.7412822390025562, -0.0005938157841328603, 0.0, -0.03786018701877759, 0.035080462430635895, -0.9986670953799144, 0.0, 0.4567768146855867, -0.025673037325449177, 0.3976644307927693, 1.0]",
  "1783355243.5823755": "[0.7403311436852282, -0.6702566922344715, -0.0516310391588904, 0.0, -0.6711739203369838, -0.7412996923127577, -0.0005786505808060179, 0.0, -0.037886229018022806, 0.03508180000962703, -0.9986660607825213, 0.0, 0.4567777129842176, -0.02566133362191929, 0.397652871196465, 1.0]",
  "1783355243.6023974": "[0.7403311436852282, -0.6702566922344715, -0.0516310391588904, 0.0, -0.6711739203369838, -0.7412996923127577, -0.0005786505808060179, 0.0, -0.037886229018022806, 0.03508180000962703, -0.9986660607825213, 0.0, 0.4567777129842176, -0.02566133362191929, 0.397652871196465, 1.0]",
  "1783355243.6223924": "[0.7403311436852282, -0.6702566922344715, -0.0516310391588904, 0.0, -0.6711739203369838, -0.7412996923127577, -0.0005786505808060179, 0.0, -0.037886229018022806, 0.03508180000962703, -0.9986660607825213, 0.0, 0.4567777129842176, -0.02566133362191929, 0.397652871196465, 1.0]",
  "1783355243.6423705": "[0.7403311436852282, -0.6702566922344715, -0.0516310391588904, 0.0, -0.6711739203369838, -0.7412996923127577, -0.0005786505808060179, 0.0, -0.037886229018022806, 0.03508180000962703, -0.9986660607825213, 0.0, 0.4567777129842176, -0.02566133362191929, 0.397652871196465, 1.0]",
  "1783355243.662416": "[0.740314953772244, -0.6702749046907797, -0.05162675045910278, 0.0, -0.671192248404807, -0.7412830926176732, -0.0005850474148957757, 0.0, -0.03787789464186575, 0.03508459406839223, -0.9986662787721208, 0.0, 0.4567766278424061, -0.02567448477670002, 0.3976559247209256, 1.0]",
  "1783355243.682388": "[0.740314953772244, -0.6702749046907797, -0.05162675045910278, 0.0, -0.671192248404807, -0.7412830926176732, -0.0005850474148957757, 0.0, -0.03787789464186575, 0.03508459406839223, -0.9986662787721208, 0.0, 0.4567766278424061, -0.02567448477670002, 0.3976559247209256, 1.0]",
  "1783355243.7023923": "[0.740314953772244, -0.6702749046907797, -0.05162675045910278, 0.0, -0.671192248404807, -0.7412830926176732, -0.0005850474148957757, 0.0, -0.03787789464186575, 0.03508459406839223, -0.9986662787721208, 0.0, 0.4567766278424061, -0.02567448477670002, 0.3976559247209256, 1.0]",
  "1783355243.7229416": "[0.7406667531834898, -0.6699048367868672, -0.051383561361470105, 0.0, -0.6708163071496833, -0.7416232436175352, -0.00066827259988924, 0.0, -0.037659564398556174, 0.034963898177501986, -0.9986787686906857, 0.0, 0.4567800331882769, -0.025438514358550563, 0.39775291797224877, 1.0]",
  "1783355243.742387": "[0.7406667531834898, -0.6699048367868672, -0.051383561361470105, 0.0, -0.6708163071496833, -0.7416232436175352, -0.00066827259988924, 0.0, -0.037659564398556174, 0.034963898177501986, -0.9986787686906857, 0.0, 0.4567800331882769, -0.025438514358550563, 0.39775291797224877, 1.0]",
  "1783355243.7625425": "[0.7406667531834898, -0.6699048367868672, -0.051383561361470105, 0.0, -0.6708163071496833, -0.7416232436175352, -0.00066827259988924, 0.0, -0.037659564398556174, 0.034963898177501986, -0.9986787686906857, 0.0, 0.4567800331882769, -0.025438514358550563, 0.39775291797224877, 1.0]",
  "1783355243.7823703": "[0.7425513680045694, -0.6678128006212606, -0.0514152623345525, 0.0, -0.6687058996046228, -0.743526979016051, -0.00022651542433027236, 0.0, -0.038077364779021655, 0.034549888591045186, -0.9986773350235962, 0.0, 0.45686236582654693, -0.02413051039603345, 0.39762261657839804, 1.0]",
  "1783355243.8024037": "[0.7425513680045694, -0.6678128006212606, -0.0514152623345525, 0.0, -0.6687058996046228, -0.743526979016051, -0.00022651542433027236, 0.0, -0.038077364779021655, 0.034549888591045186, -0.9986773350235962, 0.0, 0.45686236582654693, -0.02413051039603345, 0.39762261657839804, 1.0]",
  "1783355243.8224227": "[0.7425513680045694, -0.6678128006212606, -0.0514152623345525, 0.0, -0.6687058996046228, -0.743526979016051, -0.00022651542433027236, 0.0, -0.038077364779021655, 0.034549888591045186, -0.9986773350235962, 0.0, 0.45686236582654693, -0.02413051039603345, 0.39762261657839804, 1.0]",
  "1783355243.8423953": "[0.7425513680045694, -0.6678128006212606, -0.0514152623345525, 0.0, -0.6687058996046228, -0.743526979016051, -0.00022651542433027236, 0.0, -0.038077364779021655, 0.034549888591045186, -0.9986773350235962, 0.0, 0.45686236582654693, -0.02413051039603345, 0.39762261657839804, 1.0]",
  "1783355243.8629549": "[0.7429418870083837, -0.6673800338827613, -0.051393023875487824, 0.0, -0.6682708891960742, -0.7439179911351681, -0.00020277698278662812, 0.0, -0.038096865770171844, 0.034495113277980674, -0.9986784847879868, 0.0, 0.4568830880393046, -0.023850841042088483, 0.39761829078922284, 1.0]",
  "1783355243.882496": "[0.7429418870083837, -0.6673800338827613, -0.051393023875487824, 0.0, -0.6682708891960742, -0.7439179911351681, -0.00020277698278662812, 0.0, -0.038096865770171844, 0.034495113277980674, -0.9986784847879868, 0.0, 0.4568830880393046, -0.023850841042088483, 0.39761829078922284, 1.0]",
  "1783355243.902404": "[0.7429418870083837, -0.6673800338827613, -0.051393023875487824, 0.0, -0.6682708891960742, -0.7439179911351681, -0.00020277698278662812, 0.0, -0.038096865770171844, 0.034495113277980674, -0.9986784847879868, 0.0, 0.4568830880393046, -0.023850841042088483, 0.39761829078922284, 1.0]",
  "1783355243.9231467": "[0.7415378924593399, -0.6689318249230439, -0.0514953167976118, 0.0, -0.6698380451022997, -0.7425070922812829, -0.00045961453766325475, 0.0, -0.03792818715005802, 0.034834343931238396, -0.9986731302595406, 0.0, 0.4568234106231103, -0.024825462636070973, 0.39765615010284316, 1.0]",
  "1783355243.942399": "[0.7415378924593399, -0.6689318249230439, -0.0514953167976118, 0.0, -0.6698380451022997, -0.7425070922812829, -0.00045961453766325475, 0.0, -0.03792818715005802, 0.034834343931238396, -0.9986731302595406, 0.0, 0.4568234106231103, -0.024825462636070973, 0.39765615010284316, 1.0]",
  "1783355243.9625294": "[0.7415378924593399, -0.6689318249230439, -0.0514953167976118, 0.0, -0.6698380451022997, -0.7425070922812829, -0.00045961453766325475, 0.0, -0.03792818715005802, 0.034834343931238396, -0.9986731302595406, 0.0, 0.4568234106231103, -0.024825462636070973, 0.39765615010284316, 1.0]",
  "1783355243.9823284": "[0.7418312852795057, -0.6686223831097912, -0.0512879419078231, 0.0, -0.6695193718587683, -0.7427944780169631, -0.00041729288067143475, 0.0, -0.03781738867765648, 0.03464783156406119, -0.9986838202762234, 0.0, 0.45680889996927443, -0.024673367039704068, 0.3977039499564152, 1.0]",
  "1783355244.0024018": "[0.7418312852795057, -0.6686223831097912, -0.0512879419078231, 0.0, -0.6695193718587683, -0.7427944780169631, -0.00041729288067143475, 0.0, -0.03781738867765648, 0.03464783156406119, -0.9986838202762234, 0.0, 0.45680889996927443, -0.024673367039704068, 0.3977039499564152, 1.0]",
  "1783355244.0224116": "[0.7418312852795057, -0.6686223831097912, -0.0512879419078231, 0.0, -0.6695193718587683, -0.7427944780169631, -0.00041729288067143475, 0.0, -0.03781738867765648, 0.03464783156406119, -0.9986838202762234, 0.0, 0.45680889996927443, -0.024673367039704068, 0.3977039499564152, 1.0]",
  "1783355244.0423992": "[0.7418312852795057, -0.6686223831097912, -0.0512879419078231, 0.0, -0.6695193718587683, -0.7427944780169631, -0.00041729288067143475, 0.0, -0.03781738867765648, 0.03464783156406119, -0.9986838202762234, 0.0, 0.45680889996927443, -0.024673367039704068, 0.3977039499564152, 1.0]",
  "1783355244.0624194": "[0.7469959507926058, -0.6628669837504536, -0.051033433678586426, 0.0, -0.663703487275627, -0.7479954123099217, 0.0007376594619645689, 0.0, -0.03866174436859274, 0.033320039268975865, -0.9986966729220097, 0.0, 0.45702173037483407, -0.021116115137213606, 0.39748253933513394, 1.0]",
  "1783355244.082383": "[0.7469959507926058, -0.6628669837504536, -0.051033433678586426, 0.0, -0.663703487275627, -0.7479954123099217, 0.0007376594619645689, 0.0, -0.03866174436859274, 0.033320039268975865, -0.9986966729220097, 0.0, 0.45702173037483407, -0.021116115137213606, 0.39748253933513394, 1.0]",
  "1783355244.102403": "[0.7469959507926058, -0.6628669837504536, -0.051033433678586426, 0.0, -0.663703487275627, -0.7479954123099217, 0.0007376594619645689, 0.0, -0.03866174436859274, 0.033320039268975865, -0.9986966729220097, 0.0, 0.45702173037483407, -0.021116115137213606, 0.39748253933513394, 1.0]",
  "1783355244.1224098": "[0.7470053839083179, -0.6628551139072921, -0.05104952868476991, 0.0, -0.6637026898534614, -0.7479963393333278, 0.0004645699318528533, 0.0, -0.038492803135995825, 0.03353467326353722, -0.9986960147091013, 0.0, 0.45703150309813634, -0.02103836001328222, 0.397542947390134, 1.0]",
  "1783355244.142383": "[0.7470053839083179, -0.6628551139072921, -0.05104952868476991, 0.0, -0.6637026898534614, -0.7479963393333278, 0.0004645699318528533, 0.0, -0.038492803135995825, 0.03353467326353722, -0.9986960147091013, 0.0, 0.45703150309813634, -0.02103836001328222, 0.397542947390134, 1.0]",
  "1783355244.1624565": "[0.7470053839083179, -0.6628551139072921, -0.05104952868476991, 0.0, -0.6637026898534614, -0.7479963393333278, 0.0004645699318528533, 0.0, -0.038492803135995825, 0.03353467326353722, -0.9986960147091013, 0.0, 0.45703150309813634, -0.02103836001328222, 0.397542947390134, 1.0]",
  "1783355244.1823397": "[0.7426701222344545, -0.6676875460100276, -0.051326703024524405, 0.0, -0.6685821779987302, -0.7436381832142087, -0.00035175040243612746, 0.0, -0.03793363682452194, 0.03457735341200378, -0.9986818541599156, 0.0, 0.45687800155577557, -0.024048850905284552, 0.3976699735118685, 1.0]",
  "1783355244.2024262": "[0.7426701222344545, -0.6676875460100276, -0.051326703024524405, 0.0, -0.6685821779987302, -0.7436381832142087, -0.00035175040243612746, 0.0, -0.03793363682452194, 0.03457735341200378, -0.9986818541599156, 0.0, 0.45687800155577557, -0.024048850905284552, 0.3976699735118685, 1.0]",
  "1783355244.2225177": "[0.7426701222344545, -0.6676875460100276, -0.051326703024524405, 0.0, -0.6685821779987302, -0.7436381832142087, -0.00035175040243612746, 0.0, -0.03793363682452194, 0.03457735341200378, -0.9986818541599156, 0.0, 0.45687800155577557, -0.024048850905284552, 0.3976699735118685, 1.0]",
  "1783355244.2423878": "[0.7426701222344545, -0.6676875460100276, -0.051326703024524405, 0.0, -0.6685821779987302, -0.7436381832142087, -0.00035175040243612746, 0.0, -0.03793363682452194, 0.03457735341200378, -0.9986818541599156, 0.0, 0.45687800155577557, -0.024048850905284552, 0.3976699735118685, 1.0]",
  "1783355244.2624328": "[0.7435214993383257, -0.6667449491288118, -0.05125380798444493, 0.0, -0.6676091885020718, -0.7445118212704873, 0.00034556635659338183, 0.0, -0.03838947055239443, 0.033960577140561096, -0.9986856000518816, 0.0, 0.456882606832724, -0.023621304185944002, 0.3975115549960009, 1.0]",
  "1783355244.2823849": "[0.7435214993383257, -0.6667449491288118, -0.05125380798444493, 0.0, -0.6676091885020718, -0.7445118212704873, 0.00034556635659338183, 0.0, -0.03838947055239443, 0.033960577140561096, -0.9986856000518816, 0.0, 0.456882606832724, -0.023621304185944002, 0.3975115549960009, 1.0]",
  "1783355244.3024056": "[0.7435214993383257, -0.6667449491288118, -0.05125380798444493, 0.0, -0.6676091885020718, -0.7445118212704873, 0.00034556635659338183, 0.0, -0.03838947055239443, 0.033960577140561096, -0.9986856000518816, 0.0, 0.456882606832724, -0.023621304185944002, 0.3975115549960009, 1.0]",
  "1783355244.323803": "[0.7491229787293814, -0.6604470110719457, -0.05122995516055316, 0.0, -0.6612583850329151, -0.7501567885322835, 0.0014631618474733842, 0.0, -0.03939683950877175, 0.032780149253233595, -0.9986858118806214, 0.0, 0.457106702541342, -0.019646261460997634, 0.3972254826290151, 1.0]",
  "1783355244.3423831": "[0.7491229787293814, -0.6604470110719457, -0.05122995516055316, 0.0, -0.6612583850329151, -0.7501567885322835, 0.0014631618474733842, 0.0, -0.03939683950877175, 0.032780149253233595, -0.9986858118806214, 0.0, 0.457106702541342, -0.019646261460997634, 0.3972254826290151, 1.0]",
  "1783355244.3625581": "[0.7491229787293814, -0.6604470110719457, -0.05122995516055316, 0.0, -0.6612583850329151, -0.7501567885322835, 0.0014631618474733842, 0.0, -0.03939683950877175, 0.032780149253233595, -0.9986858118806214, 0.0, 0.457106702541342, -0.019646261460997634, 0.3972254826290151, 1.0]",
  "1783355244.3823678": "[0.7468376610909495, -0.6630314188340565, -0.05121372487037066, 0.0, -0.6638830548984354, -0.7478362325296628, 0.0005086595724501479, 0.0, -0.038636736338893855, 0.03362003799428946, -0.9986875866107181, 0.0, 0.4570240456120699, -0.02114218880580867, 0.3974829243548069, 1.0]",
  "1783355244.4033144": "[0.7468376610909495, -0.6630314188340565, -0.05121372487037066, 0.0, -0.6638830548984354, -0.7478362325296628, 0.0005086595724501479, 0.0, -0.038636736338893855, 0.03362003799428946, -0.9986875866107181, 0.0, 0.4570240456120699, -0.02114218880580867, 0.3974829243548069, 1.0]",
  "1783355244.4223874": "[0.7468376610909495, -0.6630314188340565, -0.05121372487037066, 0.0, -0.6638830548984354, -0.7478362325296628, 0.0005086595724501479, 0.0, -0.038636736338893855, 0.03362003799428946, -0.9986875866107181, 0.0, 0.4570240456120699, -0.02114218880580867, 0.3974829243548069, 1.0]",
  "1783355244.442399": "[0.7468376610909495, -0.6630314188340565, -0.05121372487037066, 0.0, -0.6638830548984354, -0.7478362325296628, 0.0005086595724501479, 0.0, -0.038636736338893855, 0.03362003799428946, -0.9986875866107181, 0.0, 0.4570240456120699, -0.02114218880580867, 0.3974829243548069, 1.0]",
  "1783355244.462419": "[0.7417404061070803, -0.6687108661118517, -0.051448493583787225, 0.0, -0.6696154280525184, -0.742707856973357, -0.0004665877042899329, 0.0, -0.03789918814626926, 0.03479679200702951, -0.9986755403051948, 0.0, 0.45684185038606684, -0.024690289182773016, 0.39766364348939015, 1.0]",
  "1783355244.4823873": "[0.7417404061070803, -0.6687108661118517, -0.051448493583787225, 0.0, -0.6696154280525184, -0.742707856973357, -0.0004665877042899329, 0.0, -0.03789918814626926, 0.03479679200702951, -0.9986755403051948, 0.0, 0.45684185038606684, -0.024690289182773016, 0.39766364348939015, 1.0]",
  "1783355244.5024362": "[0.7417404061070803, -0.6687108661118517, -0.051448493583787225, 0.0, -0.6696154280525184, -0.742707856973357, -0.0004665877042899329, 0.0, -0.03789918814626926, 0.03479679200702951, -0.9986755403051948, 0.0, 0.45684185038606684, -0.024690289182773016, 0.39766364348939015, 1.0]",
  "1783355244.5223885": "[0.7398357338747507, -0.6707983307158628, -0.05169803082150232, 0.0, -0.6717237547477956, -0.7408013820669574, -0.0007138873924715829, 0.0, -0.03781909821152005, 0.03525495477939994, -0.9986625075439499, 0.0, 0.4567688648475993, -0.02600832070106711, 0.39764096946508926, 1.0]",
  "1783355244.542388": "[0.7398357338747507, -0.6707983307158628, -0.05169803082150232, 0.0, -0.6717237547477956, -0.7408013820669574, -0.0007138873924715829, 0.0, -0.03781909821152005, 0.03525495477939994, -0.9986625075439499, 0.0, 0.4567688648475993, -0.02600832070106711, 0.39764096946508926, 1.0]",
  "1783355244.5624695": "[0.7398357338747507, -0.6707983307158628, -0.05169803082150232, 0.0, -0.6717237547477956, -0.7408013820669574, -0.0007138873924715829, 0.0, -0.03781909821152005, 0.03525495477939994, -0.9986625075439499, 0.0, 0.4567688648475993, -0.02600832070106711, 0.39764096946508926, 1.0]",
  "1783355244.5823352": "[0.7401908676140303, -0.6704116330620676, -0.05163062807908427, 0.0, -0.6713338222662623, -0.7411547764005664, -0.0007046275593844825, 0.0, -0.037793896096587, 0.03518294577886501, -0.9986660010955426, 0.0, 0.4567833814577247, -0.025762855590795452, 0.3976617104154615, 1.0]",
  "1783355244.6023996": "[0.7401908676140303, -0.6704116330620676, -0.05163062807908427, 0.0, -0.6713338222662623, -0.7411547764005664, -0.0007046275593844825, 0.0, -0.037793896096587, 0.03518294577886501, -0.9986660010955426, 0.0, 0.4567833814577247, -0.025762855590795452, 0.3976617104154615, 1.0]",
  "1783355244.622384": "[0.7401908676140303, -0.6704116330620676, -0.05163062807908427, 0.0, -0.6713338222662623, -0.7411547764005664, -0.0007046275593844825, 0.0, -0.037793896096587, 0.03518294577886501, -0.9986660010955426, 0.0, 0.4567833814577247, -0.025762855590795452, 0.3976617104154615, 1.0]",
  "1783355244.6423411": "[0.7401908676140303, -0.6704116330620676, -0.05163062807908427, 0.0, -0.6713338222662623, -0.7411547764005664, -0.0007046275593844825, 0.0, -0.037793896096587, 0.03518294577886501, -0.9986660010955426, 0.0, 0.4567833814577247, -0.025762855590795452, 0.3976617104154615, 1.0]",
  "1783355244.6623867": "[0.7405748368648535, -0.6699899163964915, -0.05159867178152831, 0.0, -0.6709083516074736, -0.7415399932576467, -0.0006497251667449203, 0.0, -0.037827169414829886, 0.03509914993944933, -0.9986676899387454, 0.0, 0.4567963611125704, -0.025495856041378995, 0.39765619733392144, 1.0]",
  "1783355244.682401": "[0.7405748368648535, -0.6699899163964915, -0.05159867178152831, 0.0, -0.6709083516074736, -0.7415399932576467, -0.0006497251667449203, 0.0, -0.037827169414829886, 0.03509914993944933, -0.9986676899387454, 0.0, 0.4567963611125704, -0.025495856041378995, 0.39765619733392144, 1.0]",
  "1783355244.7024593": "[0.7405748368648535, -0.6699899163964915, -0.05159867178152831, 0.0, -0.6709083516074736, -0.7415399932576467, -0.0006497251667449203, 0.0, -0.037827169414829886, 0.03509914993944933, -0.9986676899387454, 0.0, 0.4567963611125704, -0.025495856041378995, 0.39765619733392144, 1.0]",
  "1783355244.722456": "[0.7405844155153228, -0.6699805234079805, -0.05158315374030703, 0.0, -0.6708986643433639, -0.7415487515539998, -0.0006566970338426625, 0.0, -0.03781144903488835, 0.0350934085359694, -0.9986684870362184, 0.0, 0.45679966020713586, -0.02548994498159454, 0.39766331704015956, 1.0]",
  "1783355244.7424672": "[0.7405844155153228, -0.6699805234079805, -0.05158315374030703, 0.0, -0.6708986643433639, -0.7415487515539998, -0.0006566970338426625, 0.0, -0.03781144903488835, 0.0350934085359694, -0.9986684870362184, 0.0, 0.45679966020713586, -0.02548994498159454, 0.39766331704015956, 1.0]",
  "1783355244.7624717": "[0.7405844155153228, -0.6699805234079805, -0.05158315374030703, 0.0, -0.6708986643433639, -0.7415487515539998, -0.0006566970338426625, 0.0, -0.03781144903488835, 0.0350934085359694, -0.9986684870362184, 0.0, 0.45679966020713586, -0.02548994498159454, 0.39766331704015956, 1.0]",
  "1783355244.782368": "[0.7405745606610407, -0.6699895336962342, -0.051607604470749004, 0.0, -0.6709079650783009, -0.7415403502698481, -0.0006413393521610307, 0.0, -0.037839430442331574, 0.03509891250699733, -0.9986672337894271, 0.0, 0.45679695797271125, -0.025492177305175594, 0.397651232566282, 1.0]",
  "1783355244.8026261": "[0.7405745606610407, -0.6699895336962342, -0.051607604470749004, 0.0, -0.6709079650783009, -0.7415403502698481, -0.0006413393521610307, 0.0, -0.037839430442331574, 0.03509891250699733, -0.9986672337894271, 0.0, 0.45679695797271125, -0.025492177305175594, 0.397651232566282, 1.0]",
  "1783355244.8223886": "[0.7405745606610407, -0.6699895336962342, -0.051607604470749004, 0.0, -0.6709079650783009, -0.7415403502698481, -0.0006413393521610307, 0.0, -0.037839430442331574, 0.03509891250699733, -0.9986672337894271, 0.0, 0.45679695797271125, -0.025492177305175594, 0.397651232566282, 1.0]",
  "1783355244.8424463": "[0.7405745606610407, -0.6699895336962342, -0.051607604470749004, 0.0, -0.6709079650783009, -0.7415403502698481, -0.0006413393521610307, 0.0, -0.037839430442331574, 0.03509891250699733, -0.9986672337894271, 0.0, 0.45679695797271125, -0.025492177305175594, 0.397651232566282, 1.0]",
  "1783355244.8625402": "[0.7406125012027911, -0.66994956147509, -0.0515820525132563, 0.0, -0.6708679091518385, -0.7415765687017775, -0.0006642459926066539, 0.0, -0.03780703019791709, 0.03509669260532694, -0.9986685389235916, 0.0, 0.4568039340926709, -0.025463729275357866, 0.39766493490539656, 1.0]",
  "1783355244.8823864": "[0.7406125012027911, -0.66994956147509, -0.0515820525132563, 0.0, -0.6708679091518385, -0.7415765687017775, -0.0006642459926066539, 0.0, -0.03780703019791709, 0.03509669260532694, -0.9986685389235916, 0.0, 0.4568039340926709, -0.025463729275357866, 0.39766493490539656, 1.0]",
  "1783355244.9030159": "[0.7406125012027911, -0.66994956147509, -0.0515820525132563, 0.0, -0.6708679091518385, -0.7415765687017775, -0.0006642459926066539, 0.0, -0.03780703019791709, 0.03509669260532694, -0.9986685389235916, 0.0, 0.4568039340926709, -0.025463729275357866, 0.39766493490539656, 1.0]",
  "1783355244.9224396": "[0.7405832066607376, -0.6699811334886396, -0.05159258455802271, 0.0, -0.670899787736343, -0.7415477309490601, -0.0006614677845900134, 0.0, -0.037815193076713424, 0.0351033259617612, -0.9986679967231316, 0.0, 0.45679849389823335, -0.02548539774134051, 0.39766160251834387, 1.0]",
  "1783355244.9423842": "[0.7405832066607376, -0.6699811334886396, -0.05159258455802271, 0.0, -0.670899787736343, -0.7415477309490601, -0.0006614677845900134, 0.0, -0.037815193076713424, 0.0351033259617612, -0.9986679967231316, 0.0, 0.45679849389823335, -0.02548539774134051, 0.39766160251834387, 1.0]",
  "1783355244.962411": "[0.7405832066607376, -0.6699811334886396, -0.05159258455802271, 0.0, -0.670899787736343, -0.7415477309490601, -0.0006614677845900134, 0.0, -0.037815193076713424, 0.0351033259617612, -0.9986679967231316, 0.0, 0.45679849389823335, -0.02548539774134051, 0.39766160251834387, 1.0]",
  "1783355244.9823189": "[0.7406412161111235, -0.6699163115284744, -0.05160159440869927, 0.0, -0.6708344043097677, -0.7416068983961037, -0.0006405042316321857, 0.0, -0.03783901414935577, 0.0350905086796344, -0.9986675448860896, 0.0, 0.45680086266607245, -0.025441202679965125, 0.39765250127194707, 1.0]",
  "1783355245.002625": "[0.7406412161111235, -0.6699163115284744, -0.05160159440869927, 0.0, -0.6708344043097677, -0.7416068983961037, -0.0006405042316321857, 0.0, -0.03783901414935577, 0.0350905086796344, -0.9986675448860896, 0.0, 0.45680086266607245, -0.025441202679965125, 0.39765250127194707, 1.0]",
  "1783355245.0223873": "[0.7406412161111235, -0.6699163115284744, -0.05160159440869927, 0.0, -0.6708344043097677, -0.7416068983961037, -0.0006405042316321857, 0.0, -0.03783901414935577, 0.0350905086796344, -0.9986675448860896, 0.0, 0.45680086266607245, -0.025441202679965125, 0.39765250127194707, 1.0]",
  "1783355245.042395": "[0.7406412161111235, -0.6699163115284744, -0.05160159440869927, 0.0, -0.6708344043097677, -0.7416068983961037, -0.0006405042316321857, 0.0, -0.03783901414935577, 0.0350905086796344, -0.9986675448860896, 0.0, 0.45680086266607245, -0.025441202679965125, 0.39765250127194707, 1.0]",
  "1783355245.0624197": "[0.7406084287357833, -0.6699533083653496, -0.051591858813548025, 0.0, -0.6708717119178446, -0.741573135424745, -0.0006564790427300848, 0.0, -0.03781932619620404, 0.035097712555603, -0.9986680375076742, 0.0, 0.4567996456769252, -0.025465520707905347, 0.39766048128231013, 1.0]",
  "1783355245.0823886": "[0.7406084287357833, -0.6699533083653496, -0.051591858813548025, 0.0, -0.6708717119178446, -0.741573135424745, -0.0006564790427300848, 0.0, -0.03781932619620404, 0.035097712555603, -0.9986680375076742, 0.0, 0.4567996456769252, -0.025465520707905347, 0.39766048128231013, 1.0]",
  "1783355245.1033244": "[0.7406084287357833, -0.6699533083653496, -0.051591858813548025, 0.0, -0.6708717119178446, -0.741573135424745, -0.0006564790427300848, 0.0, -0.03781932619620404, 0.035097712555603, -0.9986680375076742, 0.0, 0.4567996456769252, -0.025465520707905347, 0.39766048128231013, 1.0]",
  "1783355245.122386": "[0.7406294257996212, -0.6699298126848208, -0.05159553968905158, 0.0, -0.6708480727320374, -0.7415945258089882, -0.000650078344167717, 0.0, -0.03782746292622229, 0.035094235512735286, -0.9986678515314, 0.0, 0.4568020085273245, -0.025448673636470034, 0.3976559917988119, 1.0]",
  "1783355245.1423943": "[0.7406294257996212, -0.6699298126848208, -0.05159553968905158, 0.0, -0.6708480727320374, -0.7415945258089882, -0.000650078344167717, 0.0, -0.03782746292622229, 0.035094235512735286, -0.9986678515314, 0.0, 0.4568020085273245, -0.025448673636470034, 0.3976559917988119, 1.0]",
  "1783355245.1631105": "[0.7406294257996212, -0.6699298126848208, -0.05159553968905158, 0.0, -0.6708480727320374, -0.7415945258089882, -0.000650078344167717, 0.0, -0.03782746292622229, 0.035094235512735286, -0.9986678515314, 0.0, 0.4568020085273245, -0.025448673636470034, 0.3976559917988119, 1.0]",
  "1783355245.1823473": "[0.7406315768107419, -0.6699289969795074, -0.051575250235605045, 0.0, -0.6708472356492151, -0.7415952667512633, -0.0006683965356243105, 0.0, -0.03780018323554132, 0.03509414962858645, -0.9986688874743248, 0.0, 0.4568014557163134, -0.02544991862741436, 0.3976686111280323, 1.0]",
  "1783355245.2024384": "[0.7406315768107419, -0.6699289969795074, -0.051575250235605045, 0.0, -0.6708472356492151, -0.7415952667512633, -0.0006683965356243105, 0.0, -0.03780018323554132, 0.03509414962858645, -0.9986688874743248, 0.0, 0.4568014557163134, -0.02544991862741436, 0.3976686111280323, 1.0]",
  "1783355245.222465": "[0.7406315768107419, -0.6699289969795074, -0.051575250235605045, 0.0, -0.6708472356492151, -0.7415952667512633, -0.0006683965356243105, 0.0, -0.03780018323554132, 0.03509414962858645, -0.9986688874743248, 0.0, 0.4568014557163134, -0.02544991862741436, 0.3976686111280323, 1.0]",
  "1783355245.2423818": "[0.7406315768107419, -0.6699289969795074, -0.051575250235605045, 0.0, -0.6708472356492151, -0.7415952667512633, -0.0006683965356243105, 0.0, -0.03780018323554132, 0.03509414962858645, -0.9986688874743248, 0.0, 0.4568014557163134, -0.02544991862741436, 0.3976686111280323, 1.0]",
  "1783355245.2629972": "[0.7406282141793024, -0.6699309260555731, -0.051598475519142276, 0.0, -0.6708492917356713, -0.7415934230734609, -0.0006501014802566922, 0.0, -0.03782956699891443, 0.035096284255014806, -0.9986676998342168, 0.0, 0.45680222909856394, -0.025450627484911115, 0.39765515817539754, 1.0]",
  "1783355245.2823892": "[0.7406282141793024, -0.6699309260555731, -0.051598475519142276, 0.0, -0.6708492917356713, -0.7415934230734609, -0.0006501014802566922, 0.0, -0.03782956699891443, 0.035096284255014806, -0.9986676998342168, 0.0, 0.45680222909856394, -0.025450627484911115, 0.39765515817539754, 1.0]",
  "1783355245.3031766": "[0.7406282141793024, -0.6699309260555731, -0.051598475519142276, 0.0, -0.6708492917356713, -0.7415934230734609, -0.0006501014802566922, 0.0, -0.03782956699891443, 0.035096284255014806, -0.9986676998342168, 0.0, 0.45680222909856394, -0.025450627484911115, 0.39765515817539754, 1.0]",
  "1783355245.322385": "[0.7406255812928612, -0.6699337810870941, -0.051599198568979536, 0.0, -0.6708522132158657, -0.7415907794132277, -0.0006510857514418211, 0.0, -0.037829305544592094, 0.035097647323297954, -0.9986676618346981, 0.0, 0.4568001264294905, -0.025451419598479415, 0.39765594925684306, 1.0]",
  "1783355245.3423884": "[0.7406255812928612, -0.6699337810870941, -0.051599198568979536, 0.0, -0.6708522132158657, -0.7415907794132277, -0.0006510857514418211, 0.0, -0.037829305544592094, 0.035097647323297954, -0.9986676618346981, 0.0, 0.4568001264294905, -0.025451419598479415, 0.39765594925684306, 1.0]",
  "1783355245.3629842": "[0.7406255812928612, -0.6699337810870941, -0.051599198568979536, 0.0, -0.6708522132158657, -0.7415907794132277, -0.0006510857514418211, 0.0, -0.037829305544592094, 0.035097647323297954, -0.9986676618346981, 0.0, 0.4568001264294905, -0.025451419598479415, 0.39765594925684306, 1.0]",
  "1783355245.3823442": "[0.7406245412094992, -0.6699351572955387, -0.051596259337481784, 0.0, -0.6708536004833551, -0.7415895218533095, -0.0006540610819216128, 0.0, -0.03782506677770442, 0.03509795003674377, -0.9986678117504741, 0.0, 0.45680223999955666, -0.025452464769521135, 0.397656280487011, 1.0]",
  "1783355245.403281": "[0.7406245412094992, -0.6699351572955387, -0.051596259337481784, 0.0, -0.6708536004833551, -0.7415895218533095, -0.0006540610819216128, 0.0, -0.03782506677770442, 0.03509795003674377, -0.9986678117504741, 0.0, 0.45680223999955666, -0.025452464769521135, 0.397656280487011, 1.0]",
  "1783355245.422385": "[0.7406245412094992, -0.6699351572955387, -0.051596259337481784, 0.0, -0.6708536004833551, -0.7415895218533095, -0.0006540610819216128, 0.0, -0.03782506677770442, 0.03509795003674377, -0.9986678117504741, 0.0, 0.45680223999955666, -0.025452464769521135, 0.397656280487011, 1.0]",
  "1783355245.4423914": "[0.7406245412094992, -0.6699351572955387, -0.051596259337481784, 0.0, -0.6708536004833551, -0.7415895218533095, -0.0006540610819216128, 0.0, -0.03782506677770442, 0.03509795003674377, -0.9986678117504741, 0.0, 0.45680223999955666, -0.025452464769521135, 0.397656280487011, 1.0]",
  "1783355245.4629805": "[0.7406258289510816, -0.6699342463067985, -0.05158960278839975, 0.0, -0.6708525892983079, -0.7415904334281174, -0.0006576318523007114, 0.0, -0.03781778579291535, 0.035096077747224036, -0.9986681532944175, 0.0, 0.45679979672858545, -0.025450924078280077, 0.39766090044350455, 1.0]",
  "1783355245.4824543": "[0.7406258289510816, -0.6699342463067985, -0.05158960278839975, 0.0, -0.6708525892983079, -0.7415904334281174, -0.0006576318523007114, 0.0, -0.03781778579291535, 0.035096077747224036, -0.9986681532944175, 0.0, 0.45679979672858545, -0.025450924078280077, 0.39766090044350455, 1.0]",
  "1783355245.502415": "[0.7406258289510816, -0.6699342463067985, -0.05158960278839975, 0.0, -0.6708525892983079, -0.7415904334281174, -0.0006576318523007114, 0.0, -0.03781778579291535, 0.035096077747224036, -0.9986681532944175, 0.0, 0.45679979672858545, -0.025450924078280077, 0.39766090044350455, 1.0]",
  "1783355245.522373": "[0.7406170790041806, -0.6699429791296208, -0.05160181200543187, 0.0, -0.6708616012848025, -0.7415822847433122, -0.0006533578497014553, 0.0, -0.03782927713961632, 0.035101562213351714, -0.9986675253162469, 0.0, 0.45680119430242616, -0.025455054995531058, 0.3976546990872109, 1.0]",
  "1783355245.5424545": "[0.7406170790041806, -0.6699429791296208, -0.05160181200543187, 0.0, -0.6708616012848025, -0.7415822847433122, -0.0006533578497014553, 0.0, -0.03782927713961632, 0.035101562213351714, -0.9986675253162469, 0.0, 0.45680119430242616, -0.025455054995531058, 0.3976546990872109, 1.0]",
  "1783355245.5623808": "[0.7406170790041806, -0.6699429791296208, -0.05160181200543187, 0.0, -0.6708616012848025, -0.7415822847433122, -0.0006533578497014553, 0.0, -0.03782927713961632, 0.035101562213351714, -0.9986675253162469, 0.0, 0.45680119430242616, -0.025455054995531058, 0.3976546990872109, 1.0]",
  "1783355245.5823898": "[0.7406250837148257, -0.6699350012456213, -0.051590497947166726, 0.0, -0.6708534222213003, -0.7415896788875269, -0.0006588334116724957, 0.0, -0.03781760524381753, 0.035097610652631825, -0.9986681062595815, 0.0, 0.45680169603650295, -0.025451922779145004, 0.397660105210325, 1.0]",
  "1783355245.6038048": "[0.7406250837148257, -0.6699350012456213, -0.051590497947166726, 0.0, -0.6708534222213003, -0.7415896788875269, -0.0006588334116724957, 0.0, -0.03781760524381753, 0.035097610652631825, -0.9986681062595815, 0.0, 0.45680169603650295, -0.025451922779145004, 0.397660105210325, 1.0]",
  "1783355245.6231434": "[0.7406250837148257, -0.6699350012456213, -0.051590497947166726, 0.0, -0.6708534222213003, -0.7415896788875269, -0.0006588334116724957, 0.0, -0.03781760524381753, 0.035097610652631825, -0.9986681062595815, 0.0, 0.45680169603650295, -0.025451922779145004, 0.397660105210325, 1.0]",
  "1783355245.6424522": "[0.7406250837148257, -0.6699350012456213, -0.051590497947166726, 0.0, -0.6708534222213003, -0.7415896788875269, -0.0006588334116724957, 0.0, -0.03781760524381753, 0.035097610652631825, -0.9986681062595815, 0.0, 0.45680169603650295, -0.025451922779145004, 0.397660105210325, 1.0]",
  "1783355245.6623938": "[0.7406252032847283, -0.6699347927348519, -0.05159148905358589, 0.0, -0.6708532438972711, -0.741589840305813, -0.0006587167130231546, 0.0, -0.03781842688377769, 0.03509817998857846, -0.9986680551362033, 0.0, 0.4568022967943505, -0.025453995047427073, 0.3976593755731891, 1.0]",
  "1783355245.6824057": "[0.7406252032847283, -0.6699347927348519, -0.05159148905358589, 0.0, -0.6708532438972711, -0.741589840305813, -0.0006587167130231546, 0.0, -0.03781842688377769, 0.03509817998857846, -0.9986680551362033, 0.0, 0.4568022967943505, -0.025453995047427073, 0.3976593755731891, 1.0]",
  "1783355245.7023864": "[0.7406252032847283, -0.6699347927348519, -0.05159148905358589, 0.0, -0.6708532438972711, -0.741589840305813, -0.0006587167130231546, 0.0, -0.03781842688377769, 0.03509817998857846, -0.9986680551362033, 0.0, 0.4568022967943505, -0.025453995047427073, 0.3976593755731891, 1.0]",
  "1783355245.7223842": "[0.7406268034631905, -0.6699330296007492, -0.051591412481713284, 0.0, -0.6708516088783506, -0.7415913162345178, -0.0006622317449804654, 0.0, -0.037816092569499124, 0.03510064864810071, -0.9986680567672415, 0.0, 0.4568009824775173, -0.025450008253406493, 0.39766075605683643, 1.0]",
  "1783355245.74244": "[0.7406268034631905, -0.6699330296007492, -0.051591412481713284, 0.0, -0.6708516088783506, -0.7415913162345178, -0.0006622317449804654, 0.0, -0.037816092569499124, 0.03510064864810071, -0.9986680567672415, 0.0, 0.4568009824775173, -0.025450008253406493, 0.39766075605683643, 1.0]",
