{
  "1784817607.3271785": "[0.7712931904491784, -0.6354705712263041, 0.03583249184807227, 0.0, -0.634179874643204, -0.772068903735007, -0.04153907176328284, 0.0, 0.0540620103608585, 0.009314558000235704, -0.9984941352081158, 0.0, 0.6104442931589673, 0.22166460918422462, 0.3904671516893932, 1.0]",
  "1784817607.3566122": "[0.7712931904491784, -0.6354705712263041, 0.03583249184807227, 0.0, -0.634179874643204, -0.772068903735007, -0.04153907176328284, 0.0, 0.0540620103608585, 0.009314558000235704, -0.9984941352081158, 0.0, 0.6104442931589673, 0.22166460918422462, 0.3904671516893932, 1.0]",
  "1784817607.3905156": "[0.7712827411793525, -0.6354829032559256, 0.03583870572835885, 0.0, -0.6341922567864492, -0.7720588279428728, -0.041537304048158, 0.0, 0.05406583570957379, 0.009308376061290178, -0.9984939857325772, 0.0, 0.6104482732404974, 0.22165175747202787, 0.39047016577048177, 1.0]",
  "1784817607.4231894": "[0.7712827411793525, -0.6354829032559256, 0.03583870572835885, 0.0, -0.6341922567864492, -0.7720588279428728, -0.041537304048158, 0.0, 0.05406583570957379, 0.009308376061290178, -0.9984939857325772, 0.0, 0.6104482732404974, 0.22165175747202787, 0.39047016577048177, 1.0]",
  "1784817607.456603": "[0.7712926368562334, -0.6354715168566876, 0.035827637310029255, 0.0, -0.6341813487869448, -0.7720681720579965, -0.04153016428809181, 0.0, 0.05405261494257229, 0.00931069056971109, -0.9984946799352441, 0.0, 0.6104432440970267, 0.2216624154639164, 0.39046435469230534, 1.0]",
  "1784817607.4917462": "[0.7712926368562334, -0.6354715168566876, 0.035827637310029255, 0.0, -0.6341813487869448, -0.7720681720579965, -0.04153016428809181, 0.0, 0.05405261494257229, 0.00931069056971109, -0.9984946799352441, 0.0, 0.6104432440970267, 0.2216624154639164, 0.39046435469230534, 1.0]",
  "1784817607.52329": "[0.7712893608883721, -0.635474789803569, 0.03584010748472215, 0.0, -0.6341837937391489, -0.7720654534148326, -0.041543367725425676, 0.0, 0.05407067170867559, 0.009312742209414238, -0.998493683151533, 0.0, 0.6104452673885088, 0.22165954751804068, 0.3904734417356889, 1.0]",
  "1784817607.5565846": "[0.7712893608883721, -0.635474789803569, 0.03584010748472215, 0.0, -0.6341837937391489, -0.7720654534148326, -0.041543367725425676, 0.0, 0.05407067170867559, 0.009312742209414238, -0.998493683151533, 0.0, 0.6104452673885088, 0.22165954751804068, 0.3904734417356889, 1.0]",
  "1784817607.5901144": "[0.7712886196529254, -0.6354762745813577, 0.035829731203064825, 0.0, -0.6341858101648327, -0.7720642276302419, -0.04153536564534443, 0.0, 0.05405759317117142, 0.009313047724373386, -0.9984943884482391, 0.0, 0.610445877004173, 0.2216595985807528, 0.3904656980683052, 1.0]",
  "1784817607.626973": "[0.7712886196529254, -0.6354762745813577, 0.035829731203064825, 0.0, -0.6341858101648327, -0.7720642276302419, -0.04153536564534443, 0.0, 0.05405759317117142, 0.009313047724373386, -0.9984943884482391, 0.0, 0.610445877004173, 0.2216595985807528, 0.3904656980683052, 1.0]",
  "1784817607.6565757": "[0.7712883179387846, -0.6354760268359382, 0.03584061840943115, 0.0, -0.6341850163847117, -0.7720644383250226, -0.04154356829872128, 0.0, 0.05407120864455776, 0.009312485741072449, -0.9984936564671001, 0.0, 0.610445478617235, 0.22165943891282677, 0.39047282911201275, 1.0]",
  "1784817607.6911147": "[0.7712883179387846, -0.6354760268359382, 0.03584061840943115, 0.0, -0.6341850163847117, -0.7720644383250226, -0.04154356829872128, 0.0, 0.05407120864455776, 0.009312485741072449, -0.9984936564671001, 0.0, 0.610445478617235, 0.22165943891282677, 0.39047282911201275, 1.0]",
  "1784817607.7232287": "[0.7712841941397935, -0.6354813794871834, 0.035834455419268975, 0.0, -0.6341907456530234, -0.7720600438917113, -0.04153777502455766, 0.0, 0.05406283379727055, 0.009311549333759783, -0.9984941186861409, 0.0, 0.6104474659716946, 0.22165550253567445, 0.39046754904273206, 1.0]",
  "1784817607.7565808": "[0.7712841941397935, -0.6354813794871834, 0.035834455419268975, 0.0, -0.6341907456530234, -0.7720600438917113, -0.04153777502455766, 0.0, 0.05406283379727055, 0.009311549333759783, -0.9984941186861409, 0.0, 0.6104474659716946, 0.22165550253567445, 0.39046754904273206, 1.0]",
  "1784817607.7899623": "[0.7712848255358351, -0.6354804292701152, 0.0358377163450264, 0.0, -0.6341896084415642, -0.7720608234158877, -0.0415406486602792, 0.0, 0.05406716603347936, 0.009311764658296723, -0.9984938821024676, 0.0, 0.610446391931015, 0.22165703199038614, 0.3904711484461001, 1.0]",
  "1784817607.823315": "[0.7712848255358351, -0.6354804292701152, 0.0358377163450264, 0.0, -0.6341896084415642, -0.7720608234158877, -0.0415406486602792, 0.0, 0.05406716603347936, 0.009311764658296723, -0.9984938821024676, 0.0, 0.610446391931015, 0.22165703199038614, 0.3904711484461001, 1.0]",
  "1784817607.8565671": "[0.7712897098110785, -0.635474776847512, 0.03583282754887009, 0.0, -0.6341840672862018, -0.7720654458809024, -0.04153933168760961, 0.0, 0.054062485513270385, 0.009314250765775047, -0.9984941123475888, 0.0, 0.610445577188156, 0.22166046852983984, 0.39046800742900944, 1.0]",
  "1784817607.8898597": "[0.7712897098110785, -0.635474776847512, 0.03583282754887009, 0.0, -0.6341840672862018, -0.7720654458809024, -0.04153933168760961, 0.0, 0.054062485513270385, 0.009314250765775047, -0.9984941123475888, 0.0, 0.610445577188156, 0.22166046852983984, 0.39046800742900944, 1.0]",
  "1784817607.9232724": "[0.7712838284707522, -0.6354816804745445, 0.03583698816513931, 0.0, -0.6341906237241204, -0.7720597469980879, -0.041545154298181536, 0.0, 0.054069480484933576, 0.009315623784665963, -0.9984937207782492, 0.0, 0.6104469516052445, 0.22165712773340218, 0.3904722767035337, 1.0]",
  "1784817607.9565647": "[0.7712838284707522, -0.6354816804745445, 0.03583698816513931, 0.0, -0.6341906237241204, -0.7720597469980879, -0.041545154298181536, 0.0, 0.054069480484933576, 0.009315623784665963, -0.9984937207782492, 0.0, 0.6104469516052445, 0.22165712773340218, 0.3904722767035337, 1.0]",
  "1784817607.9908853": "[0.7712890889673178, -0.6354755984395534, 0.03583162050279626, 0.0, -0.6341853436662818, -0.7720648373316696, -0.041531154991196986, 0.0, 0.054056369826738254, 0.009308638134235173, -0.9984944957971682, 0.0, 0.610445726178693, 0.2216572906029887, 0.39046623900782346, 1.0]",
  "1784817608.0232685": "[0.7712890889673178, -0.6354755984395534, 0.03583162050279626, 0.0, -0.6341853436662818, -0.7720648373316696, -0.041531154991196986, 0.0, 0.054056369826738254, 0.009308638134235173, -0.9984944957971682, 0.0, 0.610445726178693, 0.2216572906029887, 0.39046623900782346, 1.0]",
  "1784817608.0565746": "[0.7712817697137444, -0.6354841915982099, 0.0358367679346833, 0.0, -0.6341933617457138, -0.7720577188191762, -0.04154104872773439, 0.0, 0.05406673307038993, 0.009312413247894065, -0.9984938994979367, 0.0, 0.6104475792200021, 0.22165536588178306, 0.3904706363435718, 1.0]",
  "1784817608.08985": "[0.7712817697137444, -0.6354841915982099, 0.0358367679346833, 0.0, -0.6341933617457138, -0.7720577188191762, -0.04154104872773439, 0.0, 0.05406673307038993, 0.009312413247894065, -0.9984938994979367, 0.0, 0.6104475792200021, 0.22165536588178306, 0.3904706363435718, 1.0]",
  "1784817608.1240149": "[0.7712887342949117, -0.6354758080844244, 0.0358355366807963, 0.0, -0.6341850750233388, -0.772064618864819, -0.04153931769737618, 0.0, 0.054064581450291006, 0.009312445251871092, -0.9984940157036672, 0.0, 0.6104460095808069, 0.221658823532886, 0.39046923916204135, 1.0]",
  "1784817608.1565168": "[0.7712887342949117, -0.6354758080844244, 0.0358355366807963, 0.0, -0.6341850750233388, -0.772064618864819, -0.04153931769737618, 0.0, 0.054064581450291006, 0.009312445251871092, -0.9984940157036672, 0.0, 0.6104460095808069, 0.221658823532886, 0.39046923916204135, 1.0]",
  "1784817608.1898594": "[0.7712818086872226, -0.6354841839462372, 0.0358360648279312, 0.0, -0.6341935337665975, -0.7720577495347456, -0.04153785155710689, 0.0, 0.0540641592628818, 0.009310388688432206, -0.9984940577417918, 0.0, 0.6104474568162872, 0.2216543200953129, 0.39046922839192555, 1.0]",
  "1784817608.2237713": "[0.7712818086872226, -0.6354841839462372, 0.0358360648279312, 0.0, -0.6341935337665975, -0.7720577495347456, -0.04153785155710689, 0.0, 0.0540641592628818, 0.009310388688432206, -0.9984940577417918, 0.0, 0.6104474568162872, 0.2216543200953129, 0.39046922839192555, 1.0]",
  "1784817608.256549": "[0.771286194117159, -0.6354789200157124, 0.03583502448627291, 0.0, -0.634188223510186, -0.7720620611032514, -0.04153878869193724, 0.0, 0.05406388744127052, 0.009312143720047718, -0.9984940560935125, 0.0, 0.6104459463366332, 0.22165929983097013, 0.390469479918353, 1.0]",
  "1784817608.2898724": "[0.771286194117159, -0.6354789200157124, 0.03583502448627291, 0.0, -0.634188223510186, -0.7720620611032514, -0.04153878869193724, 0.0, 0.05406388744127052, 0.009312143720047718, -0.9984940560935125, 0.0, 0.6104459463366332, 0.22165929983097013, 0.390469479918353, 1.0]",
  "1784817608.3232071": "[0.7712846624742674, -0.6354804802565054, 0.03584032149572114, 0.0, -0.634189504466311, -0.7720607789609666, -0.04154306217601654, 0.0, 0.054070711635138796, 0.009311970959291756, -0.9984936881824156, 0.0, 0.6104474457240399, 0.2216565377951548, 0.3904725442405573, 1.0]",
  "1784817608.3565974": "[0.7712846624742674, -0.6354804802565054, 0.03584032149572114, 0.0, -0.634189504466311, -0.7720607789609666, -0.04154306217601654, 0.0, 0.054070711635138796, 0.009311970959291756, -0.9984936881824156, 0.0, 0.6104474457240399, 0.2216565377951548, 0.3904725442405573, 1.0]",
  "1784817608.3899837": "[0.7712883785071775, -0.6354763155776603, 0.03583419483692824, 0.0, -0.6341857281723123, -0.7720642141357079, -0.04153686836493666, 0.0, 0.054061995545143064, 0.009311368903332222, -0.998494165755025, 0.0, 0.6104464556160778, 0.22165794846415107, 0.39046739697094424, 1.0]",
  "1784817608.4232354": "[0.7712883785071775, -0.6354763155776603, 0.03583419483692824, 0.0, -0.6341857281723123, -0.7720642141357079, -0.04153686836493666, 0.0, 0.054061995545143064, 0.009311368903332222, -0.998494165755025, 0.0, 0.6104464556160778, 0.22165794846415107, 0.39046739697094424, 1.0]",
  "1784817608.4583406": "[0.7712857838510683, -0.6354794691162888, 0.03583411727561937, 0.0, -0.634188566463576, -0.7720615655798981, -0.04154276256088968, 0.0, 0.054065717382806605, 0.009315754719601884, -0.9984939233254682, 0.0, 0.6104468775102107, 0.22165777243789514, 0.39047016767350895, 1.0]",
  "1784817608.489879": "[0.7712857838510683, -0.6354794691162888, 0.03583411727561937, 0.0, -0.634188566463576, -0.7720615655798981, -0.04154276256088968, 0.0, 0.054065717382806605, 0.009315754719601884, -0.9984939233254682, 0.0, 0.6104468775102107, 0.22165777243789514, 0.39047016767350895, 1.0]",
  "1784817608.5231562": "[0.7712857888634824, -0.635479502144577, 0.03583342366166299, 0.0, -0.6341888219293182, -0.7720615703031684, -0.04153877466789188, 0.0, 0.05406264918720992, 0.009313109850463228, -0.998494114127757, 0.0, 0.6104459113599262, 0.22165953482290265, 0.3904677842821988, 1.0]",
  "1784817608.5565317": "[0.7712857888634824, -0.635479502144577, 0.03583342366166299, 0.0, -0.6341888219293182, -0.7720615703031684, -0.04153877466789188, 0.0, 0.05406264918720992, 0.009313109850463228, -0.998494114127757, 0.0, 0.6104459113599262, 0.22165953482290265, 0.3904677842821988, 1.0]",
  "1784817608.5899026": "[0.7712907896305837, -0.6354732146643343, 0.03583728889310047, 0.0, -0.6341824753965073, -0.7720667669073185, -0.04153908204616893, 0.0, 0.054065753772504145, 0.009311330810193023, -0.9984939626194809, 0.0, 0.6104448874344541, 0.22166001126827709, 0.3904698783968529, 1.0]",
  "1784817608.6232278": "[0.7712907896305837, -0.6354732146643343, 0.03583728889310047, 0.0, -0.6341824753965073, -0.7720667669073185, -0.04153908204616893, 0.0, 0.054065753772504145, 0.009311330810193023, -0.9984939626194809, 0.0, 0.6104448874344541, 0.22166001126827709, 0.3904698783968529, 1.0]",
  "1784817608.656549": "[0.7712854483322932, -0.6354798299187656, 0.03583494045300007, 0.0, -0.6341891899621295, -0.7720613217393908, -0.04153777568915125, 0.0, 0.054063190120741296, 0.00931135008690399, -0.9984941012512427, 0.0, 0.6104477004461745, 0.2216554866223831, 0.3904684224125681, 1.0]",
  "1784817608.6900377": "[0.7712854483322932, -0.6354798299187656, 0.03583494045300007, 0.0, -0.6341891899621295, -0.7720613217393908, -0.04153777568915125, 0.0, 0.054063190120741296, 0.00931135008690399, -0.9984941012512427, 0.0, 0.6104477004461745, 0.2216554866223831, 0.3904684224125681, 1.0]",
  "1784817608.723374": "[0.7712845928022949, -0.635480708236019, 0.03583777846973643, 0.0, -0.6341899508162663, -0.7720606054838681, -0.041539472114426844, 0.0, 0.05406647010356776, 0.009310795869911605, -0.9984939288202055, 0.0, 0.6104468471142995, 0.2216564204474699, 0.39047139983346857, 1.0]",
  "1784817608.7565403": "[0.7712845928022949, -0.635480708236019, 0.03583777846973643, 0.0, -0.6341899508162663, -0.7720606054838681, -0.041539472114426844, 0.0, 0.05406647010356776, 0.009310795869911605, -0.9984939288202055, 0.0, 0.6104468471142995, 0.2216564204474699, 0.39047139983346857, 1.0]",
  "1784817608.7900555": "[0.771284015571014, -0.6354818480449725, 0.035829989254790584, 0.0, -0.6341914303155255, -0.7720596543321874, -0.041534562316359866, 0.0, 0.05405734953731904, 0.009311871874661013, -0.9984944126048929, 0.0, 0.6104461825664876, 0.22165738687195866, 0.39046595353480995, 1.0]",
  "1784817608.8232143": "[0.771284015571014, -0.6354818480449725, 0.035829989254790584, 0.0, -0.6341914303155255, -0.7720596543321874, -0.041534562316359866, 0.0, 0.05405734953731904, 0.009311871874661013, -0.9984944126048929, 0.0, 0.6104461825664876, 0.22165738687195866, 0.39046595353480995, 1.0]",
  "1784817608.8565698": "[0.7712834091513345, -0.6354821396643483, 0.03583787013086542, 0.0, -0.6341913341283668, -0.7720594208033738, -0.04154037151062667, 0.0, 0.05406712942608747, 0.009311332685516423, -0.9984938881131129, 0.0, 0.6104470761483186, 0.22165659828558226, 0.3904707117208365, 1.0]",
  "1784817608.8899105": "[0.7712834091513345, -0.6354821396643483, 0.03583787013086542, 0.0, -0.6341913341283668, -0.7720594208033738, -0.04154037151062667, 0.0, 0.05406712942608747, 0.009311332685516423, -0.9984938881131129, 0.0, 0.6104470761483186, 0.22165659828558226, 0.3904707117208365, 1.0]",
  "1784817608.9243913": "[0.7712914582007548, -0.6354727385824401, 0.0358313413799528, 0.0, -0.634182014433994, -0.7720671058648572, -0.04153981956994886, 0.0, 0.05406162294081173, 0.009315715753291511, -0.9984941453834411, 0.0, 0.610444628046367, 0.22166190544867598, 0.3904680609000268, 1.0]",
  "1784817608.957469": "[0.7712914582007548, -0.6354727385824401, 0.0358313413799528, 0.0, -0.634182014433994, -0.7720671058648572, -0.04153981956994886, 0.0, 0.05406162294081173, 0.009315715753291511, -0.9984941453834411, 0.0, 0.610444628046367, 0.22166190544867598, 0.3904680609000268, 1.0]",
  "1784817608.989855": "[0.7712871987607111, -0.6354777742956622, 0.03583371881464069, 0.0, -0.6341869694810064, -0.7720629725937844, -0.04154099288831292, 0.0, 0.054064265169818326, 0.009314758498273994, -0.9984940112518286, 0.0, 0.61044640354115, 0.2216579080832236, 0.3904693395532008, 1.0]",
  "1784817609.023321": "[0.7712871987607111, -0.6354777742956622, 0.03583371881464069, 0.0, -0.6341869694810064, -0.7720629725937844, -0.04154099288831292, 0.0, 0.054064265169818326, 0.009314758498273994, -0.9984940112518286, 0.0, 0.61044640354115, 0.2216579080832236, 0.3904693395532008, 1.0]",
  "1784817609.0565522": "[0.771288509332904, -0.6354761210960634, 0.035834827859611874, 0.0, -0.6341855171740914, -0.7720643771071387, -0.04153706066630026, 0.0, 0.054062604244125144, 0.00931112876438863, -0.9984941350370948, 0.0, 0.610445498276899, 0.22165893909012213, 0.39046959475883525, 1.0]",
  "1784817609.0899773": "[0.771288509332904, -0.6354761210960634, 0.035834827859611874, 0.0, -0.6341855171740914, -0.7720643771071387, -0.04153706066630026, 0.0, 0.054062604244125144, 0.00931112876438863, -0.9984941350370948, 0.0, 0.610445498276899, 0.22165893909012213, 0.39046959475883525, 1.0]",
  "1784817609.123222": "[0.7712837376800825, -0.6354819649219045, 0.03583389804692181, 0.0, -0.6341914064244888, -0.772059570219912, -0.04153649057363669, 0.0, 0.0540615945711054, 0.009310869499698934, -0.998494192122112, 0.0, 0.6104467128915659, 0.22165435045305926, 0.39046785226359065, 1.0]",
  "1784817609.1584082": "[0.7712837376800825, -0.6354819649219045, 0.03583389804692181, 0.0, -0.6341914064244888, -0.772059570219912, -0.04153649057363669, 0.0, 0.0540615945711054, 0.009310869499698934, -0.998494192122112, 0.0, 0.6104467128915659, 0.22165435045305926, 0.39046785226359065, 1.0]",
  "1784817609.1899242": "[0.7712870863095941, -0.6354777976076962, 0.03583572574580732, 0.0, -0.6341869531365125, -0.7720629652115818, -0.04154137961270769, 0.0, 0.05406606110568575, 0.00931377991859687, -0.9984939231363126, 0.0, 0.6104456259413708, 0.22166059708521485, 0.39047013828541344, 1.0]",
  "1784817609.223882": "[0.7712870863095941, -0.6354777976076962, 0.03583572574580732, 0.0, -0.6341869531365125, -0.7720629652115818, -0.04154137961270769, 0.0, 0.05406606110568575, 0.00931377991859687, -0.9984939231363126, 0.0, 0.6104456259413708, 0.22166059708521485, 0.39047013828541344, 1.0]",
  "1784817609.2567534": "[0.7712853325453748, -0.6354797953750224, 0.0358380450149062, 0.0, -0.6341887847341676, -0.7720613151009617, -0.04154408552337881, 0.0, 0.05406959513229512, 0.009314257602940964, -0.9984937273150674, 0.0, 0.6104476721273705, 0.22165792308435006, 0.3904713378624758, 1.0]",
  "1784817609.2903512": "[0.7712853325453748, -0.6354797953750224, 0.0358380450149062, 0.0, -0.6341887847341676, -0.7720613151009617, -0.04154408552337881, 0.0, 0.05406959513229512, 0.009314257602940964, -0.9984937273150674, 0.0, 0.6104476721273705, 0.22165792308435006, 0.3904713378624758, 1.0]",
  "1784817609.3233101": "[0.771286826960854, -0.6354782859105523, 0.035832648420734275, 0.0, -0.6341877186226015, -0.7720625828201544, -0.04153680003722609, 0.0, 0.05406078157886443, 0.009312161148668355, -0.9984942240943728, 0.0, 0.6104462114127883, 0.22165787335664439, 0.39046679382315874, 1.0]",
  "1784817609.356729": "[0.771286826960854, -0.6354782859105523, 0.035832648420734275, 0.0, -0.6341877186226015, -0.7720625828201544, -0.04153680003722609, 0.0, 0.05406078157886443, 0.009312161148668355, -0.9984942240943728, 0.0, 0.6104462114127883, 0.22165787335664439, 0.39046679382315874, 1.0]",
  "1784817609.3898733": "[0.7712907386254287, -0.635473261024811, 0.035837564553591605, 0.0, -0.6341823914022438, -0.7720667088855337, -0.04154144275289541, 0.0, 0.05406746661322227, 0.009312977673817668, -0.9984938545133242, 0.0, 0.6104464190625442, 0.22165906821816095, 0.3904703327891053, 1.0]",
  "1784817609.4231842": "[0.7712907386254287, -0.635473261024811, 0.035837564553591605, 0.0, -0.6341823914022438, -0.7720667088855337, -0.04154144275289541, 0.0, 0.05406746661322227, 0.009312977673817668, -0.9984938545133242, 0.0, 0.6104464190625442, 0.22165906821816095, 0.3904703327891053, 1.0]",
  "1784817609.4573565": "[0.7712818061741272, -0.635484111373664, 0.03583740582688215, 0.0, -0.6341932132059702, -0.7720577789494338, -0.041542198872404276, 0.0, 0.05406795528094997, 0.009312902624436015, -0.9984938287523091, 0.0, 0.6104468034625932, 0.2216563521815955, 0.39047102923620813, 1.0]",
  "1784817609.4899201": "[0.7712818061741272, -0.635484111373664, 0.03583740582688215, 0.0, -0.6341932132059702, -0.7720577789494338, -0.041542198872404276, 0.0, 0.05406795528094997, 0.009312902624436015, -0.9984938287523091, 0.0, 0.6104468034625932, 0.2216563521815955, 0.39047102923620813, 1.0]",
  "1784817609.524607": "[0.7712899084010444, -0.6354743813249402, 0.0358355672257765, 0.0, -0.6341836098560436, -0.7720657859172328, -0.04153999525713856, 0.0, 0.05406501816023004, 0.009313049752376356, -0.9984939864193694, 0.0, 0.6104457915566172, 0.22165893946479676, 0.390469943018278, 1.0]",
  "1784817609.556743": "[0.7712899084010444, -0.6354743813249402, 0.0358355672257765, 0.0, -0.6341836098560436, -0.7720657859172328, -0.04153999525713856, 0.0, 0.05406501816023004, 0.009313049752376356, -0.9984939864193694, 0.0, 0.6104457915566172, 0.22165893946479676, 0.390469943018278, 1.0]",
  "1784817609.5898888": "[0.7712899084010444, -0.6354743813249402, 0.0358355672257765, 0.0, -0.6341836098560436, -0.7720657859172328, -0.04153999525713856, 0.0, 0.05406501816023004, 0.009313049752376356, -0.9984939864193694, 0.0, 0.6104457915566172, 0.22165893946479676, 0.390469943018278, 1.0]",
  "1784817609.6231906": "[0.7712872408779521, -0.6354775879012424, 0.03583611773190283, 0.0, -0.6341868795072432, -0.7720631647534604, -0.04153879502028511, 0.0, 0.0540647197323854, 0.009311546922540877, -0.9984940165940748, 0.0, 0.6104464881278923, 0.22165770204220533, 0.3904688349777643, 1.0]",
  "1784817609.659822": "[0.7712867091488096, -0.6354781088313435, 0.03583832427079543, 0.0, -0.6341872137202615, -0.7720627246403948, -0.04154187254543089, 0.0, 0.054068384885539444, 0.009312487153745688, -0.9984938093643245, 0.0, 0.61044684681074, 0.22165751006993262, 0.39047114904962876, 1.0]",
  "1784817609.68986": "[0.7712867091488096, -0.6354781088313435, 0.03583832427079543, 0.0, -0.6341872137202615, -0.7720627246403948, -0.04154187254543089, 0.0, 0.054068384885539444, 0.009312487153745688, -0.9984938093643245, 0.0, 0.61044684681074, 0.22165751006993262, 0.39047114904962876, 1.0]",
  "1784817609.7237248": "[0.771294029758524, -0.6354694129641758, 0.03583496680371017, 0.0, -0.6341785909556257, -0.7720698576471734, -0.04154093988117185, 0.0, 0.05406509439920008, 0.00931451016638709, -0.9984939686687979, 0.0, 0.6104454540849222, 0.22166206075882652, 0.390469223353973, 1.0]",
  "1784817609.7566452": "[0.771294029758524, -0.6354694129641758, 0.03583496680371017, 0.0, -0.6341785909556257, -0.7720698576471734, -0.04154093988117185, 0.0, 0.05406509439920008, 0.00931451016638709, -0.9984939686687979, 0.0, 0.6104454540849222, 0.22166206075882652, 0.390469223353973, 1.0]",
  "1784817609.7907083": "[0.7712854815716892, -0.63547962941027, 0.03583778064157021, 0.0, -0.6341888185176483, -0.7720614835468544, -0.04154043922034824, 0.0, 0.05406707301044418, 0.009311617905393713, -0.9984938885081205, 0.0, 0.6104478536472768, 0.22165473674874855, 0.390470450449404, 1.0]",
  "1784817609.8237474": "[0.7712854815716892, -0.63547962941027, 0.03583778064157021, 0.0, -0.6341888185176483, -0.7720614835468544, -0.04154043922034824, 0.0, 0.05406707301044418, 0.009311617905393713, -0.9984938885081205, 0.0, 0.6104478536472768, 0.22165473674874855, 0.390470450449404, 1.0]",
  "1784817609.8565562": "[0.7712871809960612, -0.6354777803242144, 0.035833994270225565, 0.0, -0.6341871518437285, -0.7720630005682123, -0.04153768878918976, 0.0, 0.054062379410166804, 0.00931202812588702, -0.998494138823405, 0.0, 0.6104456491965468, 0.2216587202129639, 0.39046823338791425, 1.0]",
  "1784817609.8915281": "[0.7712871809960612, -0.6354777803242144, 0.035833994270225565, 0.0, -0.6341871518437285, -0.7720630005682123, -0.04153768878918976, 0.0, 0.054062379410166804, 0.00931202812588702, -0.998494138823405, 0.0, 0.6104456491965468, 0.2216587202129639, 0.39046823338791425, 1.0]",
  "1784817609.9233797": "[0.7712885526645658, -0.635475856955657, 0.03583857914416617, 0.0, -0.6341849800114104, -0.7720645821135894, -0.04154145127093943, 0.0, 0.05406828697606735, 0.00931215722816809, -0.9984938177431204, 0.0, 0.6104467368612189, 0.22165803012543756, 0.3904707947534184, 1.0]",
  "1784817609.9565253": "[0.7712885526645658, -0.635475856955657, 0.03583857914416617, 0.0, -0.6341849800114104, -0.7720645821135894, -0.04154145127093943, 0.0, 0.05406828697606735, 0.00931215722816809, -0.9984938177431204, 0.0, 0.6104467368612189, 0.22165803012543756, 0.3904707947534184, 1.0]",
  "1784817609.9902442": "[0.7712858295903504, -0.6354791487857907, 0.035838813200381674, 0.0, -0.6341883095694503, -0.7720618835225816, -0.041540775353943876, 0.0, 0.05406807818452664, 0.00931125502016764, -0.9984938374628967, 0.0, 0.6104466146368811, 0.22165669429769674, 0.3904710660234984, 1.0]",
  "1784817610.023309": "[0.7712858295903504, -0.6354791487857907, 0.035838813200381674, 0.0, -0.6341883095694503, -0.7720618835225816, -0.041540775353943876, 0.0, 0.05406807818452664, 0.00931125502016764, -0.9984938374628967, 0.0, 0.6104466146368811, 0.22165669429769674, 0.3904710660234984, 1.0]",
  "1784817610.0567286": "[0.7712865270508457, -0.6354785364380658, 0.035834660824107335, 0.0, -0.6341877062193687, -0.7720623501577208, -0.041541313762952475, 0.0, 0.05406520572476065, 0.00931435427016741, -0.9984939640951609, 0.0, 0.6104463239625004, 0.22165908376829255, 0.3904698119779172, 1.0]",
  "1784817610.0899358": "[0.7712865270508457, -0.6354785364380658, 0.035834660824107335, 0.0, -0.6341877062193687, -0.7720623501577208, -0.041541313762952475, 0.0, 0.05406520572476065, 0.00931435427016741, -0.9984939640951609, 0.0, 0.6104463239625004, 0.22165908376829255, 0.3904698119779172, 1.0]",
  "1784817610.1232545": "[0.7712868811645476, -0.6354777983928046, 0.035840126859414886, 0.0, -0.6341868400920683, -0.7720629857893178, -0.041542722926179804, 0.0, 0.054070313458518815, 0.009312020399344988, -0.9984937092834285, 0.0, 0.6104464580785539, 0.2216577240088897, 0.3904714083070205, 1.0]",
  "1784817610.1601074": "[0.7712868811645476, -0.6354777983928046, 0.035840126859414886, 0.0, -0.6341868400920683, -0.7720629857893178, -0.041542722926179804, 0.0, 0.054070313458518815, 0.009312020399344988, -0.9984937092834285, 0.0, 0.6104464580785539, 0.2216577240088897, 0.3904714083070205, 1.0]",
  "1784817610.1901922": "[0.7712895352694273, -0.635474664499016, 0.03583857647471125, 0.0, -0.6341837486990897, -0.772065556088199, -0.041542147130230835, 0.0, 0.054068712485509596, 0.009312780577398531, -0.9984937888880814, 0.0, 0.6104468874148742, 0.22165764491903772, 0.3904710528167198, 1.0]",
  "1784817610.223282": "[0.7712895352694273, -0.635474664499016, 0.03583857647471125, 0.0, -0.6341837486990897, -0.772065556088199, -0.041542147130230835, 0.0, 0.054068712485509596, 0.009312780577398531, -0.9984937888880814, 0.0, 0.6104468874148742, 0.22165764491903772, 0.3904710528167198, 1.0]",
  "1784817610.256511": "[0.771287767265222, -0.6354768586297035, 0.035837720535112555, 0.0, -0.6341860906750392, -0.772063769127886, -0.04153960512997168, 0.0, 0.05406646337000354, 0.009311205408907213, -0.9984939253658451, 0.0, 0.6104456524084929, 0.22165765227763484, 0.39046982355628607, 1.0]",
  "1784817610.2898748": "[0.771287767265222, -0.6354768586297035, 0.035837720535112555, 0.0, -0.6341860906750392, -0.772063769127886, -0.04153960512997168, 0.0, 0.05406646337000354, 0.009311205408907213, -0.9984939253658451, 0.0, 0.6104456524084929, 0.22165765227763484, 0.39046982355628607, 1.0]",
  "1784817610.3232396": "[0.771284932459418, -0.6354805452374127, 0.03583335856198307, 0.0, -0.6341898515826244, -0.7720607095202572, -0.04153905348808472, 0.0, 0.05406278859511256, 0.00931329371585457, -0.9984941048646618, 0.0, 0.6104456503438573, 0.22165878833331135, 0.3904684997555754, 1.0]",
  "1784817610.3565886": "[0.771284932459418, -0.6354805452374127, 0.03583335856198307, 0.0, -0.6341898515826244, -0.7720607095202572, -0.04153905348808472, 0.0, 0.05406278859511256, 0.00931329371585457, -0.9984941048646618, 0.0, 0.6104456503438573, 0.22165878833331135, 0.3904684997555754, 1.0]",
  "1784817610.3909028": "[0.7712867425914373, -0.635478258654709, 0.035834947744746756, 0.0, -0.634187695528339, -0.7720626272798916, -0.041536326247343366, 0.0, 0.05406225617882246, 0.009310334840909287, -0.9984941612858862, 0.0, 0.6104454270276686, 0.22165973009693857, 0.39046871440683645, 1.0]",
  "1784817610.4233387": "[0.7712867425914373, -0.635478258654709, 0.035834947744746756, 0.0, -0.634187695528339, -0.7720626272798916, -0.041536326247343366, 0.0, 0.05406225617882246, 0.009310334840909287, -0.9984941612858862, 0.0, 0.6104454270276686, 0.22165973009693857, 0.39046871440683645, 1.0]",
  "1784817610.4581041": "[0.7712896756565426, -0.6354745287526526, 0.0358379621661067, 0.0, -0.6341838338818839, -0.7720657000779676, -0.0415381704699789, 0.0, 0.05406571065380007, 0.009310105784140755, -0.998493976377318, 0.0, 0.6104456600851377, 0.22165884637572608, 0.39046910349942815, 1.0]",
  "1784817610.4899323": "[0.7712896756565426, -0.6354745287526526, 0.0358379621661067, 0.0, -0.6341838338818839, -0.7720657000779676, -0.0415381704699789, 0.0, 0.05406571065380007, 0.009310105784140755, -0.998493976377318, 0.0, 0.6104456600851377, 0.22165884637572608, 0.39046910349942815, 1.0]",
  "1784817610.5248175": "[0.7712861740303545, -0.6354789392173523, 0.03583511630797946, 0.0, -0.6341881821527637, -0.7720620357319774, -0.04153989166052392, 0.0, 0.05406465913506428, 0.009312936839890578, -0.9984940069124231, 0.0, 0.6104460923565364, 0.22165868879027564, 0.390468666602105, 1.0]",
  "1784817610.5566523": "[0.7712861740303545, -0.6354789392173523, 0.03583511630797946, 0.0, -0.6341881821527637, -0.7720620357319774, -0.04153989166052392, 0.0, 0.05406465913506428, 0.009312936839890578, -0.9984940069124231, 0.0, 0.6104460923565364, 0.22165868879027564, 0.390468666602105, 1.0]",
  "1784817610.590299": "[0.7712810596601292, -0.6354847808659835, 0.03584160009348587, 0.0, -0.6341938287568806, -0.7720572579525726, -0.041542484391809936, 0.0, 0.05407138407916723, 0.009310409790568772, -0.998493666326079, 0.0, 0.6104474926463399, 0.22165521523248372, 0.3904727060925302, 1.0]",
  "1784817610.626443": "[0.7712810596601292, -0.6354847808659835, 0.03584160009348587, 0.0, -0.6341938287568806, -0.7720572579525726, -0.041542484391809936, 0.0, 0.05407138407916723, 0.009310409790568772, -0.998493666326079, 0.0, 0.6104474926463399, 0.22165521523248372, 0.3904727060925302, 1.0]",
  "1784817610.6580245": "[0.7712870657210273, -0.6354779195249752, 0.03583400686019607, 0.0, -0.6341872658412063, -0.7720628818624831, -0.041538154690028244, 0.0, 0.05406268672848871, 0.00931237061153524, -0.9984941189898371, 0.0, 0.6104460733386559, 0.22165987138694596, 0.3904684296266361, 1.0]",
  "1784817610.6899471": "[0.7712870657210273, -0.6354779195249752, 0.03583400686019607, 0.0, -0.6341872658412063, -0.7720628818624831, -0.041538154690028244, 0.0, 0.05406268672848871, 0.00931237061153524, -0.9984941189898371, 0.0, 0.6104460733386559, 0.22165987138694596, 0.3904684296266361, 1.0]",
  "1784817610.7233455": "[0.7712832682761634, -0.6354783235515555, 0.035908500015235274, 0.0, -0.6341820035264047, -0.7720622653100511, -0.0416298557233601, 0.0, 0.05417846879042255, 0.00933588669688849, -0.9984876237285609, 0.0, 0.6104483890449152, 0.2216629776249258, 0.3905201388878564, 1.0]",
  "1784817610.7566078": "[0.7712832682761634, -0.6354783235515555, 0.035908500015235274, 0.0, -0.6341820035264047, -0.7720622653100511, -0.0416298557233601, 0.0, 0.05417846879042255, 0.00933588669688849, -0.9984876237285609, 0.0, 0.6104483890449152, 0.2216629776249258, 0.3905201388878564, 1.0]",
  "1784817610.789869": "[0.7712620122938871, -0.6354532621106528, 0.0367975551540305, 0.0, -0.6340873957707518, -0.7720792598318515, -0.04274097638293129, 0.0, 0.05557052201527366, 0.00963162553415528, -0.9984083076940615, 0.0, 0.6104019687335522, 0.2217547258333138, 0.3911627681161732, 1.0]",
  "1784817610.8231893": "[0.7712620122938871, -0.6354532621106528, 0.0367975551540305, 0.0, -0.6340873957707518, -0.7720792598318515, -0.04274097638293129, 0.0, 0.05557052201527366, 0.00963162553415528, -0.9984083076940615, 0.0, 0.6104019687335522, 0.2217547258333138, 0.3911627681161732, 1.0]",
  "1784817610.8565578": "[0.7711036888784328, -0.6355660641295744, 0.03814287777442685, 0.0, -0.6341044875076118, -0.7719830566730232, -0.04420021643029369, 0.0, 0.057537812964884666, 0.009896379975406173, -0.9982942761243303, 0.0, 0.6100984392158938, 0.22183888936088467, 0.39223929084827813, 1.0]",
  "1784817610.890841": "[0.7711036888784328, -0.6355660641295744, 0.03814287777442685, 0.0, -0.6341044875076118, -0.7719830566730232, -0.04420021643029369, 0.0, 0.057537812964884666, 0.009896379975406173, -0.9982942761243303, 0.0, 0.6100984392158938, 0.22183888936088467, 0.39223929084827813, 1.0]",
  "1784817610.9233828": "[0.7701489473350686, -0.6366639167583696, 0.039110817130015504, 0.0, -0.635122127605682, -0.7710746384350555, -0.045428900359576835, 0.0, 0.05908030081438016, 0.010146874402505616, -0.9982016624888692, 0.0, 0.609436996297108, 0.22196795282978657, 0.3930007401909212, 1.0]",
  "1784817610.9569247": "[0.7701489473350686, -0.6366639167583696, 0.039110817130015504, 0.0, -0.635122127605682, -0.7710746384350555, -0.045428900359576835, 0.0, 0.05908030081438016, 0.010146874402505616, -0.9982016624888692, 0.0, 0.609436996297108, 0.22196795282978657, 0.3930007401909212, 1.0]",
  "1784817610.9904056": "[0.7681020360282107, -0.6391228589786346, 0.03925854531555657, 0.0, -0.6375683338993012, -0.7690390156170568, -0.04566850192001494, 0.0, 0.05937913655642443, 0.010048063978972111, -0.9981849300365584, 0.0, 0.6084733028202135, 0.22208170398448837, 0.3931151306102013, 1.0]",
  "1784817611.0231647": "[0.7681020360282107, -0.6391228589786346, 0.03925854531555657, 0.0, -0.6375683338993012, -0.7690390156170568, -0.04566850192001494, 0.0, 0.05937913655642443, 0.010048063978972111, -0.9981849300365584, 0.0, 0.6084733028202135, 0.22208170398448837, 0.3931151306102013, 1.0]",
  "1784817611.0565636": "[0.7655895060683555, -0.6421606230160886, 0.03876135247382856, 0.0, -0.6406542388418315, -0.7665097674599937, -0.04499914046312836, 0.0, 0.058607631346140165, 0.009618244955066427, -0.998234759418835, 0.0, 0.607276480623733, 0.22217794870784058, 0.3927197838837077, 1.0]",
  "1784817611.0898683": "[0.7655895060683555, -0.6421606230160886, 0.03876135247382856, 0.0, -0.6406542388418315, -0.7665097674599937, -0.04499914046312836, 0.0, 0.058607631346140165, 0.009618244955066427, -0.998234759418835, 0.0, 0.607276480623733, 0.22217794870784058, 0.3927197838837077, 1.0]",
  "1784817611.1242013": "[0.7631430969149315, -0.6451122933934633, 0.03798345091896593, 0.0, -0.6436541550321978, -0.7640299136512623, -0.044357860135857574, 0.0, 0.05763629360806406, 0.00940318875014377, -0.9982933625445247, 0.0, 0.6060568969102191, 0.22226087033540357, 0.3923781109443679, 1.0]",
  "1784817611.1587632": "[0.7631430969149315, -0.6451122933934633, 0.03798345091896593, 0.0, -0.6436541550321978, -0.7640299136512623, -0.044357860135857574, 0.0, 0.05763629360806406, 0.00940318875014377, -0.9982933625445247, 0.0, 0.6060568969102191, 0.22226087033540357, 0.3923781109443679, 1.0]",
  "1784817611.1899223": "[0.75991082602484, -0.6489404015629867, 0.03757514749824883, 0.0, -0.6474674537008684, -0.7607776158828643, -0.044758413395689145, 0.0, 0.05763187389248537, 0.00968371782195368, -0.9982909359103618, 0.0, 0.6048936263734743, 0.2223783136407038, 0.3924051892547128, 1.0]",
  "1784817611.2233407": "[0.75991082602484, -0.6489404015629867, 0.03757514749824883, 0.0, -0.6474674537008684, -0.7607776158828643, -0.044758413395689145, 0.0, 0.05763187389248537, 0.00968371782195368, -0.9982909359103618, 0.0, 0.6048936263734743, 0.2223783136407038, 0.3924051892547128, 1.0]",
  "1784817611.2570322": "[0.7569635132483076, -0.6523610097725157, 0.03783322005014772, 0.0, -0.6508709607131471, -0.7578488581039111, -0.04507882841137742, 0.0, 0.0580795326352066, 0.00949848404648233, -0.9982667713039908, 0.0, 0.6036407249952158, 0.22249651704838952, 0.3925993069603655, 1.0]",
  "1784817611.2906172": "[0.7569635132483076, -0.6523610097725157, 0.03783322005014772, 0.0, -0.6508709607131471, -0.7578488581039111, -0.04507882841137742, 0.0, 0.0580795326352066, 0.00949848404648233, -0.9982667713039908, 0.0, 0.6036407249952158, 0.22249651704838952, 0.3925993069603655, 1.0]",
  "1784817611.3250434": "[0.7538071117697723, -0.6559866806180051, 0.03816167052272903, 0.0, -0.654460473026817, -0.7547128513310637, -0.04571653181564547, 0.0, 0.058790539126878115, 0.009486141866283843, -0.9982252679739498, 0.0, 0.6026294161403233, 0.22259881423659508, 0.39290008331715087, 1.0]",
  "1784817611.3565688": "[0.7538071117697723, -0.6559866806180051, 0.03816167052272903, 0.0, -0.654460473026817, -0.7547128513310637, -0.04571653181564547, 0.0, 0.058790539126878115, 0.009486141866283843, -0.9982252679739498, 0.0, 0.6026294161403233, 0.22259881423659508, 0.39290008331715087, 1.0]",
  "1784817611.3908198": "[0.749924694240729, -0.6604108397503915, 0.03834678223960651, 0.0, -0.6588538556461975, -0.7508449439307479, -0.046297592526734786, 0.0, 0.05936791951962432, 0.009454782589503566, -0.9981913930795518, 0.0, 0.6015141391282626, 0.2226136040907469, 0.3931626239374201, 1.0]",
  "1784817611.423233": "[0.749924694240729, -0.6604108397503915, 0.03834678223960651, 0.0, -0.6588538556461975, -0.7508449439307479, -0.046297592526734786, 0.0, 0.05936791951962432, 0.009454782589503566, -0.9981913930795518, 0.0, 0.6015141391282626, 0.2226136040907469, 0.3931626239374201, 1.0]",
  "1784817611.4565673": "[0.7456640998736968, -0.6652409087331738, 0.0379418437534423, 0.0, -0.6636825097652307, -0.7465685784475025, -0.04648530850279422, 0.0, 0.05925011722582542, 0.009481087634682334, -0.9981981429485778, 0.0, 0.6003702861211131, 0.2226708256490382, 0.3931004822973507, 1.0]",
  "1784817611.490843": "[0.7456640998736968, -0.6652409087331738, 0.0379418437534423, 0.0, -0.6636825097652307, -0.7465685784475025, -0.04648530850279422, 0.0, 0.05925011722582542, 0.009481087634682334, -0.9981981429485778, 0.0, 0.6003702861211131, 0.2226708256490382, 0.3931004822973507, 1.0]",
  "1784817611.523296": "[0.742124172905271, -0.6692146702775219, 0.03746247555908664, 0.0, -0.6676558650930251, -0.7430070040833427, -0.04665016280764896, 0.0, 0.059053855052415914, 0.009608171961594417, -0.9982085579852564, 0.0, 0.5993751970131326, 0.22270494207154432, 0.39292800038739406, 1.0]",
  "1784817611.5566254": "[0.742124172905271, -0.6692146702775219, 0.03746247555908664, 0.0, -0.6676558650930251, -0.7430070040833427, -0.04665016280764896, 0.0, 0.059053855052415914, 0.009608171961594417, -0.9982085579852564, 0.0, 0.5993751970131326, 0.22270494207154432, 0.39292800038739406, 1.0]",
  "1784817611.589917": "[0.7381550387205678, -0.6736249273113101, 0.036831998537541474, 0.0, -0.6721094422866613, -0.7390151641873801, -0.046102979190209545, 0.0, 0.0582755214524103, 0.009276012393912531, -0.9982574413414196, 0.0, 0.5981847262921692, 0.2226566690284421, 0.3925628736448495, 1.0]",
  "1784817611.626855": "[0.7381550387205678, -0.6736249273113101, 0.036831998537541474, 0.0, -0.6721094422866613, -0.7390151641873801, -0.046102979190209545, 0.0, 0.0582755214524103, 0.009276012393912531, -0.9982574413414196, 0.0, 0.5981847262921692, 0.2226566690284421, 0.3925628736448495, 1.0]",
  "1784817611.6566179": "[0.7341912274861276, -0.6779749435240242, 0.03623834207037198, 0.0, -0.6764981646756757, -0.7350302121010002, -0.04561601132497744, 0.0, 0.05756278896001696, 0.008975703446210313, -0.9983015386519194, 0.0, 0.5969677421722787, 0.22264419632738386, 0.39229215245793647, 1.0]",
  "1784817611.6899693": "[0.7341912274861276, -0.6779749435240242, 0.03623834207037198, 0.0, -0.6764981646756757, -0.7350302121010002, -0.04561601132497744, 0.0, 0.05756278896001696, 0.008975703446210313, -0.9983015386519194, 0.0, 0.5969677421722787, 0.22264419632738386, 0.39229215245793647, 1.0]",
  "1784817611.7232025": "[0.7303982375298841, -0.6820640157446971, 0.036153741707556884, 0.0, -0.6805526576396712, -0.7312343676126398, -0.046307448663510296, 0.0, 0.0580215028486813, 0.00921835388563745, -0.9982727719209916, 0.0, 0.5959363382922813, 0.2226721516458019, 0.39249008736730184, 1.0]",
  "1784817611.7567568": "[0.7303982375298841, -0.6820640157446971, 0.036153741707556884, 0.0, -0.6805526576396712, -0.7312343676126398, -0.046307448663510296, 0.0, 0.0580215028486813, 0.00921835388563745, -0.9982727719209916, 0.0, 0.5959363382922813, 0.2226721516458019, 0.39249008736730184, 1.0]",
