{
  "1783354582.1983747": "[0.7240082632553649, -0.6887911788144686, -0.03713147890031997, 0.0, -0.6895415280673557, -0.7241452301451112, -0.012089943284407026, 0.0, -0.018561137047233757, 0.034356915540526806, -0.9992372523810626, 0.0, 0.45871443292305947, -0.025948904039034628, 0.4040392427861547, 1.0]",
  "1783354582.2192276": "[0.7240082632553649, -0.6887911788144686, -0.03713147890031997, 0.0, -0.6895415280673557, -0.7241452301451112, -0.012089943284407026, 0.0, -0.018561137047233757, 0.034356915540526806, -0.9992372523810626, 0.0, 0.45871443292305947, -0.025948904039034628, 0.4040392427861547, 1.0]",
  "1783354582.2383778": "[0.7240082632553649, -0.6887911788144686, -0.03713147890031997, 0.0, -0.6895415280673557, -0.7241452301451112, -0.012089943284407026, 0.0, -0.018561137047233757, 0.034356915540526806, -0.9992372523810626, 0.0, 0.45871443292305947, -0.025948904039034628, 0.4040392427861547, 1.0]",
  "1783354582.2588704": "[0.7240015979825412, -0.6887982706214187, -0.037129886987030014, 0.0, -0.6895486110284678, -0.7241384455239537, -0.012092342323243022, 0.0, -0.01855799416525601, 0.03435773716493039, -0.9992372825057458, 0.0, 0.45871464085448976, -0.025951951705764965, 0.4040405400410177, 1.0]",
  "1783354582.278286": "[0.7240015979825412, -0.6887982706214187, -0.037129886987030014, 0.0, -0.6895486110284678, -0.7241384455239537, -0.012092342323243022, 0.0, -0.01855799416525601, 0.03435773716493039, -0.9992372825057458, 0.0, 0.45871464085448976, -0.025951951705764965, 0.4040405400410177, 1.0]",
  "1783354582.2982922": "[0.7240015979825412, -0.6887982706214187, -0.037129886987030014, 0.0, -0.6895486110284678, -0.7241384455239537, -0.012092342323243022, 0.0, -0.01855799416525601, 0.03435773716493039, -0.9992372825057458, 0.0, 0.45871464085448976, -0.025951951705764965, 0.4040405400410177, 1.0]",
  "1783354582.3182971": "[0.7239880298062747, -0.6888126367495576, -0.03712794299918397, 0.0, -0.6895630292403961, -0.7241246111982511, -0.01209860164607836, 0.0, -0.018551587588057143, 0.034361299613137275, -0.9992372789717461, 0.0, 0.458714312283777, -0.025961461665671086, 0.40404305287104336, 1.0]",
  "1783354582.3384192": "[0.7239880298062747, -0.6888126367495576, -0.03712794299918397, 0.0, -0.6895630292403961, -0.7241246111982511, -0.01209860164607836, 0.0, -0.018551587588057143, 0.034361299613137275, -0.9992372789717461, 0.0, 0.458714312283777, -0.025961461665671086, 0.40404305287104336, 1.0]",
  "1783354582.3583562": "[0.7239880298062747, -0.6888126367495576, -0.03712794299918397, 0.0, -0.6895630292403961, -0.7241246111982511, -0.01209860164607836, 0.0, -0.018551587588057143, 0.034361299613137275, -0.9992372789717461, 0.0, 0.458714312283777, -0.025961461665671086, 0.40404305287104336, 1.0]",
  "1783354582.3782306": "[0.7240114627096004, -0.6887880866658704, -0.037126453268178664, 0.0, -0.6895382639926153, -0.724148336900184, -0.012090022942396915, 0.0, -0.018557595618913937, 0.03435342532946029, -0.9992374381562061, 0.0, 0.45871471088601423, -0.025944965109399885, 0.40404053683364133, 1.0]",
  "1783354582.3982983": "[0.7240114627096004, -0.6887880866658704, -0.037126453268178664, 0.0, -0.6895382639926153, -0.724148336900184, -0.012090022942396915, 0.0, -0.018557595618913937, 0.03435342532946029, -0.9992374381562061, 0.0, 0.45871471088601423, -0.025944965109399885, 0.40404053683364133, 1.0]",
  "1783354582.418292": "[0.7240114627096004, -0.6887880866658704, -0.037126453268178664, 0.0, -0.6895382639926153, -0.724148336900184, -0.012090022942396915, 0.0, -0.018557595618913937, 0.03435342532946029, -0.9992374381562061, 0.0, 0.45871471088601423, -0.025944965109399885, 0.40404053683364133, 1.0]",
  "1783354582.438617": "[0.7240114627096004, -0.6887880866658704, -0.037126453268178664, 0.0, -0.6895382639926153, -0.724148336900184, -0.012090022942396915, 0.0, -0.018557595618913937, 0.03435342532946029, -0.9992374381562061, 0.0, 0.45871471088601423, -0.025944965109399885, 0.40404053683364133, 1.0]",
  "1783354582.4583762": "[0.723982312646007, -0.6888184323400008, -0.03713190332319374, 0.0, -0.6895688995453377, -0.7241190773439747, -0.012095230727117962, 0.0, -0.018556501706172724, 0.03436173882640449, -0.9992371726218228, 0.0, 0.45871344321784824, -0.025965891863254334, 0.40404038393657604, 1.0]",
  "1783354582.47829": "[0.723982312646007, -0.6888184323400008, -0.03713190332319374, 0.0, -0.6895688995453377, -0.7241190773439747, -0.012095230727117962, 0.0, -0.018556501706172724, 0.03436173882640449, -0.9992371726218228, 0.0, 0.45871344321784824, -0.025965891863254334, 0.40404038393657604, 1.0]",
  "1783354582.4983516": "[0.723982312646007, -0.6888184323400008, -0.03713190332319374, 0.0, -0.6895688995453377, -0.7241190773439747, -0.012095230727117962, 0.0, -0.018556501706172724, 0.03436173882640449, -0.9992371726218228, 0.0, 0.45871344321784824, -0.025965891863254334, 0.40404038393657604, 1.0]",
  "1783354582.518299": "[0.7240085579082008, -0.6887908448181902, -0.03713192925679021, 0.0, -0.6895412060170373, -0.7241455399323284, -0.012089756022622805, 0.0, -0.018561607695919198, 0.03435708210486755, -0.9992372379114896, 0.0, 0.4587147919130592, -0.02594698986379369, 0.40403876190121313, 1.0]",
  "1783354582.5384715": "[0.7240085579082008, -0.6887908448181902, -0.03713192925679021, 0.0, -0.6895412060170373, -0.7241455399323284, -0.012089756022622805, 0.0, -0.018561607695919198, 0.03435708210486755, -0.9992372379114896, 0.0, 0.4587147919130592, -0.02594698986379369, 0.40403876190121313, 1.0]",
  "1783354582.5583634": "[0.7240085579082008, -0.6887908448181902, -0.03713192925679021, 0.0, -0.6895412060170373, -0.7241455399323284, -0.012089756022622805, 0.0, -0.018561607695919198, 0.03435708210486755, -0.9992372379114896, 0.0, 0.4587147919130592, -0.02594698986379369, 0.40403876190121313, 1.0]",
  "1783354582.5782337": "[0.7239867614318423, -0.6888140916307094, -0.037125684403031725, 0.0, -0.6895644302986638, -0.7241232557813668, -0.012099872043627944, 0.0, -0.018549009092455455, 0.034360698589430444, -0.9992373475076548, 0.0, 0.45871350775905695, -0.02596276129391844, 0.40404393231941343, 1.0]",
  "1783354582.5982995": "[0.7239867614318423, -0.6888140916307094, -0.037125684403031725, 0.0, -0.6895644302986638, -0.7241232557813668, -0.012099872043627944, 0.0, -0.018549009092455455, 0.034360698589430444, -0.9992373475076548, 0.0, 0.45871350775905695, -0.02596276129391844, 0.40404393231941343, 1.0]",
  "1783354582.6183057": "[0.7239867614318423, -0.6888140916307094, -0.037125684403031725, 0.0, -0.6895644302986638, -0.7241232557813668, -0.012099872043627944, 0.0, -0.018549009092455455, 0.034360698589430444, -0.9992373475076548, 0.0, 0.45871350775905695, -0.02596276129391844, 0.40404393231941343, 1.0]",
  "1783354582.6384823": "[0.7239867614318423, -0.6888140916307094, -0.037125684403031725, 0.0, -0.6895644302986638, -0.7241232557813668, -0.012099872043627944, 0.0, -0.018549009092455455, 0.034360698589430444, -0.9992373475076548, 0.0, 0.45871350775905695, -0.02596276129391844, 0.40404393231941343, 1.0]",
  "1783354582.6583352": "[0.7240033245221927, -0.688796387895368, -0.03713114734432855, 0.0, -0.689546751152254, -0.7241402346607237, -0.012091258035604782, 0.0, -0.018559742891108566, 0.03435777303327093, -0.9992372487933034, 0.0, 0.4587146697982695, -0.025949304911884644, 0.40403925855815587, 1.0]",
  "1783354582.678292": "[0.7240033245221927, -0.688796387895368, -0.03713114734432855, 0.0, -0.689546751152254, -0.7241402346607237, -0.012091258035604782, 0.0, -0.018559742891108566, 0.03435777303327093, -0.9992372487933034, 0.0, 0.4587146697982695, -0.025949304911884644, 0.40403925855815587, 1.0]",
  "1783354582.6982925": "[0.7240033245221927, -0.688796387895368, -0.03713114734432855, 0.0, -0.689546751152254, -0.7241402346607237, -0.012091258035604782, 0.0, -0.018559742891108566, 0.03435777303327093, -0.9992372487933034, 0.0, 0.4587146697982695, -0.025949304911884644, 0.40403925855815587, 1.0]",
  "1783354582.7182972": "[0.7239906862361885, -0.6888099009668792, -0.0371268982444128, 0.0, -0.6895602461618332, -0.7241272711951086, -0.012098017389567582, 0.0, -0.018551365353661472, 0.034360085004612996, -0.9992373248643143, 0.0, 0.45871428619455135, -0.02596050506635445, 0.40404236502785035, 1.0]",
  "1783354582.739638": "[0.7239906862361885, -0.6888099009668792, -0.0371268982444128, 0.0, -0.6895602461618332, -0.7241272711951086, -0.012098017389567582, 0.0, -0.018551365353661472, 0.034360085004612996, -0.9992373248643143, 0.0, 0.45871428619455135, -0.02596050506635445, 0.40404236502785035, 1.0]",
  "1783354582.7584164": "[0.7239906862361885, -0.6888099009668792, -0.0371268982444128, 0.0, -0.6895602461618332, -0.7241272711951086, -0.012098017389567582, 0.0, -0.018551365353661472, 0.034360085004612996, -0.9992373248643143, 0.0, 0.45871428619455135, -0.02596050506635445, 0.40404236502785035, 1.0]",
  "1783354582.780174": "[0.7240038771074433, -0.6887958213295304, -0.03713088273079053, 0.0, -0.6895461941708629, -0.7241407481393103, -0.01209226979184038, 0.0, -0.01855888029673869, 0.03435830908554288, -0.9992372463829167, 0.0, 0.4587145991939166, -0.025949600407339672, 0.40403962165705964, 1.0]",
  "1783354582.7983072": "[0.7240038771074433, -0.6887958213295304, -0.03713088273079053, 0.0, -0.6895461941708629, -0.7241407481393103, -0.01209226979184038, 0.0, -0.01855888029673869, 0.03435830908554288, -0.9992372463829167, 0.0, 0.4587145991939166, -0.025949600407339672, 0.40403962165705964, 1.0]",
  "1783354582.8186166": "[0.7240038771074433, -0.6887958213295304, -0.03713088273079053, 0.0, -0.6895461941708629, -0.7241407481393103, -0.01209226979184038, 0.0, -0.01855888029673869, 0.03435830908554288, -0.9992372463829167, 0.0, 0.4587145991939166, -0.025949600407339672, 0.40403962165705964, 1.0]",
  "1783354582.83836": "[0.7240038771074433, -0.6887958213295304, -0.03713088273079053, 0.0, -0.6895461941708629, -0.7241407481393103, -0.01209226979184038, 0.0, -0.01855888029673869, 0.03435830908554288, -0.9992372463829167, 0.0, 0.4587145991939166, -0.025949600407339672, 0.40403962165705964, 1.0]",
  "1783354582.8583088": "[0.7239954772885976, -0.6888048535747172, -0.037127113509781914, 0.0, -0.6895552065346545, -0.7241320690344879, -0.012098088145708593, 0.0, -0.018551711689377838, 0.03436015552560505, -0.9992373160093901, 0.0, 0.45871294793914064, -0.025955976175241174, 0.40404323969732625, 1.0]",
  "1783354582.8783317": "[0.7239954772885976, -0.6888048535747172, -0.037127113509781914, 0.0, -0.6895552065346545, -0.7241320690344879, -0.012098088145708593, 0.0, -0.018551711689377838, 0.03436015552560505, -0.9992373160093901, 0.0, 0.45871294793914064, -0.025955976175241174, 0.40404323969732625, 1.0]",
  "1783354582.898362": "[0.7239954772885976, -0.6888048535747172, -0.037127113509781914, 0.0, -0.6895552065346545, -0.7241320690344879, -0.012098088145708593, 0.0, -0.018551711689377838, 0.03436015552560505, -0.9992373160093901, 0.0, 0.45871294793914064, -0.025955976175241174, 0.40404323969732625, 1.0]",
  "1783354582.9182925": "[0.724000218935305, -0.6887996128144264, -0.03713187806086155, 0.0, -0.689549997112996, -0.7241371479748246, -0.01209100510105971, 0.0, -0.01856029264579407, 0.03435817674998232, -0.999237224700581, 0.0, 0.45871442275921515, -0.025952324076620542, 0.4040391718539979, 1.0]",
  "1783354582.938363": "[0.724000218935305, -0.6887996128144264, -0.03713187806086155, 0.0, -0.689549997112996, -0.7241371479748246, -0.01209100510105971, 0.0, -0.01856029264579407, 0.03435817674998232, -0.999237224700581, 0.0, 0.45871442275921515, -0.025952324076620542, 0.4040391718539979, 1.0]",
  "1783354582.9583244": "[0.724000218935305, -0.6887996128144264, -0.03713187806086155, 0.0, -0.689549997112996, -0.7241371479748246, -0.01209100510105971, 0.0, -0.01856029264579407, 0.03435817674998232, -0.999237224700581, 0.0, 0.45871442275921515, -0.025952324076620542, 0.4040391718539979, 1.0]",
  "1783354582.9794755": "[0.724000218935305, -0.6887996128144264, -0.03713187806086155, 0.0, -0.689549997112996, -0.7241371479748246, -0.01209100510105971, 0.0, -0.01856029264579407, 0.03435817674998232, -0.999237224700581, 0.0, 0.45871442275921515, -0.025952324076620542, 0.4040391718539979, 1.0]",
  "1783354583.0039394": "[0.723119867801628, -0.6897167664631928, -0.03726176123204394, 0.0, -0.6904737866068104, -0.7232545616435597, -0.012197912552384563, 0.0, -0.018536633982717453, 0.03454882228586437, -0.999231090428661, 0.0, 0.45863989157020846, -0.026543449867253835, 0.4040262827339447, 1.0]",
  "1783354583.0183227": "[0.723119867801628, -0.6897167664631928, -0.03726176123204394, 0.0, -0.6904737866068104, -0.7232545616435597, -0.012197912552384563, 0.0, -0.018536633982717453, 0.03454882228586437, -0.999231090428661, 0.0, 0.45863989157020846, -0.026543449867253835, 0.4040262827339447, 1.0]",
  "1783354583.0383549": "[0.723119867801628, -0.6897167664631928, -0.03726176123204394, 0.0, -0.6904737866068104, -0.7232545616435597, -0.012197912552384563, 0.0, -0.018536633982717453, 0.03454882228586437, -0.999231090428661, 0.0, 0.45863989157020846, -0.026543449867253835, 0.4040262827339447, 1.0]",
  "1783354583.0583045": "[0.7209817010168593, -0.6919582179483035, -0.03713773569624879, 0.0, -0.6927211553982175, -0.7210930382080096, -0.012736997750698207, 0.0, -0.017966292399789405, 0.034909237484525395, -0.9992289815030662, 0.0, 0.458592217830144, -0.028005714915363487, 0.40422098445967514, 1.0]",
  "1783354583.0790544": "[0.7209817010168593, -0.6919582179483035, -0.03713773569624879, 0.0, -0.6927211553982175, -0.7210930382080096, -0.012736997750698207, 0.0, -0.017966292399789405, 0.034909237484525395, -0.9992289815030662, 0.0, 0.458592217830144, -0.028005714915363487, 0.40422098445967514, 1.0]",
  "1783354583.0982943": "[0.7209817010168593, -0.6919582179483035, -0.03713773569624879, 0.0, -0.6927211553982175, -0.7210930382080096, -0.012736997750698207, 0.0, -0.017966292399789405, 0.034909237484525395, -0.9992289815030662, 0.0, 0.458592217830144, -0.028005714915363487, 0.40422098445967514, 1.0]",
  "1783354583.1182919": "[0.7221013454672419, -0.6907867503619894, -0.03719290790892189, 0.0, -0.6915459319234601, -0.7222254560274086, -0.0124344161951904, 0.0, -0.018272134919382448, 0.03469951282546547, -0.9992307405675447, 0.0, 0.4586553974025869, -0.027245762653919856, 0.40411265138174335, 1.0]",
  "1783354583.13841": "[0.7221013454672419, -0.6907867503619894, -0.03719290790892189, 0.0, -0.6915459319234601, -0.7222254560274086, -0.0124344161951904, 0.0, -0.018272134919382448, 0.03469951282546547, -0.9992307405675447, 0.0, 0.4586553974025869, -0.027245762653919856, 0.40411265138174335, 1.0]",
  "1783354583.158425": "[0.7221013454672419, -0.6907867503619894, -0.03719290790892189, 0.0, -0.6915459319234601, -0.7222254560274086, -0.0124344161951904, 0.0, -0.018272134919382448, 0.03469951282546547, -0.9992307405675447, 0.0, 0.4586553974025869, -0.027245762653919856, 0.40411265138174335, 1.0]",
  "1783354583.1782546": "[0.7234342542584371, -0.6893996393142329, -0.037027247790571996, 0.0, -0.6901501311030099, -0.7235619173233461, -0.012286103445008854, 0.0, -0.01832147112098645, 0.03444254800052889, -0.9992387275237054, 0.0, 0.45870825308831153, -0.02634445901579812, 0.404127144994394, 1.0]",
  "1783354583.1983016": "[0.7234342542584371, -0.6893996393142329, -0.037027247790571996, 0.0, -0.6901501311030099, -0.7235619173233461, -0.012286103445008854, 0.0, -0.01832147112098645, 0.03444254800052889, -0.9992387275237054, 0.0, 0.45870825308831153, -0.02634445901579812, 0.404127144994394, 1.0]",
  "1783354583.218293": "[0.7234342542584371, -0.6893996393142329, -0.037027247790571996, 0.0, -0.6901501311030099, -0.7235619173233461, -0.012286103445008854, 0.0, -0.01832147112098645, 0.03444254800052889, -0.9992387275237054, 0.0, 0.45870825308831153, -0.02634445901579812, 0.404127144994394, 1.0]",
  "1783354583.2383602": "[0.7234342542584371, -0.6893996393142329, -0.037027247790571996, 0.0, -0.6901501311030099, -0.7235619173233461, -0.012286103445008854, 0.0, -0.01832147112098645, 0.03444254800052889, -0.9992387275237054, 0.0, 0.45870825308831153, -0.02634445901579812, 0.404127144994394, 1.0]",
  "1783354583.2583158": "[0.7227738057303441, -0.6900397985389397, -0.03798818477387937, 0.0, -0.6907995497968753, -0.7229621132189148, -0.011034711164151076, 0.0, -0.019849628472828222, 0.034217821122644966, -0.999217260142713, 0.0, 0.4584214429007995, -0.026917154071825794, 0.4034204957592049, 1.0]",
  "1783354583.2790248": "[0.7227738057303441, -0.6900397985389397, -0.03798818477387937, 0.0, -0.6907995497968753, -0.7229621132189148, -0.011034711164151076, 0.0, -0.019849628472828222, 0.034217821122644966, -0.999217260142713, 0.0, 0.4584214429007995, -0.026917154071825794, 0.4034204957592049, 1.0]",
  "1783354583.298406": "[0.7227738057303441, -0.6900397985389397, -0.03798818477387937, 0.0, -0.6907995497968753, -0.7229621132189148, -0.011034711164151076, 0.0, -0.019849628472828222, 0.034217821122644966, -0.999217260142713, 0.0, 0.4584214429007995, -0.026917154071825794, 0.4034204957592049, 1.0]",
  "1783354583.3183095": "[0.7217520349897191, -0.6911119952559084, -0.03792373928816169, 0.0, -0.691875832210324, -0.721927436040626, -0.01134063027697619, 0.0, -0.01954054225119515, 0.03442364166099782, -0.9992162829454514, 0.0, 0.4584404065645753, -0.027606879096106124, 0.40354125116090234, 1.0]",
  "1783354583.3383744": "[0.7217520349897191, -0.6911119952559084, -0.03792373928816169, 0.0, -0.691875832210324, -0.721927436040626, -0.01134063027697619, 0.0, -0.01954054225119515, 0.03442364166099782, -0.9992162829454514, 0.0, 0.4584404065645753, -0.027606879096106124, 0.40354125116090234, 1.0]",
  "1783354583.3583007": "[0.7217520349897191, -0.6911119952559084, -0.03792373928816169, 0.0, -0.691875832210324, -0.721927436040626, -0.01134063027697619, 0.0, -0.01954054225119515, 0.03442364166099782, -0.9992162829454514, 0.0, 0.4584404065645753, -0.027606879096106124, 0.40354125116090234, 1.0]",
  "1783354583.3783271": "[0.7230496878137762, -0.6897808344705807, -0.037437272195904606, 0.0, -0.6905300578591369, -0.7232128405156355, -0.011464140018478088, 0.0, -0.019167371897523797, 0.034140704596940255, -0.9992332180948384, 0.0, 0.45857335982581143, -0.026744660865996736, 0.40374262230735536, 1.0]",
  "1783354583.3982873": "[0.7230496878137762, -0.6897808344705807, -0.037437272195904606, 0.0, -0.6905300578591369, -0.7232128405156355, -0.011464140018478088, 0.0, -0.019167371897523797, 0.034140704596940255, -0.9992332180948384, 0.0, 0.45857335982581143, -0.026744660865996736, 0.40374262230735536, 1.0]",
  "1783354583.419137": "[0.7230496878137762, -0.6897808344705807, -0.037437272195904606, 0.0, -0.6905300578591369, -0.7232128405156355, -0.011464140018478088, 0.0, -0.019167371897523797, 0.034140704596940255, -0.9992332180948384, 0.0, 0.45857335982581143, -0.026744660865996736, 0.40374262230735536, 1.0]",
  "1783354583.4384696": "[0.7230496878137762, -0.6897808344705807, -0.037437272195904606, 0.0, -0.6905300578591369, -0.7232128405156355, -0.011464140018478088, 0.0, -0.019167371897523797, 0.034140704596940255, -0.9992332180948384, 0.0, 0.45857335982581143, -0.026744660865996736, 0.40374262230735536, 1.0]",
  "1783354583.4587395": "[0.7234605462056586, -0.6893383405466218, -0.03764957285600852, 0.0, -0.690074584520799, -0.723662928641166, -0.010441911172642683, 0.0, -0.02004759043518334, 0.033535324106386676, -0.9992364465704915, 0.0, 0.45843301223957744, -0.026658515508585154, 0.4033311587870509, 1.0]",
  "1783354583.478351": "[0.7234605462056586, -0.6893383405466218, -0.03764957285600852, 0.0, -0.690074584520799, -0.723662928641166, -0.010441911172642683, 0.0, -0.02004759043518334, 0.033535324106386676, -0.9992364465704915, 0.0, 0.45843301223957744, -0.026658515508585154, 0.4033311587870509, 1.0]",
  "1783354583.4982955": "[0.7234605462056586, -0.6893383405466218, -0.03764957285600852, 0.0, -0.690074584520799, -0.723662928641166, -0.010441911172642683, 0.0, -0.02004759043518334, 0.033535324106386676, -0.9992364465704915, 0.0, 0.45843301223957744, -0.026658515508585154, 0.4033311587870509, 1.0]",
  "1783354583.5183656": "[0.7211443923630054, -0.6916903234475852, -0.038926363975673714, 0.0, -0.692466527595263, -0.7213773145004345, -0.010241009925803077, 0.0, -0.020996988440029295, 0.034340450974270874, -0.9991896015788662, 0.0, 0.4582817447036936, -0.028098815309900965, 0.4028800018308699, 1.0]",
  "1783354583.538358": "[0.7211443923630054, -0.6916903234475852, -0.038926363975673714, 0.0, -0.692466527595263, -0.7213773145004345, -0.010241009925803077, 0.0, -0.020996988440029295, 0.034340450974270874, -0.9991896015788662, 0.0, 0.4582817447036936, -0.028098815309900965, 0.4028800018308699, 1.0]",
  "1783354583.5582957": "[0.7211443923630054, -0.6916903234475852, -0.038926363975673714, 0.0, -0.692466527595263, -0.7213773145004345, -0.010241009925803077, 0.0, -0.020996988440029295, 0.034340450974270874, -0.9991896015788662, 0.0, 0.4582817447036936, -0.028098815309900965, 0.4028800018308699, 1.0]",
  "1783354583.5791402": "[0.7221168459735703, -0.6907367609819957, -0.037815179350153605, 0.0, -0.6914888675286361, -0.7223043014886026, -0.010938104727316544, 0.0, -0.019758715675550455, 0.034047365230848406, -0.9992248846359311, 0.0, 0.45847374496221305, -0.0274805386177678, 0.40346175389738265, 1.0]",
  "1783354583.598296": "[0.7221168459735703, -0.6907367609819957, -0.037815179350153605, 0.0, -0.6914888675286361, -0.7223043014886026, -0.010938104727316544, 0.0, -0.019758715675550455, 0.034047365230848406, -0.9992248846359311, 0.0, 0.45847374496221305, -0.0274805386177678, 0.40346175389738265, 1.0]",
  "1783354583.618461": "[0.7221168459735703, -0.6907367609819957, -0.037815179350153605, 0.0, -0.6914888675286361, -0.7223043014886026, -0.010938104727316544, 0.0, -0.019758715675550455, 0.034047365230848406, -0.9992248846359311, 0.0, 0.45847374496221305, -0.0274805386177678, 0.40346175389738265, 1.0]",
  "1783354583.6390758": "[0.7221168459735703, -0.6907367609819957, -0.037815179350153605, 0.0, -0.6914888675286361, -0.7223043014886026, -0.010938104727316544, 0.0, -0.019758715675550455, 0.034047365230848406, -0.9992248846359311, 0.0, 0.45847374496221305, -0.0274805386177678, 0.40346175389738265, 1.0]",
  "1783354583.6583006": "[0.7235845097650724, -0.689233940700163, -0.037175693873339855, 0.0, -0.6899629819422023, -0.7237628194402503, -0.010884151107183503, 0.0, -0.01940465865363596, 0.03352545574372037, -0.9992494698721197, 0.0, 0.4585479459934738, -0.026577216305016416, 0.40359471465437213, 1.0]",
  "1783354583.6783082": "[0.7235845097650724, -0.689233940700163, -0.037175693873339855, 0.0, -0.6899629819422023, -0.7237628194402503, -0.010884151107183503, 0.0, -0.01940465865363596, 0.03352545574372037, -0.9992494698721197, 0.0, 0.4585479459934738, -0.026577216305016416, 0.40359471465437213, 1.0]",
  "1783354583.6982932": "[0.7235845097650724, -0.689233940700163, -0.037175693873339855, 0.0, -0.6899629819422023, -0.7237628194402503, -0.010884151107183503, 0.0, -0.01940465865363596, 0.03352545574372037, -0.9992494698721197, 0.0, 0.4585479459934738, -0.026577216305016416, 0.40359471465437213, 1.0]",
  "1783354583.7183466": "[0.7204350536416833, -0.6924136929126713, -0.03919963458174071, 0.0, -0.6931979124399895, -0.7206756264640484, -0.010163444765065699, 0.0, -0.02121291288686465, 0.03449520673497747, -0.9991797100818081, 0.0, 0.4582223957141855, -0.02856276025270117, 0.4027660352788405, 1.0]",
  "1783354583.7384138": "[0.7204350536416833, -0.6924136929126713, -0.03919963458174071, 0.0, -0.6931979124399895, -0.7206756264640484, -0.010163444765065699, 0.0, -0.02121291288686465, 0.03449520673497747, -0.9991797100818081, 0.0, 0.4582223957141855, -0.02856276025270117, 0.4027660352788405, 1.0]",
  "1783354583.7583272": "[0.7204350536416833, -0.6924136929126713, -0.03919963458174071, 0.0, -0.6931979124399895, -0.7206756264640484, -0.010163444765065699, 0.0, -0.02121291288686465, 0.03449520673497747, -0.9991797100818081, 0.0, 0.4582223957141855, -0.02856276025270117, 0.4027660352788405, 1.0]",
  "1783354583.7785184": "[0.7200329188532802, -0.6928709984736732, -0.03850162648149448, 0.0, -0.6936457410926129, -0.7202343924563268, -0.010863046862894507, 0.0, -0.02020350543111958, 0.03452824057435711, -0.9991994890766978, 0.0, 0.45836142377186256, -0.02887350210108681, 0.403204422815156, 1.0]",
  "1783354583.7982974": "[0.7200329188532802, -0.6928709984736732, -0.03850162648149448, 0.0, -0.6936457410926129, -0.7202343924563268, -0.010863046862894507, 0.0, -0.02020350543111958, 0.03452824057435711, -0.9991994890766978, 0.0, 0.45836142377186256, -0.02887350210108681, 0.403204422815156, 1.0]",
  "1783354583.8184342": "[0.7200329188532802, -0.6928709984736732, -0.03850162648149448, 0.0, -0.6936457410926129, -0.7202343924563268, -0.010863046862894507, 0.0, -0.02020350543111958, 0.03452824057435711, -0.9991994890766978, 0.0, 0.45836142377186256, -0.02887350210108681, 0.403204422815156, 1.0]",
  "1783354583.838299": "[0.7200329188532802, -0.6928709984736732, -0.03850162648149448, 0.0, -0.6936457410926129, -0.7202343924563268, -0.010863046862894507, 0.0, -0.02020350543111958, 0.03452824057435711, -0.9991994890766978, 0.0, 0.45836142377186256, -0.02887350210108681, 0.403204422815156, 1.0]",
  "1783354583.8583994": "[0.7228974439337682, -0.6899388907704296, -0.03746481758254873, 0.0, -0.690680932785789, -0.7230753189890158, -0.011042289395107444, 0.0, -0.019471380027540203, 0.03385867793346431, -0.9992369365112665, 0.0, 0.45853483447082816, -0.02696519674625309, 0.4036146824191003, 1.0]",
  "1783354583.8783214": "[0.7228974439337682, -0.6899388907704296, -0.03746481758254873, 0.0, -0.690680932785789, -0.7230753189890158, -0.011042289395107444, 0.0, -0.019471380027540203, 0.03385867793346431, -0.9992369365112665, 0.0, 0.45853483447082816, -0.02696519674625309, 0.4036146824191003, 1.0]",
  "1783354583.898298": "[0.7228974439337682, -0.6899388907704296, -0.03746481758254873, 0.0, -0.690680932785789, -0.7230753189890158, -0.011042289395107444, 0.0, -0.019471380027540203, 0.03385867793346431, -0.9992369365112665, 0.0, 0.45853483447082816, -0.02696519674625309, 0.4036146824191003, 1.0]",
  "1783354583.9190211": "[0.7242868711509863, -0.6884917429168149, -0.03725115050143857, 0.0, -0.6892241711920728, -0.7244656068223954, -0.010937384333496586, 0.0, -0.01945687855013694, 0.033596197207789225, -0.9992460785063209, 0.0, 0.45860786116000124, -0.02602763846905472, 0.4036578553750588, 1.0]",
  "1783354583.9385421": "[0.7242868711509863, -0.6884917429168149, -0.03725115050143857, 0.0, -0.6892241711920728, -0.7244656068223954, -0.010937384333496586, 0.0, -0.01945687855013694, 0.033596197207789225, -0.9992460785063209, 0.0, 0.45860786116000124, -0.02602763846905472, 0.4036578553750588, 1.0]",
  "1783354583.958313": "[0.7242868711509863, -0.6884917429168149, -0.03725115050143857, 0.0, -0.6892241711920728, -0.7244656068223954, -0.010937384333496586, 0.0, -0.01945687855013694, 0.033596197207789225, -0.9992460785063209, 0.0, 0.45860786116000124, -0.02602763846905472, 0.4036578553750588, 1.0]",
  "1783354583.978403": "[0.7243453274610119, -0.6884292597743219, -0.03726930200551908, 0.0, -0.6891616547153984, -0.7245255628766276, -0.010905155122224064, 0.0, -0.01949513414505088, 0.033583671998231965, -0.9992457539163131, 0.0, 0.4586130145263214, -0.025989899976640647, 0.40364181961464296, 1.0]",
  "1783354583.9983": "[0.7243453274610119, -0.6884292597743219, -0.03726930200551908, 0.0, -0.6891616547153984, -0.7245255628766276, -0.010905155122224064, 0.0, -0.01949513414505088, 0.033583671998231965, -0.9992457539163131, 0.0, 0.4586130145263214, -0.025989899976640647, 0.40364181961464296, 1.0]",
  "1783354584.0189767": "[0.7243453274610119, -0.6884292597743219, -0.03726930200551908, 0.0, -0.6891616547153984, -0.7245255628766276, -0.010905155122224064, 0.0, -0.01949513414505088, 0.033583671998231965, -0.9992457539163131, 0.0, 0.4586130145263214, -0.025989899976640647, 0.40364181961464296, 1.0]",
  "1783354584.0383272": "[0.7243453274610119, -0.6884292597743219, -0.03726930200551908, 0.0, -0.6891616547153984, -0.7245255628766276, -0.010905155122224064, 0.0, -0.01949513414505088, 0.033583671998231965, -0.9992457539163131, 0.0, 0.4586130145263214, -0.025989899976640647, 0.40364181961464296, 1.0]",
  "1783354584.058317": "[0.7243352229858779, -0.688441025773426, -0.037248339211722784, 0.0, -0.6891731007572052, -0.7245143802707523, -0.010924741351058283, 0.0, -0.019465917258064153, 0.03358372839518102, -0.9992463216106335, 0.0, 0.4586104355702118, -0.02599270798356621, 0.4036557180849735, 1.0]",
  "1783354584.0783226": "[0.7243352229858779, -0.688441025773426, -0.037248339211722784, 0.0, -0.6891731007572052, -0.7245143802707523, -0.010924741351058283, 0.0, -0.019465917258064153, 0.03358372839518102, -0.9992463216106335, 0.0, 0.4586104355702118, -0.02599270798356621, 0.4036557180849735, 1.0]",
  "1783354584.0983086": "[0.7243352229858779, -0.688441025773426, -0.037248339211722784, 0.0, -0.6891731007572052, -0.7245143802707523, -0.010924741351058283, 0.0, -0.019465917258064153, 0.03358372839518102, -0.9992463216106335, 0.0, 0.4586104355702118, -0.02599270798356621, 0.4036557180849735, 1.0]",
  "1783354584.1186233": "[0.7243246664523637, -0.6884516586201823, -0.03725709746869693, 0.0, -0.6891839753479732, -0.7245040787978143, -0.010921901340654731, 0.0, -0.019473717986978903, 0.033587997088998824, -0.9992460261413669, 0.0, 0.4586123047712961, -0.0260002684200709, 0.40365199707560423, 1.0]",
  "1783354584.1383436": "[0.7243246664523637, -0.6884516586201823, -0.03725709746869693, 0.0, -0.6891839753479732, -0.7245040787978143, -0.010921901340654731, 0.0, -0.019473717986978903, 0.033587997088998824, -0.9992460261413669, 0.0, 0.4586123047712961, -0.0260002684200709, 0.40365199707560423, 1.0]",
  "1783354584.1583016": "[0.7243246664523637, -0.6884516586201823, -0.03725709746869693, 0.0, -0.6891839753479732, -0.7245040787978143, -0.010921901340654731, 0.0, -0.019473717986978903, 0.033587997088998824, -0.9992460261413669, 0.0, 0.4586123047712961, -0.0260002684200709, 0.40365199707560423, 1.0]",
  "1783354584.1787755": "[0.7243145184542004, -0.6884624227122303, -0.03725548106878087, 0.0, -0.689194740093651, -0.7244937981965012, -0.010924587042652513, 0.0, -0.0194701973206437, 0.03358911859537222, -0.9992460570491541, 0.0, 0.45861370808840957, -0.02600628856155461, 0.4036523431867658, 1.0]",
  "1783354584.1982903": "[0.7243145184542004, -0.6884624227122303, -0.03725548106878087, 0.0, -0.689194740093651, -0.7244937981965012, -0.010924587042652513, 0.0, -0.0194701973206437, 0.03358911859537222, -0.9992460570491541, 0.0, 0.45861370808840957, -0.02600628856155461, 0.4036523431867658, 1.0]",
  "1783354584.2184653": "[0.7243145184542004, -0.6884624227122303, -0.03725548106878087, 0.0, -0.689194740093651, -0.7244937981965012, -0.010924587042652513, 0.0, -0.0194701973206437, 0.03358911859537222, -0.9992460570491541, 0.0, 0.45861370808840957, -0.02600628856155461, 0.4036523431867658, 1.0]",
  "1783354584.238348": "[0.7243145184542004, -0.6884624227122303, -0.03725548106878087, 0.0, -0.689194740093651, -0.7244937981965012, -0.010924587042652513, 0.0, -0.0194701973206437, 0.03358911859537222, -0.9992460570491541, 0.0, 0.45861370808840957, -0.02600628856155461, 0.4036523431867658, 1.0]",
  "1783354584.25855": "[0.7243317002604519, -0.6884448236406902, -0.03724664817324934, 0.0, -0.6891768934806262, -0.7245107332317413, -0.010927347546336896, 0.0, -0.019462720524027137, 0.0335845535081809, -0.9992463561482023, 0.0, 0.4586142102298122, -0.02599504699753676, 0.4036564167209442, 1.0]",
  "1783354584.2791753": "[0.7243317002604519, -0.6884448236406902, -0.03724664817324934, 0.0, -0.6891768934806262, -0.7245107332317413, -0.010927347546336896, 0.0, -0.019462720524027137, 0.0335845535081809, -0.9992463561482023, 0.0, 0.4586142102298122, -0.02599504699753676, 0.4036564167209442, 1.0]",
  "1783354584.298308": "[0.7243317002604519, -0.6884448236406902, -0.03724664817324934, 0.0, -0.6891768934806262, -0.7245107332317413, -0.010927347546336896, 0.0, -0.019462720524027137, 0.0335845535081809, -0.9992463561482023, 0.0, 0.4586142102298122, -0.02599504699753676, 0.4036564167209442, 1.0]",
  "1783354584.3183532": "[0.7243335254838379, -0.6884424475732069, -0.03725506998472135, 0.0, -0.68917468803814, -0.724512917729957, -0.010921602902368452, 0.0, -0.019472884421335032, 0.033586134368766465, -0.9992461049964001, 0.0, 0.4586117682817683, -0.025997126934596295, 0.4036514289925355, 1.0]",
  "1783354584.3383455": "[0.7243335254838379, -0.6884424475732069, -0.03725506998472135, 0.0, -0.68917468803814, -0.724512917729957, -0.010921602902368452, 0.0, -0.019472884421335032, 0.033586134368766465, -0.9992461049964001, 0.0, 0.4586117682817683, -0.025997126934596295, 0.4036514289925355, 1.0]",
  "1783354584.3588898": "[0.7243335254838379, -0.6884424475732069, -0.03725506998472135, 0.0, -0.68917468803814, -0.724512917729957, -0.010921602902368452, 0.0, -0.019472884421335032, 0.033586134368766465, -0.9992461049964001, 0.0, 0.4586117682817683, -0.025997126934596295, 0.4036514289925355, 1.0]",
  "1783354584.3790822": "[0.7243357302360557, -0.6884398859470173, -0.03725954026363785, 0.0, -0.689172231334767, -0.7245152891957585, -0.01091930760828071, 0.0, -0.01947781970494543, 0.033587485152115015, -0.9992459634047552, 0.0, 0.4586122383204577, -0.025994933145754275, 0.4036502988571034, 1.0]",
  "1783354584.3982978": "[0.7243357302360557, -0.6884398859470173, -0.03725954026363785, 0.0, -0.689172231334767, -0.7245152891957585, -0.01091930760828071, 0.0, -0.01947781970494543, 0.033587485152115015, -0.9992459634047552, 0.0, 0.4586122383204577, -0.025994933145754275, 0.4036502988571034, 1.0]",
  "1783354584.4186683": "[0.7243357302360557, -0.6884398859470173, -0.03725954026363785, 0.0, -0.689172231334767, -0.7245152891957585, -0.01091930760828071, 0.0, -0.01947781970494543, 0.033587485152115015, -0.9992459634047552, 0.0, 0.4586122383204577, -0.025994933145754275, 0.4036502988571034, 1.0]",
  "1783354584.4383566": "[0.7243357302360557, -0.6884398859470173, -0.03725954026363785, 0.0, -0.689172231334767, -0.7245152891957585, -0.01091930760828071, 0.0, -0.01947781970494543, 0.033587485152115015, -0.9992459634047552, 0.0, 0.4586122383204577, -0.025994933145754275, 0.4036502988571034, 1.0]",
  "1783354584.458314": "[0.7243320176116188, -0.6884444447375059, -0.03724748008588879, 0.0, -0.6891765718377026, -0.7245110164314452, -0.010928856276212269, 0.0, -0.019462299265844335, 0.033586211151922174, -0.9992463086385386, 0.0, 0.4586132257378384, -0.025998637196392047, 0.40365674042656313, 1.0]",
  "1783354584.4789746": "[0.7243320176116188, -0.6884444447375059, -0.03724748008588879, 0.0, -0.6891765718377026, -0.7245110164314452, -0.010928856276212269, 0.0, -0.019462299265844335, 0.033586211151922174, -0.9992463086385386, 0.0, 0.4586132257378384, -0.025998637196392047, 0.40365674042656313, 1.0]",
  "1783354584.4982991": "[0.7243320176116188, -0.6884444447375059, -0.03724748008588879, 0.0, -0.6891765718377026, -0.7245110164314452, -0.010928856276212269, 0.0, -0.019462299265844335, 0.033586211151922174, -0.9992463086385386, 0.0, 0.4586132257378384, -0.025998637196392047, 0.40365674042656313, 1.0]",
  "1783354584.5183027": "[0.7243298822432491, -0.6884463269061744, -0.03725421665902917, 0.0, -0.689178681109745, -0.7245090099147751, -0.010928863442485162, 0.0, -0.019467079732545675, 0.033590914273194244, -0.9992460574277877, 0.0, 0.45861369910368605, -0.025997201852570633, 0.4036541358523875, 1.0]",
  "1783354584.5383432": "[0.7243298822432491, -0.6884463269061744, -0.03725421665902917, 0.0, -0.689178681109745, -0.7245090099147751, -0.010928863442485162, 0.0, -0.019467079732545675, 0.033590914273194244, -0.9992460574277877, 0.0, 0.45861369910368605, -0.025997201852570633, 0.4036541358523875, 1.0]",
  "1783354584.55841": "[0.7243298822432491, -0.6884463269061744, -0.03725421665902917, 0.0, -0.689178681109745, -0.7245090099147751, -0.010928863442485162, 0.0, -0.019467079732545675, 0.033590914273194244, -0.9992460574277877, 0.0, 0.45861369910368605, -0.025997201852570633, 0.4036541358523875, 1.0]",
  "1783354584.5782452": "[0.7243298822432491, -0.6884463269061744, -0.03725421665902917, 0.0, -0.689178681109745, -0.7245090099147751, -0.010928863442485162, 0.0, -0.019467079732545675, 0.033590914273194244, -0.9992460574277877, 0.0, 0.45861369910368605, -0.025997201852570633, 0.4036541358523875, 1.0]",
  "1783354584.5983114": "[0.7243349765888332, -0.6884413922498366, -0.03724635723343935, 0.0, -0.6891734549456293, -0.7245140013579467, -0.010927526463110541, 0.0, -0.01946254578309589, 0.033584390323539555, -0.9992463650362895, 0.0, 0.45861251109087575, -0.02599660570107341, 0.40365620191468554, 1.0]",
  "1783354584.6200657": "[0.7243349765888332, -0.6884413922498366, -0.03724635723343935, 0.0, -0.6891734549456293, -0.7245140013579467, -0.010927526463110541, 0.0, -0.01946254578309589, 0.033584390323539555, -0.9992463650362895, 0.0, 0.45861251109087575, -0.02599660570107341, 0.40365620191468554, 1.0]",
  "1783354584.6383274": "[0.7243349765888332, -0.6884413922498366, -0.03724635723343935, 0.0, -0.6891734549456293, -0.7245140013579467, -0.010927526463110541, 0.0, -0.01946254578309589, 0.033584390323539555, -0.9992463650362895, 0.0, 0.45861251109087575, -0.02599660570107341, 0.40365620191468554, 1.0]",
  "1783354584.6586146": "[0.7243259370193491, -0.6884502383056491, -0.03725864111769183, 0.0, -0.6891825769826861, -0.7245054318820656, -0.010920382634543802, 0.0, -0.019475947847171667, 0.0335879226847397, -0.999245985183417, 0.0, 0.45861221196349594, -0.026002249503022934, 0.4036503626548443, 1.0]",
  "1783354584.6783204": "[0.7243259370193491, -0.6884502383056491, -0.03725864111769183, 0.0, -0.6891825769826861, -0.7245054318820656, -0.010920382634543802, 0.0, -0.019475947847171667, 0.0335879226847397, -0.999245985183417, 0.0, 0.45861221196349594, -0.026002249503022934, 0.4036503626548443, 1.0]",
  "1783354584.6983008": "[0.7243259370193491, -0.6884502383056491, -0.03725864111769183, 0.0, -0.6891825769826861, -0.7245054318820656, -0.010920382634543802, 0.0, -0.019475947847171667, 0.0335879226847397, -0.999245985183417, 0.0, 0.45861221196349594, -0.026002249503022934, 0.4036503626548443, 1.0]",
  "1783354584.7183542": "[0.7243328978527472, -0.6884438474245549, -0.03724140211535798, 0.0, -0.6891758901091616, -0.7245115718709099, -0.010935022514261875, 0.0, -0.01945367781388208, 0.03358647299760539, -0.9992464677200985, 0.0, 0.45861338326531936, -0.025996299652380633, 0.40366072135192377, 1.0]",
  "1783354584.7383103": "[0.7243328978527472, -0.6884438474245549, -0.03724140211535798, 0.0, -0.6891758901091616, -0.7245115718709099, -0.010935022514261875, 0.0, -0.01945367781388208, 0.03358647299760539, -0.9992464677200985, 0.0, 0.45861338326531936, -0.025996299652380633, 0.40366072135192377, 1.0]",
  "1783354584.7583187": "[0.7243328978527472, -0.6884438474245549, -0.03724140211535798, 0.0, -0.6891758901091616, -0.7245115718709099, -0.010935022514261875, 0.0, -0.01945367781388208, 0.03358647299760539, -0.9992464677200985, 0.0, 0.45861338326531936, -0.025996299652380633, 0.40366072135192377, 1.0]",
  "1783354584.7782438": "[0.7243295088141388, -0.6884467273403599, -0.037254077299225585, 0.0, -0.6891789669985103, -0.7245088230768284, -0.010923219795237638, 0.0, -0.019470852778824335, 0.0335867369385163, -0.9992461243326833, 0.0, 0.45861334601075854, -0.026000223499714818, 0.40365250409837117, 1.0]",
  "1783354584.7983153": "[0.7243295088141388, -0.6884467273403599, -0.037254077299225585, 0.0, -0.6891789669985103, -0.7245088230768284, -0.010923219795237638, 0.0, -0.019470852778824335, 0.0335867369385163, -0.9992461243326833, 0.0, 0.45861334601075854, -0.026000223499714818, 0.40365250409837117, 1.0]",
